983 1675561633 1084,200000 -1,000000 -101,000000 0,000000 0,000000
983 1675561634 1084,200000 -1,000000 -101,000000 0,000000 0,000000
983 1675561635 1084,200000 -1,000000 -101,000000 0,000000 0,000000
983 1675561636 1084,200000 -1,000000 -101,000000 0,000000 0,000000
983 1675561637 1084,200000 -1,000000 -101,000000 0,000000 0,000000
983 1675561638 1567,000000 -1,000000 -101,000000 0,000000 0,000000
983 1675561639 1567,000000 -1,000000 -101,000000 0,000000 0,000000
983 1675561640 1567,000000 -1,000000 -101,000000 0,000000 0,000000
983 1675561641 1567,000000 -1,000000 -101,000000 0,000000 0,000000
983 1675561642 1567,000000 -1,000000 -101,000000 0,000000 0,000000
983 1675561643 2036,400000 -1,000000 -101,000000 0,000000 0,000000
983 1675561644 2036,400000 -1,000000 -101,000000 0,000000 0,000000
983 1675561645 2036,400000 -1,000000 -101,000000 0,000000 0,000000
983 1675561646 2036,400000 -1,000000 -101,000000 0,000000 0,000000
983 1675561647 2036,400000 -1,000000 -101,000000 0,000000 0,000000
983 1675561648 1084,400000 -1,000000 -101,000000 0,000000 0,000000
983 1675561649 1084,400000 -1,000000 -101,000000 0,000000 0,000000
983 1675561650 1084,400000 -1,000000 -101,000000 0,000000 0,000000
983 1675561651 1084,400000 -1,000000 -101,000000 0,000000 0,000000
983 1675561652 1084,400000 -1,000000 -101,000000 0,000000 0,000000
983 1675561653 3836,800000 -1,000000 -101,000000 0,000000 0,000000
983 1675561654 3836,800000 -1,000000 -101,000000 0,000000 0,000000
983 1675561655 3836,800000 -1,000000 -101,000000 0,000000 0,000000
983 1675561656 3836,800000 -1,000000 -101,000000 0,000000 0,000000
983 1675561657 3836,800000 -1,000000 -101,000000 0,000000 0,000000
983 1675561658 889,000000 -1,000000 -101,000000 0,000000 0,000000
983 1675561659 889,000000 -1,000000 -101,000000 0,000000 0,000000
983 1675561660 889,000000 -1,000000 -101,000000 0,000000 0,000000
983 1675561661 889,000000 -1,000000 -101,000000 0,000000 0,000000
983 1675561662 889,000000 -1,000000 -101,000000 0,000000 0,000000
983 1675561663 3447,400000 -1,000000 -101,000000 0,000000 0,000000
983 1675561664 3447,400000 -1,000000 -101,000000 0,000000 0,000000
983 1675561665 3447,400000 -1,000000 -101,000000 0,000000 0,000000
983 1675561666 3447,400000 -1,000000 -101,000000 0,000000 0,000000
983 1675561667 3447,400000 -1,000000 -101,000000 0,000000 0,000000
983 1675561668 22808,600000 -1,000000 -101,000000 0,000000 0,000000
983 1675561669 22808,600000 -1,000000 -101,000000 0,000000 0,000000
983 1675561670 22808,600000 -1,000000 -101,000000 0,000000 0,000000
983 1675561671 22808,600000 -1,000000 -101,000000 0,000000 0,000000
983 1675561672 22808,600000 -1,000000 -101,000000 0,000000 0,000000
983 1675561673 21992,400000 -1,000000 -101,000000 0,000000 0,000000
983 1675561674 21992,400000 -1,000000 -101,000000 0,000000 0,000000
983 1675561675 21992,400000 -1,000000 -101,000000 0,000000 0,000000
983 1675561676 21992,400000 -1,000000 -101,000000 0,000000 0,000000
983 1675561677 21992,400000 -1,000000 -101,000000 0,000000 0,000000
983 1675561678 20215,000000 -1,000000 -101,000000 0,000000 0,000000
983 1675561679 20215,000000 -1,000000 -101,000000 0,000000 0,000000
983 1675561680 20215,000000 -1,000000 -101,000000 0,000000 0,000000
983 1675561681 20215,000000 -1,000000 -101,000000 0,000000 0,000000
983 1675561682 20215,000000 -1,000000 -101,000000 0,000000 0,000000
983 1675561683 1570,000000 -1,000000 -101,000000 0,000000 0,000000
983 1675561684 1570,000000 -1,000000 -101,000000 0,000000 0,000000
983 1675561685 1570,000000 -1,000000 -101,000000 0,000000 0,000000
983 1675561686 1570,000000 -1,000000 -101,000000 0,000000 0,000000
983 1675561687 1570,000000 -1,000000 -101,000000 0,000000 0,000000
983 1675561688 2036,400000 -1,000000 -101,000000 0,000000 0,000000
983 1675561689 2036,400000 -1,000000 -101,000000 0,000000 0,000000
983 1675561690 2036,400000 -1,000000 -101,000000 0,000000 0,000000
983 1675561691 2036,400000 -1,000000 -101,000000 0,000000 0,000000
983 1675561692 2036,400000 -1,000000 -101,000000 0,000000 0,000000
983 1675561693 2943,000000 -1,000000 -101,000000 0,000000 0,000000
983 1675561694 2943,000000 -1,000000 -101,000000 0,000000 0,000000
983 1675561695 2943,000000 -1,000000 -101,000000 0,000000 0,000000
983 1675561696 2943,000000 -1,000000 -101,000000 0,000000 0,000000
983 1675561697 2943,000000 -1,000000 -101,000000 0,000000 0,000000
983 1675561698 2564,800000 -1,000000 -101,000000 0,000000 0,000000
983 1675561699 2564,800000 -1,000000 -101,000000 0,000000 0,000000
983 1675561700 2564,800000 -1,000000 -101,000000 0,000000 0,000000
983 1675561701 2564,800000 -1,000000 -101,000000 0,000000 0,000000
983 1675561702 2564,800000 -1,000000 -101,000000 0,000000 0,000000
983 1675561703 555,800000 -1,000000 -101,000000 0,000000 0,000000
983 1675561704 555,800000 -1,000000 -101,000000 0,000000 0,000000
983 1675561705 555,800000 -1,000000 -101,000000 0,000000 0,000000
983 1675561706 555,800000 -1,000000 -101,000000 0,000000 0,000000
983 1675561707 555,800000 -1,000000 -101,000000 0,000000 0,000000
983 1675561708 3120,800000 -1,000000 -101,000000 0,000000 0,000000
983 1675561709 3120,800000 -1,000000 -101,000000 0,000000 0,000000
983 1675561710 3120,800000 -1,000000 -101,000000 0,000000 0,000000
983 1675561711 3120,800000 -1,000000 -101,000000 0,000000 0,000000
983 1675561712 3120,800000 -1,000000 -101,000000 0,000000 0,000000
983 1675561713 2341,200000 -1,000000 -101,000000 0,000000 0,000000
983 1675561714 2341,200000 -1,000000 -101,000000 0,000000 0,000000
983 1675561715 2341,200000 -1,000000 -101,000000 0,000000 0,000000
983 1675561716 2341,200000 -1,000000 -101,000000 0,000000 0,000000
983 1675561717 2341,200000 -1,000000 -101,000000 0,000000 0,000000
983 1675561718 3715,000000 -1,000000 -101,000000 0,000000 0,000000
983 1675561719 3715,000000 -1,000000 -101,000000 0,000000 0,000000
983 1675561720 3715,000000 -1,000000 -101,000000 0,000000 0,000000
983 1675561721 3715,000000 -1,000000 -101,000000 0,000000 0,000000
983 1675561722 3715,000000 -1,000000 -101,000000 0,000000 0,000000
983 1675561723 5091,200000 -1,000000 -101,000000 0,000000 0,000000
983 1675561724 5091,200000 -1,000000 -101,000000 0,000000 0,000000
983 1675561725 5091,200000 -1,000000 -101,000000 0,000000 0,000000
983 1675561726 5091,200000 -1,000000 -101,000000 0,000000 0,000000
983 1675561727 5091,200000 -1,000000 -101,000000 0,000000 0,000000
983 1675561728 25752,800000 -1,000000 -101,000000 0,000000 0,000000
983 1675561729 25752,800000 -1,000000 -101,000000 0,000000 0,000000
983 1675561730 25752,800000 -1,000000 -101,000000 0,000000 0,000000
983 1675561731 25752,800000 -1,000000 -101,000000 0,000000 0,000000
983 1675561732 25752,800000 -1,000000 -101,000000 0,000000 0,000000
983 1675561733 19539,000000 -1,000000 -101,000000 0,000000 0,000000
983 1675561734 19539,000000 -1,000000 -101,000000 0,000000 0,000000
983 1675561735 19539,000000 -1,000000 -101,000000 0,000000 0,000000
983 1675561736 19539,000000 -1,000000 -101,000000 0,000000 0,000000
983 1675561737 19539,000000 -1,000000 -101,000000 0,000000 0,000000
983 1675561738 3248,200000 -1,000000 -101,000000 0,000000 0,000000
983 1675561739 3248,200000 -1,000000 -101,000000 0,000000 0,000000
983 1675561740 3248,200000 -1,000000 -101,000000 0,000000 0,000000
983 1675561741 3248,200000 -1,000000 -101,000000 0,000000 0,000000
983 1675561742 3248,200000 -1,000000 -101,000000 0,000000 0,000000
983 1675561743 3622,600000 -1,000000 -101,000000 0,000000 0,000000
983 1675561744 3622,600000 -1,000000 -101,000000 0,000000 0,000000
983 1675561745 3622,600000 -1,000000 -101,000000 0,000000 0,000000
983 1675561746 3622,600000 -1,000000 -101,000000 0,000000 0,000000
983 1675561747 3622,600000 -1,000000 -101,000000 0,000000 0,000000
983 1675561748 292,000000 -1,000000 -101,000000 0,000000 0,000000
983 1675561749 292,000000 -1,000000 -101,000000 0,000000 0,000000
983 1675561750 292,000000 -1,000000 -101,000000 0,000000 0,000000
983 1675561751 292,000000 -1,000000 -101,000000 0,000000 0,000000
983 1675561752 292,000000 -1,000000 -101,000000 0,000000 0,000000
983 1675561753 3735,000000 -1,000000 -101,000000 0,000000 0,000000
983 1675561754 3735,000000 -1,000000 -101,000000 0,000000 0,000000
983 1675561755 3735,000000 -1,000000 -101,000000 0,000000 0,000000
983 1675561756 3735,000000 -1,000000 -101,000000 0,000000 0,000000
983 1675561757 3735,000000 -1,000000 -101,000000 0,000000 0,000000
983 1675561758 4226,400000 -1,000000 -101,000000 0,000000 0,000000
983 1675561759 4226,400000 -1,000000 -101,000000 0,000000 0,000000
983 1675561760 4226,400000 -1,000000 -101,000000 0,000000 0,000000
983 1675561761 4226,400000 -1,000000 -101,000000 0,000000 0,000000
983 1675561762 4226,400000 -1,000000 -101,000000 0,000000 0,000000
983 1675561763 25172,000000 -1,000000 -101,000000 0,000000 0,000000
983 1675561764 25172,000000 -1,000000 -101,000000 0,000000 0,000000
983 1675561765 25172,000000 -1,000000 -101,000000 0,000000 0,000000
983 1675561766 25172,000000 -1,000000 -101,000000 0,000000 0,000000
983 1675561767 25172,000000 -1,000000 -101,000000 0,000000 0,000000
983 1675561768 23437,000000 -1,000000 -101,000000 0,000000 0,000000
983 1675561769 23437,000000 -1,000000 -101,000000 0,000000 0,000000
983 1675561770 23437,000000 -1,000000 -101,000000 0,000000 0,000000
983 1675561771 23437,000000 -1,000000 -101,000000 0,000000 0,000000
983 1675561772 23437,000000 -1,000000 -101,000000 0,000000 0,000000
983 1675561773 19475,000000 -1,000000 -101,000000 0,000000 0,000000
983 1675561774 19475,000000 -1,000000 -101,000000 0,000000 0,000000
983 1675561775 19475,000000 -1,000000 -101,000000 0,000000 0,000000
983 1675561776 19475,000000 -1,000000 -101,000000 0,000000 0,000000
983 1675561777 19475,000000 -1,000000 -101,000000 0,000000 0,000000
983 1675561778 18299,200000 -1,000000 -101,000000 0,000000 0,000000
983 1675561779 18299,200000 -1,000000 -101,000000 0,000000 0,000000
983 1675561780 18299,200000 -1,000000 -101,000000 0,000000 0,000000
983 1675561781 18299,200000 -1,000000 -101,000000 0,000000 0,000000
983 1675561782 18299,200000 -1,000000 -101,000000 0,000000 0,000000
983 1675561783 2658,600000 -1,000000 -101,000000 0,000000 0,000000
983 1675561784 2658,600000 -1,000000 -101,000000 0,000000 0,000000
983 1675561785 2658,600000 -1,000000 -101,000000 0,000000 0,000000
983 1675561786 2658,600000 -1,000000 -101,000000 0,000000 0,000000
983 1675561787 2658,600000 -1,000000 -101,000000 0,000000 0,000000
983 1675561788 21471,000000 -1,000000 -101,000000 0,000000 0,000000
983 1675561789 21471,000000 -1,000000 -101,000000 0,000000 0,000000
983 1675561790 21471,000000 -1,000000 -101,000000 0,000000 0,000000
983 1675561791 21471,000000 -1,000000 -101,000000 0,000000 0,000000
983 1675561792 21471,000000 -1,000000 -101,000000 0,000000 0,000000
983 1675561793 4476,000000 -1,000000 -101,000000 0,000000 0,000000
983 1675561794 4476,000000 -1,000000 -101,000000 0,000000 0,000000
983 1675561795 4476,000000 -1,000000 -101,000000 0,000000 0,000000
983 1675561796 4476,000000 -1,000000 -101,000000 0,000000 0,000000
983 1675561797 4476,000000 -1,000000 -101,000000 0,000000 0,000000
983 1675561798 22739,800000 -1,000000 -101,000000 0,000000 0,000000
983 1675561799 22739,800000 -1,000000 -101,000000 0,000000 0,000000
983 1675561800 22739,800000 -1,000000 -101,000000 0,000000 0,000000
983 1675561801 22739,800000 -1,000000 -101,000000 0,000000 0,000000
983 1675561802 22739,800000 -1,000000 -101,000000 0,000000 0,000000
983 1675561803 5659,000000 -1,000000 -101,000000 0,000000 0,000000
983 1675561804 5659,000000 -1,000000 -101,000000 0,000000 0,000000
983 1675561805 5659,000000 -1,000000 -101,000000 0,000000 0,000000
983 1675561806 5659,000000 -1,000000 -101,000000 0,000000 0,000000
983 1675561807 5659,000000 -1,000000 -101,000000 0,000000 0,000000
983 1675561808 1067,400000 -1,000000 -101,000000 0,000000 0,000000
983 1675561809 1067,400000 -1,000000 -101,000000 0,000000 0,000000
983 1675561810 1067,400000 -1,000000 -101,000000 0,000000 0,000000
983 1675561811 1067,400000 -1,000000 -101,000000 0,000000 0,000000
983 1675561812 1067,400000 -1,000000 -101,000000 0,000000 0,000000
983 1675561813 3248,200000 -1,000000 -101,000000 0,000000 0,000000
983 1675561814 3248,200000 -1,000000 -101,000000 0,000000 0,000000
983 1675561815 3248,200000 -1,000000 -101,000000 0,000000 0,000000
983 1675561816 3248,200000 -1,000000 -101,000000 0,000000 0,000000
983 1675561817 3248,200000 -1,000000 -101,000000 0,000000 0,000000
983 1675561818 5789,800000 -1,000000 -101,000000 0,000000 0,000000
983 1675561819 5789,800000 -1,000000 -101,000000 0,000000 0,000000
983 1675561820 5789,800000 -1,000000 -101,000000 0,000000 0,000000
983 1675561821 5789,800000 -1,000000 -101,000000 0,000000 0,000000
983 1675561822 5789,800000 -1,000000 -101,000000 0,000000 0,000000
983 1675561823 3435,200000 -1,000000 -101,000000 0,000000 0,000000
983 1675561824 3435,200000 -1,000000 -101,000000 0,000000 0,000000
983 1675561825 3435,200000 -1,000000 -101,000000 0,000000 0,000000
983 1675561826 3435,200000 -1,000000 -101,000000 0,000000 0,000000
983 1675561827 3435,200000 -1,000000 -101,000000 0,000000 0,000000
983 1675561828 7806,600000 -1,000000 -101,000000 0,000000 0,000000
983 1675561829 7806,600000 -1,000000 -101,000000 0,000000 0,000000
983 1675561830 7806,600000 -1,000000 -101,000000 0,000000 0,000000
983 1675561831 7806,600000 -1,000000 -101,000000 0,000000 0,000000
983 1675561832 7806,600000 -1,000000 -101,000000 0,000000 0,000000
983 1675561833 4198,800000 -1,000000 -101,000000 0,000000 0,000000
983 1675561834 4198,800000 -1,000000 -101,000000 0,000000 0,000000
983 1675561835 4198,800000 -1,000000 -101,000000 0,000000 0,000000
983 1675561836 4198,800000 -1,000000 -101,000000 0,000000 0,000000
983 1675561837 4198,800000 -1,000000 -101,000000 0,000000 0,000000
983 1675561838 4336,200000 -1,000000 -101,000000 0,000000 0,000000
983 1675561839 4336,200000 -1,000000 -101,000000 0,000000 0,000000
983 1675561840 4336,200000 -1,000000 -101,000000 0,000000 0,000000
983 1675561841 4336,200000 -1,000000 -101,000000 0,000000 0,000000
983 1675561842 4336,200000 -1,000000 -101,000000 0,000000 0,000000
983 1675561843 25718,200000 -1,000000 -101,000000 0,000000 0,000000
983 1675561844 25718,200000 -1,000000 -101,000000 0,000000 0,000000
983 1675561845 25718,200000 -1,000000 -101,000000 0,000000 0,000000
983 1675561846 25718,200000 -1,000000 -101,000000 0,000000 0,000000
983 1675561847 25718,200000 -1,000000 -101,000000 0,000000 0,000000
983 1675561848 44303,800000 -1,000000 -101,000000 0,000000 0,000000
983 1675561849 44303,800000 -1,000000 -101,000000 0,000000 0,000000
983 1675561850 44303,800000 -1,000000 -101,000000 0,000000 0,000000
983 1675561851 44303,800000 -1,000000 -101,000000 0,000000 0,000000
983 1675561852 44303,800000 -1,000000 -101,000000 0,000000 0,000000
983 1675561853 2835,600000 -1,000000 -101,000000 0,000000 0,000000
983 1675561854 2835,600000 -1,000000 -101,000000 0,000000 0,000000
983 1675561855 2835,600000 -1,000000 -101,000000 0,000000 0,000000
983 1675561856 2835,600000 -1,000000 -101,000000 0,000000 0,000000
983 1675561857 2835,600000 -1,000000 -101,000000 0,000000 0,000000
983 1675561858 4567,200000 -1,000000 -101,000000 0,000000 0,000000
983 1675561859 4567,200000 -1,000000 -101,000000 0,000000 0,000000
983 1675561860 4567,200000 -1,000000 -101,000000 0,000000 0,000000
983 1675561861 4567,200000 -1,000000 -101,000000 0,000000 0,000000
983 1675561862 4567,200000 -1,000000 -101,000000 0,000000 0,000000
983 1675561863 39192,000000 -1,000000 -101,000000 0,000000 0,000000
983 1675561864 39192,000000 -1,000000 -101,000000 0,000000 0,000000
983 1675561865 39192,000000 -1,000000 -101,000000 0,000000 0,000000
983 1675561866 39192,000000 -1,000000 -101,000000 0,000000 0,000000
983 1675561867 39192,000000 -1,000000 -101,000000 0,000000 0,000000
983 1675561868 20120,600000 -1,000000 -101,000000 0,000000 0,000000
983 1675561869 20120,600000 -1,000000 -101,000000 0,000000 0,000000
983 1675561870 20120,600000 -1,000000 -101,000000 0,000000 0,000000
983 1675561871 20120,600000 -1,000000 -101,000000 0,000000 0,000000
983 1675561872 20120,600000 -1,000000 -101,000000 0,000000 0,000000
983 1675561873 17504,400000 -1,000000 -101,000000 0,000000 0,000000
983 1675561874 17504,400000 -1,000000 -101,000000 0,000000 0,000000
983 1675561875 17504,400000 -1,000000 -101,000000 0,000000 0,000000
983 1675561876 17504,400000 -1,000000 -101,000000 0,000000 0,000000
983 1675561877 17504,400000 -1,000000 -101,000000 0,000000 0,000000
983 1675561878 19084,800000 -1,000000 -101,000000 0,000000 0,000000
983 1675561879 19084,800000 -1,000000 -101,000000 0,000000 0,000000
983 1675561880 19084,800000 -1,000000 -101,000000 0,000000 0,000000
983 1675561881 19084,800000 -1,000000 -101,000000 0,000000 0,000000
983 1675561882 19084,800000 -1,000000 -101,000000 0,000000 0,000000
983 1675561883 2137,200000 -1,000000 -101,000000 0,000000 0,000000
983 1675561884 2137,200000 -1,000000 -101,000000 0,000000 0,000000
983 1675561885 2137,200000 -1,000000 -101,000000 0,000000 0,000000
983 1675561886 2137,200000 -1,000000 -101,000000 0,000000 0,000000
983 1675561887 2137,200000 -1,000000 -101,000000 0,000000 0,000000
983 1675561888 6390,000000 -1,000000 -101,000000 0,000000 0,000000
983 1675561889 6390,000000 -1,000000 -101,000000 0,000000 0,000000
983 1675561890 6390,000000 -1,000000 -101,000000 0,000000 0,000000
983 1675561891 6390,000000 -1,000000 -101,000000 0,000000 0,000000
983 1675561892 6390,000000 -1,000000 -101,000000 0,000000 0,000000
983 1675561893 8779,800000 -1,000000 -101,000000 0,000000 0,000000
983 1675561894 8779,800000 -1,000000 -101,000000 0,000000 0,000000
983 1675561895 8779,800000 -1,000000 -101,000000 0,000000 0,000000
983 1675561896 8779,800000 -1,000000 -101,000000 0,000000 0,000000
983 1675561897 8779,800000 -1,000000 -101,000000 0,000000 0,000000
983 1675561898 3412,800000 -1,000000 -101,000000 0,000000 0,000000
983 1675561899 3412,800000 -1,000000 -101,000000 0,000000 0,000000
983 1675561900 3412,800000 -1,000000 -101,000000 0,000000 0,000000
983 1675561901 3412,800000 -1,000000 -101,000000 0,000000 0,000000
983 1675561902 3412,800000 -1,000000 -101,000000 0,000000 0,000000
983 1675561903 3626,800000 -1,000000 -101,000000 0,000000 0,000000
983 1675561904 3626,800000 -1,000000 -101,000000 0,000000 0,000000
983 1675561905 3626,800000 -1,000000 -101,000000 0,000000 0,000000
983 1675561906 3626,800000 -1,000000 -101,000000 0,000000 0,000000
983 1675561907 3626,800000 -1,000000 -101,000000 0,000000 0,000000
983 1675561908 3452,000000 -1,000000 -101,000000 0,000000 0,000000
983 1675561909 3452,000000 -1,000000 -101,000000 0,000000 0,000000
983 1675561910 3452,000000 -1,000000 -101,000000 0,000000 0,000000
983 1675561911 3452,000000 -1,000000 -101,000000 0,000000 0,000000
983 1675561912 3452,000000 -1,000000 -101,000000 0,000000 0,000000
983 1675561913 38506,200000 -1,000000 -101,000000 0,000000 0,000000
983 1675561914 38506,200000 -1,000000 -101,000000 0,000000 0,000000
983 1675561915 38506,200000 -1,000000 -101,000000 0,000000 0,000000
983 1675561916 38506,200000 -1,000000 -101,000000 0,000000 0,000000
983 1675561917 38506,200000 -1,000000 -101,000000 0,000000 0,000000
983 1675561918 3946,600000 -1,000000 -101,000000 0,000000 0,000000
983 1675561919 3946,600000 -1,000000 -101,000000 0,000000 0,000000
983 1675561920 3946,600000 -1,000000 -101,000000 0,000000 0,000000
983 1675561921 3946,600000 -1,000000 -101,000000 0,000000 0,000000
983 1675561922 3946,600000 -1,000000 -101,000000 0,000000 0,000000
983 1675561923 20435,200000 -1,000000 -101,000000 0,000000 0,000000
983 1675561924 20435,200000 -1,000000 -101,000000 0,000000 0,000000
983 1675561925 20435,200000 -1,000000 -101,000000 0,000000 0,000000
983 1675561926 20435,200000 -1,000000 -101,000000 0,000000 0,000000
983 1675561927 20435,200000 -1,000000 -101,000000 0,000000 0,000000
983 1675561928 1152,200000 -1,000000 -101,000000 0,000000 0,000000
983 1675561929 1152,200000 -1,000000 -101,000000 0,000000 0,000000
983 1675561930 1152,200000 -1,000000 -101,000000 0,000000 0,000000
983 1675561931 1152,200000 -1,000000 -101,000000 0,000000 0,000000
983 1675561932 1152,200000 -1,000000 -101,000000 0,000000 0,000000
983 1675561933 1640,000000 -1,000000 -101,000000 0,000000 0,000000
983 1675561934 1640,000000 -1,000000 -101,000000 0,000000 0,000000
983 1675561935 1640,000000 -1,000000 -101,000000 0,000000 0,000000
983 1675561936 1640,000000 -1,000000 -101,000000 0,000000 0,000000
983 1675561937 1640,000000 -1,000000 -101,000000 0,000000 0,000000
983 1675561938 1570,400000 -1,000000 -101,000000 0,000000 0,000000
983 1675561939 1570,400000 -1,000000 -101,000000 0,000000 0,000000
983 1675561940 1570,400000 -1,000000 -101,000000 0,000000 0,000000
983 1675561941 1570,400000 -1,000000 -101,000000 0,000000 0,000000
983 1675561942 1570,400000 -1,000000 -101,000000 0,000000 0,000000
983 1675561943 6372,000000 -1,000000 -101,000000 0,000000 0,000000
983 1675561944 6372,000000 -1,000000 -101,000000 0,000000 0,000000
983 1675561945 6372,000000 -1,000000 -101,000000 0,000000 0,000000
983 1675561946 6372,000000 -1,000000 -101,000000 0,000000 0,000000
983 1675561947 6372,000000 -1,000000 -101,000000 0,000000 0,000000
983 1675561948 6355,400000 -1,000000 -101,000000 0,000000 0,000000
983 1675561949 6355,400000 -1,000000 -101,000000 0,000000 0,000000
983 1675561950 6355,400000 -1,000000 -101,000000 0,000000 0,000000
983 1675561951 6355,400000 -1,000000 -101,000000 0,000000 0,000000
983 1675561952 6355,400000 -1,000000 -101,000000 0,000000 0,000000
983 1675561953 29582,200000 -1,000000 -101,000000 0,000000 0,000000
983 1675561954 29582,200000 -1,000000 -101,000000 0,000000 0,000000
983 1675561955 29582,200000 -1,000000 -101,000000 0,000000 0,000000
983 1675561956 29582,200000 -1,000000 -101,000000 0,000000 0,000000
983 1675561957 29582,200000 -1,000000 -101,000000 0,000000 0,000000
983 1675561958 4985,400000 -1,000000 -101,000000 0,000000 0,000000
983 1675561959 4985,400000 -1,000000 -101,000000 0,000000 0,000000
983 1675561960 4985,400000 -1,000000 -101,000000 0,000000 0,000000
983 1675561961 4985,400000 -1,000000 -101,000000 0,000000 0,000000
983 1675561962 4985,400000 -1,000000 -101,000000 0,000000 0,000000
983 1675561963 20130,600000 -1,000000 -101,000000 0,000000 0,000000
983 1675561964 20130,600000 -1,000000 -101,000000 0,000000 0,000000
983 1675561965 20130,600000 -1,000000 -101,000000 0,000000 0,000000
983 1675561966 20130,600000 -1,000000 -101,000000 0,000000 0,000000
983 1675561967 20130,600000 -1,000000 -101,000000 0,000000 0,000000
983 1675561968 16374,800000 -1,000000 -101,000000 0,000000 0,000000
983 1675561969 16374,800000 -1,000000 -101,000000 0,000000 0,000000
983 1675561970 16374,800000 -1,000000 -101,000000 0,000000 0,000000
983 1675561971 16374,800000 -1,000000 -101,000000 0,000000 0,000000
983 1675561972 16374,800000 -1,000000 -101,000000 0,000000 0,000000
983 1675561973 24338,800000 -1,000000 -101,000000 0,000000 0,000000
983 1675561974 24338,800000 -1,000000 -101,000000 0,000000 0,000000
983 1675561975 24338,800000 -1,000000 -101,000000 0,000000 0,000000
983 1675561976 24338,800000 -1,000000 -101,000000 0,000000 0,000000
983 1675561977 24338,800000 -1,000000 -101,000000 0,000000 0,000000
983 1675561978 22373,200000 -1,000000 -101,000000 0,000000 0,000000
983 1675561979 22373,200000 -1,000000 -101,000000 0,000000 0,000000
983 1675561980 22373,200000 -1,000000 -101,000000 0,000000 0,000000
983 1675561981 22373,200000 -1,000000 -101,000000 0,000000 0,000000
983 1675561982 22373,200000 -1,000000 -101,000000 0,000000 0,000000
983 1675561983 1084,400000 -1,000000 -101,000000 0,000000 0,000000
983 1675561984 1084,400000 -1,000000 -101,000000 0,000000 0,000000
983 1675561985 1084,400000 -1,000000 -101,000000 0,000000 0,000000
983 1675561986 1084,400000 -1,000000 -101,000000 0,000000 0,000000
983 1675561987 1084,400000 -1,000000 -101,000000 0,000000 0,000000
983 1675561988 24524,800000 -1,000000 -101,000000 0,000000 0,000000
983 1675561989 24524,800000 -1,000000 -101,000000 0,000000 0,000000
983 1675561990 24524,800000 -1,000000 -101,000000 0,000000 0,000000
983 1675561991 24524,800000 -1,000000 -101,000000 0,000000 0,000000
983 1675561992 24524,800000 -1,000000 -101,000000 0,000000 0,000000
983 1675561993 2592,800000 -1,000000 -101,000000 0,000000 0,000000
983 1675561994 2592,800000 -1,000000 -101,000000 0,000000 0,000000
983 1675561995 2592,800000 -1,000000 -101,000000 0,000000 0,000000
983 1675561996 2592,800000 -1,000000 -101,000000 0,000000 0,000000
983 1675561997 2592,800000 -1,000000 -101,000000 0,000000 0,000000
983 1675561998 766,800000 -1,000000 -101,000000 0,000000 0,000000
983 1675561999 766,800000 -1,000000 -101,000000 0,000000 0,000000
983 1675562000 766,800000 -1,000000 -101,000000 0,000000 0,000000
983 1675562001 766,800000 -1,000000 -101,000000 0,000000 0,000000
983 1675562002 766,800000 -1,000000 -101,000000 0,000000 0,000000
983 1675562003 596,800000 -1,000000 -101,000000 0,000000 0,000000
983 1675562004 596,800000 -1,000000 -101,000000 0,000000 0,000000
983 1675562005 596,800000 -1,000000 -101,000000 0,000000 0,000000
983 1675562006 596,800000 -1,000000 -101,000000 0,000000 0,000000
983 1675562007 596,800000 -1,000000 -101,000000 0,000000 0,000000
983 1675562008 1641,000000 -1,000000 -101,000000 0,000000 0,000000
983 1675562009 1641,000000 -1,000000 -101,000000 0,000000 0,000000
983 1675562010 1641,000000 -1,000000 -101,000000 0,000000 0,000000
983 1675562011 1641,000000 -1,000000 -101,000000 0,000000 0,000000
983 1675562012 1641,000000 -1,000000 -101,000000 0,000000 0,000000
983 1675562013 1571,400000 -1,000000 -101,000000 0,000000 0,000000
983 1675562014 1571,400000 -1,000000 -101,000000 0,000000 0,000000
983 1675562015 1571,400000 -1,000000 -101,000000 0,000000 0,000000
983 1675562016 1571,400000 -1,000000 -101,000000 0,000000 0,000000
983 1675562017 1571,400000 -1,000000 -101,000000 0,000000 0,000000
983 1675562018 4204,400000 -1,000000 -101,000000 0,000000 0,000000
983 1675562019 4204,400000 -1,000000 -101,000000 0,000000 0,000000
983 1675562020 4204,400000 -1,000000 -101,000000 0,000000 0,000000
983 1675562021 4204,400000 -1,000000 -101,000000 0,000000 0,000000
983 1675562022 4204,400000 -1,000000 -101,000000 0,000000 0,000000
983 1675562023 5866,600000 -1,000000 -101,000000 0,000000 0,000000
983 1675562024 5866,600000 -1,000000 -101,000000 0,000000 0,000000
983 1675562025 5866,600000 -1,000000 -101,000000 0,000000 0,000000
983 1675562026 5866,600000 -1,000000 -101,000000 0,000000 0,000000
983 1675562027 5866,600000 -1,000000 -101,000000 0,000000 0,000000
983 1675562028 8168,400000 -1,000000 -101,000000 0,000000 0,000000
983 1675562029 8168,400000 -1,000000 -101,000000 0,000000 0,000000
983 1675562030 8168,400000 -1,000000 -101,000000 0,000000 0,000000
983 1675562031 8168,400000 -1,000000 -101,000000 0,000000 0,000000
983 1675562032 8168,400000 -1,000000 -101,000000 0,000000 0,000000
983 1675562033 3690,400000 -1,000000 -101,000000 0,000000 0,000000
983 1675562034 3690,400000 -1,000000 -101,000000 0,000000 0,000000
983 1675562035 3690,400000 -1,000000 -101,000000 0,000000 0,000000
983 1675562036 3690,400000 -1,000000 -101,000000 0,000000 0,000000
983 1675562037 3690,400000 -1,000000 -101,000000 0,000000 0,000000
983 1675562038 2931,000000 -1,000000 -101,000000 0,000000 0,000000
983 1675562039 2931,000000 -1,000000 -101,000000 0,000000 0,000000
983 1675562040 2931,000000 -1,000000 -101,000000 0,000000 0,000000
983 1675562041 2931,000000 -1,000000 -101,000000 0,000000 0,000000
983 1675562042 2931,000000 -1,000000 -101,000000 0,000000 0,000000
983 1675562043 1394,200000 -1,000000 -101,000000 0,000000 0,000000
983 1675562044 1394,200000 -1,000000 -101,000000 0,000000 0,000000
983 1675562045 1394,200000 -1,000000 -101,000000 0,000000 0,000000
983 1675562046 1394,200000 -1,000000 -101,000000 0,000000 0,000000
983 1675562047 1394,200000 -1,000000 -101,000000 0,000000 0,000000
983 1675562048 19999,000000 -1,000000 -101,000000 0,000000 0,000000
983 1675562049 19999,000000 -1,000000 -101,000000 0,000000 0,000000
983 1675562050 19999,000000 -1,000000 -101,000000 0,000000 0,000000
983 1675562051 19999,000000 -1,000000 -101,000000 0,000000 0,000000
983 1675562052 19999,000000 -1,000000 -101,000000 0,000000 0,000000
983 1675562053 2724,400000 -1,000000 -101,000000 0,000000 0,000000
983 1675562054 2724,400000 -1,000000 -101,000000 0,000000 0,000000
983 1675562055 2724,400000 -1,000000 -101,000000 0,000000 0,000000
983 1675562056 2724,400000 -1,000000 -101,000000 0,000000 0,000000
983 1675562057 2724,400000 -1,000000 -101,000000 0,000000 0,000000
983 1675562058 4225,800000 -1,000000 -101,000000 0,000000 0,000000
983 1675562059 4225,800000 -1,000000 -101,000000 0,000000 0,000000
983 1675562060 4225,800000 -1,000000 -101,000000 0,000000 0,000000
983 1675562061 4225,800000 -1,000000 -101,000000 0,000000 0,000000
983 1675562062 4225,800000 -1,000000 -101,000000 0,000000 0,000000
983 1675562063 44172,400000 -1,000000 -101,000000 0,000000 0,000000
983 1675562064 44172,400000 -1,000000 -101,000000 0,000000 0,000000
983 1675562065 44172,400000 -1,000000 -101,000000 0,000000 0,000000
983 1675562066 44172,400000 -1,000000 -101,000000 0,000000 0,000000
983 1675562067 44172,400000 -1,000000 -101,000000 0,000000 0,000000
983 1675562068 25303,800000 -1,000000 -101,000000 0,000000 0,000000
983 1675562069 25303,800000 -1,000000 -101,000000 0,000000 0,000000
983 1675562070 25303,800000 -1,000000 -101,000000 0,000000 0,000000
983 1675562071 25303,800000 -1,000000 -101,000000 0,000000 0,000000
983 1675562072 25303,800000 -1,000000 -101,000000 0,000000 0,000000
983 1675562073 22203,000000 -1,000000 -101,000000 0,000000 0,000000
983 1675562074 22203,000000 -1,000000 -101,000000 0,000000 0,000000
983 1675562075 22203,000000 -1,000000 -101,000000 0,000000 0,000000
983 1675562076 22203,000000 -1,000000 -101,000000 0,000000 0,000000
983 1675562077 22203,000000 -1,000000 -101,000000 0,000000 0,000000
983 1675562078 22172,000000 -1,000000 -101,000000 0,000000 0,000000
983 1675562079 22172,000000 -1,000000 -101,000000 0,000000 0,000000
983 1675562080 22172,000000 -1,000000 -101,000000 0,000000 0,000000
983 1675562081 22172,000000 -1,000000 -101,000000 0,000000 0,000000
983 1675562082 22172,000000 -1,000000 -101,000000 0,000000 0,000000
983 1675562083 3986,800000 -1,000000 -101,000000 0,000000 0,000000
983 1675562084 3986,800000 -1,000000 -101,000000 0,000000 0,000000
983 1675562085 3986,800000 -1,000000 -101,000000 0,000000 0,000000
983 1675562086 3986,800000 -1,000000 -101,000000 0,000000 0,000000
983 1675562087 3986,800000 -1,000000 -101,000000 0,000000 0,000000
983 1675562088 3973,400000 -1,000000 -101,000000 0,000000 0,000000
983 1675562089 3973,400000 -1,000000 -101,000000 0,000000 0,000000
983 1675562090 3973,400000 -1,000000 -101,000000 0,000000 0,000000
983 1675562091 3973,400000 -1,000000 -101,000000 0,000000 0,000000
983 1675562092 3973,400000 -1,000000 -101,000000 0,000000 0,000000
983 1675562093 2645,600000 -1,000000 -101,000000 0,000000 0,000000
983 1675562094 2645,600000 -1,000000 -101,000000 0,000000 0,000000
983 1675562095 2645,600000 -1,000000 -101,000000 0,000000 0,000000
983 1675562096 2645,600000 -1,000000 -101,000000 0,000000 0,000000
983 1675562097 2645,600000 -1,000000 -101,000000 0,000000 0,000000
983 1675562098 25726,800000 -1,000000 -101,000000 0,000000 0,000000
983 1675562099 25726,800000 -1,000000 -101,000000 0,000000 0,000000
983 1675562100 25726,800000 -1,000000 -101,000000 0,000000 0,000000
983 1675562101 25726,800000 -1,000000 -101,000000 0,000000 0,000000
983 1675562102 25726,800000 -1,000000 -101,000000 0,000000 0,000000
983 1675562103 11091,800000 -1,000000 -101,000000 0,000000 0,000000
983 1675562104 11091,800000 -1,000000 -101,000000 0,000000 0,000000
983 1675562105 11091,800000 -1,000000 -101,000000 0,000000 0,000000
983 1675562106 11091,800000 -1,000000 -101,000000 0,000000 0,000000
983 1675562107 11091,800000 -1,000000 -101,000000 0,000000 0,000000
983 1675562108 2620,400000 -1,000000 -101,000000 0,000000 0,000000
983 1675562109 2620,400000 -1,000000 -101,000000 0,000000 0,000000
983 1675562110 2620,400000 -1,000000 -101,000000 0,000000 0,000000
983 1675562111 2620,400000 -1,000000 -101,000000 0,000000 0,000000
983 1675562112 2620,400000 -1,000000 -101,000000 0,000000 0,000000
983 1675562113 4679,600000 -1,000000 -101,000000 0,000000 0,000000
983 1675562114 4679,600000 -1,000000 -101,000000 0,000000 0,000000
983 1675562115 4679,600000 -1,000000 -101,000000 0,000000 0,000000
983 1675562116 4679,600000 -1,000000 -101,000000 0,000000 0,000000
983 1675562117 4679,600000 -1,000000 -101,000000 0,000000 0,000000
983 1675562118 1194,400000 -1,000000 -101,000000 0,000000 0,000000
983 1675562119 1194,400000 -1,000000 -101,000000 0,000000 0,000000
983 1675562120 1194,400000 -1,000000 -101,000000 0,000000 0,000000
983 1675562121 1194,400000 -1,000000 -101,000000 0,000000 0,000000
983 1675562122 1194,400000 -1,000000 -101,000000 0,000000 0,000000
983 1675562123 1357,800000 -1,000000 -101,000000 0,000000 0,000000
983 1675562124 1357,800000 -1,000000 -101,000000 0,000000 0,000000
983 1675562125 1357,800000 -1,000000 -101,000000 0,000000 0,000000
983 1675562126 1357,800000 -1,000000 -101,000000 0,000000 0,000000
983 1675562127 1357,800000 -1,000000 -101,000000 0,000000 0,000000
983 1675562128 1083,600000 -1,000000 -101,000000 0,000000 0,000000
983 1675562129 1083,600000 -1,000000 -101,000000 0,000000 0,000000
983 1675562130 1083,600000 -1,000000 -101,000000 0,000000 0,000000
983 1675562131 1083,600000 -1,000000 -101,000000 0,000000 0,000000
983 1675562132 1083,600000 -1,000000 -101,000000 0,000000 0,000000
983 1675562133 2654,800000 -1,000000 -101,000000 0,000000 0,000000
983 1675562134 2654,800000 -1,000000 -101,000000 0,000000 0,000000
983 1675562135 2654,800000 -1,000000 -101,000000 0,000000 0,000000
983 1675562136 2654,800000 -1,000000 -101,000000 0,000000 0,000000
983 1675562137 2654,800000 -1,000000 -101,000000 0,000000 0,000000
983 1675562138 4692,200000 -1,000000 -101,000000 0,000000 0,000000
983 1675562139 4692,200000 -1,000000 -101,000000 0,000000 0,000000
983 1675562140 4692,200000 -1,000000 -101,000000 0,000000 0,000000
983 1675562141 4692,200000 -1,000000 -101,000000 0,000000 0,000000
983 1675562142 4692,200000 -1,000000 -101,000000 0,000000 0,000000
983 1675562143 2036,400000 -1,000000 -101,000000 0,000000 0,000000
983 1675562144 2036,400000 -1,000000 -101,000000 0,000000 0,000000
983 1675562145 2036,400000 -1,000000 -101,000000 0,000000 0,000000
983 1675562146 2036,400000 -1,000000 -101,000000 0,000000 0,000000
983 1675562147 2036,400000 -1,000000 -101,000000 0,000000 0,000000
983 1675562148 3109,600000 -1,000000 -101,000000 0,000000 0,000000
983 1675562149 3109,600000 -1,000000 -101,000000 0,000000 0,000000
983 1675562150 3109,600000 -1,000000 -101,000000 0,000000 0,000000
983 1675562151 3109,600000 -1,000000 -101,000000 0,000000 0,000000
983 1675562152 3109,600000 -1,000000 -101,000000 0,000000 0,000000
983 1675562153 4314,400000 -1,000000 -101,000000 0,000000 0,000000
983 1675562154 4314,400000 -1,000000 -101,000000 0,000000 0,000000
983 1675562155 4314,400000 -1,000000 -101,000000 0,000000 0,000000
983 1675562156 4314,400000 -1,000000 -101,000000 0,000000 0,000000
983 1675562217 5776,000000 -1,000000 5776,000000 5776,000000 6672435,200000
983 1675562216 5776,000000 -1,000000 5776,000000 5776,000000 6672435,200000
983 1675562215 5776,000000 -1,000000 5776,000000 5776,000000 6672435,200000
983 1675562214 5776,000000 -1,000000 5776,000000 5776,000000 6672435,200000
983 1675562213 5776,000000 -1,000000 5776,000000 5776,000000 6672435,200000
983 1675562212 4509,600000 -1,000000 4509,600000 4509,600000 4067298,432000
983 1675562211 4509,600000 -1,000000 4509,600000 4509,600000 4067298,432000
983 1675562210 4509,600000 -1,000000 4509,600000 4509,600000 4067298,432000
983 1675562209 4509,600000 -1,000000 4509,600000 4509,600000 4067298,432000
983 1675562208 4509,600000 -1,000000 4509,600000 4509,600000 4067298,432000
983 1675562207 3120,000000 -1,000000 3120,000000 3120,000000 1946880,000000
983 1675562206 3120,000000 -1,000000 3120,000000 3120,000000 1946880,000000
983 1675562205 3120,000000 -1,000000 3120,000000 3120,000000 1946880,000000
983 1675562204 3120,000000 -1,000000 3120,000000 3120,000000 1946880,000000
983 1675562203 3120,000000 -1,000000 3120,000000 3120,000000 1946880,000000
983 1675562202 2128,000000 -1,000000 2128,000000 2128,000000 905676,800000
983 1675562201 2128,000000 -1,000000 2128,000000 2128,000000 905676,800000
983 1675562200 2128,000000 -1,000000 2128,000000 2128,000000 905676,800000
983 1675562199 2128,000000 -1,000000 2128,000000 2128,000000 905676,800000
983 1675562198 2128,000000 -1,000000 2128,000000 2128,000000 905676,800000
983 1675562197 1683,000000 -1,000000 1683,000000 1683,000000 566497,800000
983 1675562196 1683,000000 -1,000000 1683,000000 1683,000000 566497,800000
983 1675562195 1683,000000 -1,000000 1683,000000 1683,000000 566497,800000
983 1675562194 1683,000000 -1,000000 1683,000000 1683,000000 566497,800000
983 1675562193 1683,000000 -1,000000 1683,000000 1683,000000 566497,800000
983 1675562192 3905,000000 -1,000000 3905,000000 3905,000000 3049805,000000
983 1675562191 3905,000000 -1,000000 3905,000000 3905,000000 3049805,000000
983 1675562190 3905,000000 -1,000000 3905,000000 3905,000000 3049805,000000
983 1675562189 3905,000000 -1,000000 3905,000000 3905,000000 3049805,000000
983 1675562188 3905,000000 -1,000000 3905,000000 3905,000000 3049805,000000
983 1675562187 2620,400000 -1,000000 2620,400000 2620,400000 1373299,232000
983 1675562186 2620,400000 -1,000000 2620,400000 2620,400000 1373299,232000
983 1675562185 2620,400000 -1,000000 2620,400000 2620,400000 1373299,232000
983 1675562184 2620,400000 -1,000000 2620,400000 2620,400000 1373299,232000
983 1675562183 2620,400000 -1,000000 2620,400000 2620,400000 1373299,232000
983 1675562182 26773,400000 -1,000000 26773,400000 26773,400000 143362989,512000
983 1675562181 26773,400000 -1,000000 26773,400000 26773,400000 143362989,512000
983 1675562180 26773,400000 -1,000000 26773,400000 26773,400000 143362989,512000
983 1675562179 26773,400000 -1,000000 26773,400000 26773,400000 143362989,512000
983 1675562178 26773,400000 -1,000000 26773,400000 26773,400000 143362989,512000
983 1675562177 63720,200000 -1,000000 63720,200000 63720,200000 812052777,608000
983 1675562176 63720,200000 -1,000000 63720,200000 63720,200000 812052777,608000
983 1675562175 63720,200000 -1,000000 63720,200000 63720,200000 812052777,608000
983 1675562174 63720,200000 -1,000000 63720,200000 63720,200000 812052777,608000
983 1675562173 63720,200000 -1,000000 63720,200000 63720,200000 812052777,608000
983 1675562172 22930,400000 -1,000000 22930,400000 22930,400000 105160648,832000
983 1675562171 22930,400000 -1,000000 22930,400000 22930,400000 105160648,832000
983 1675562170 22930,400000 -1,000000 22930,400000 22930,400000 105160648,832000
983 1675562169 22930,400000 -1,000000 22930,400000 22930,400000 105160648,832000
983 1675562168 22930,400000 -1,000000 22930,400000 22930,400000 105160648,832000
983 1675562167 42193,800000 -1,000000 42193,800000 42193,800000 356063351,688000
983 1675562166 42193,800000 -1,000000 42193,800000 42193,800000 356063351,688000
983 1675562165 42193,800000 -1,000000 42193,800000 42193,800000 356063351,688000
983 1675562164 42193,800000 -1,000000 42193,800000 42193,800000 356063351,688000
983 1675562163 42193,800000 -1,000000 42193,800000 42193,800000 356063351,688000
983 1675562162 3696,000000 -1,000000 3696,000000 3696,000000 2732083,200000
983 1675562161 3696,000000 -1,000000 3696,000000 3696,000000 2732083,200000
983 1675562160 3696,000000 -1,000000 3696,000000 3696,000000 2732083,200000
983 1675562159 3696,000000 -1,000000 3696,000000 3696,000000 2732083,200000
983 1675562158 3696,000000 -1,000000 3696,000000 3696,000000 2732083,200000
983 1675562157 4314,400000 -1,000000 4314,400000 4314,400000 3722809,472000
983 1675562157 4314,400000 -1,000000 -101,000000 0,000000 0,000000
983 1675562158 3696,000000 -1,000000 -101,000000 0,000000 0,000000
983 1675562159 3696,000000 -1,000000 -101,000000 0,000000 0,000000
983 1675562160 3696,000000 -1,000000 -101,000000 0,000000 0,000000
983 1675562161 3696,000000 -1,000000 -101,000000 0,000000 0,000000
983 1675562162 3696,000000 -1,000000 -101,000000 0,000000 0,000000
983 1675562163 42193,800000 -1,000000 -101,000000 0,000000 0,000000
983 1675562164 42193,800000 -1,000000 -101,000000 0,000000 0,000000
983 1675562165 42193,800000 -1,000000 -101,000000 0,000000 0,000000
983 1675562166 42193,800000 -1,000000 -101,000000 0,000000 0,000000
983 1675562167 42193,800000 -1,000000 -101,000000 0,000000 0,000000
983 1675562168 22930,400000 -1,000000 -101,000000 0,000000 0,000000
983 1675562169 22930,400000 -1,000000 -101,000000 0,000000 0,000000
983 1675562170 22930,400000 -1,000000 -101,000000 0,000000 0,000000
983 1675562171 22930,400000 -1,000000 -101,000000 0,000000 0,000000
983 1675562172 22930,400000 -1,000000 -101,000000 0,000000 0,000000
983 1675562173 63720,200000 -1,000000 -101,000000 0,000000 0,000000
983 1675562174 63720,200000 -1,000000 -101,000000 0,000000 0,000000
983 1675562175 63720,200000 -1,000000 -101,000000 0,000000 0,000000
983 1675562176 63720,200000 -1,000000 -101,000000 0,000000 0,000000
983 1675562177 63720,200000 -1,000000 -101,000000 0,000000 0,000000
983 1675562178 26773,400000 -1,000000 -101,000000 0,000000 0,000000
983 1675562179 26773,400000 -1,000000 -101,000000 0,000000 0,000000
983 1675562180 26773,400000 -1,000000 -101,000000 0,000000 0,000000
983 1675562181 26773,400000 -1,000000 -101,000000 0,000000 0,000000
983 1675562182 26773,400000 -1,000000 -101,000000 0,000000 0,000000
983 1675562183 2620,400000 -1,000000 -101,000000 0,000000 0,000000
983 1675562184 2620,400000 -1,000000 -101,000000 0,000000 0,000000
983 1675562185 2620,400000 -1,000000 -101,000000 0,000000 0,000000
983 1675562186 2620,400000 -1,000000 -101,000000 0,000000 0,000000
983 1675562187 2620,400000 -1,000000 -101,000000 0,000000 0,000000
983 1675562188 3905,000000 -1,000000 -101,000000 0,000000 0,000000
983 1675562189 3905,000000 -1,000000 -101,000000 0,000000 0,000000
983 1675562190 3905,000000 -1,000000 -101,000000 0,000000 0,000000
983 1675562191 3905,000000 -1,000000 -101,000000 0,000000 0,000000
983 1675562192 3905,000000 -1,000000 -101,000000 0,000000 0,000000
983 1675562193 1683,000000 -1,000000 -101,000000 0,000000 0,000000
983 1675562194 1683,000000 -1,000000 -101,000000 0,000000 0,000000
983 1675562195 1683,000000 -1,000000 -101,000000 0,000000 0,000000
983 1675562196 1683,000000 -1,000000 -101,000000 0,000000 0,000000
983 1675562197 1683,000000 -1,000000 -101,000000 0,000000 0,000000
983 1675562198 2128,000000 -1,000000 -101,000000 0,000000 0,000000
983 1675562199 2128,000000 -1,000000 -101,000000 0,000000 0,000000
983 1675562200 2128,000000 -1,000000 -101,000000 0,000000 0,000000
983 1675562201 2128,000000 -1,000000 -101,000000 0,000000 0,000000
983 1675562202 2128,000000 -1,000000 -101,000000 0,000000 0,000000
983 1675562203 3120,000000 -1,000000 -101,000000 0,000000 0,000000
983 1675562204 3120,000000 -1,000000 -101,000000 0,000000 0,000000
983 1675562205 3120,000000 -1,000000 -101,000000 0,000000 0,000000
983 1675562206 3120,000000 -1,000000 -101,000000 0,000000 0,000000
983 1675562207 3120,000000 -1,000000 -101,000000 0,000000 0,000000
983 1675562208 4509,600000 -1,000000 -101,000000 0,000000 0,000000
983 1675562209 4509,600000 -1,000000 -101,000000 0,000000 0,000000
983 1675562210 4509,600000 -1,000000 -101,000000 0,000000 0,000000
983 1675562211 4509,600000 -1,000000 -101,000000 0,000000 0,000000
983 1675562212 4509,600000 -1,000000 -101,000000 0,000000 0,000000
983 1675562213 5776,000000 -1,000000 -101,000000 0,000000 0,000000
983 1675562214 5776,000000 -1,000000 -101,000000 0,000000 0,000000
983 1675562215 5776,000000 -1,000000 -101,000000 0,000000 0,000000
983 1675562216 5776,000000 -1,000000 -101,000000 0,000000 0,000000
983 1675562217 5776,000000 -1,000000 -101,000000 0,000000 0,000000
983 1675562218 3607,600000 -1,000000 -101,000000 0,000000 0,000000
983 1675562219 3607,600000 -1,000000 -101,000000 0,000000 0,000000
983 1675562220 3607,600000 -1,000000 -101,000000 0,000000 0,000000
983 1675562221 3607,600000 -1,000000 -101,000000 0,000000 0,000000
983 1675562222 3607,600000 -1,000000 -101,000000 0,000000 0,000000
983 1675562223 23592,800000 -1,000000 -101,000000 0,000000 0,000000
983 1675562224 23592,800000 -1,000000 -101,000000 0,000000 0,000000
983 1675562225 23592,800000 -1,000000 -101,000000 0,000000 0,000000
983 1675562226 23592,800000 -1,000000 -101,000000 0,000000 0,000000
983 1675562227 23592,800000 -1,000000 -101,000000 0,000000 0,000000
983 1675562228 2128,000000 -1,000000 -101,000000 0,000000 0,000000
983 1675562229 2128,000000 -1,000000 -101,000000 0,000000 0,000000
983 1675562230 2128,000000 -1,000000 -101,000000 0,000000 0,000000
983 1675562231 2128,000000 -1,000000 -101,000000 0,000000 0,000000
983 1675562232 2128,000000 -1,000000 -101,000000 0,000000 0,000000
983 1675562233 18989,800000 -1,000000 -101,000000 0,000000 0,000000
983 1675562234 18989,800000 -1,000000 -101,000000 0,000000 0,000000
983 1675562235 18989,800000 -1,000000 -101,000000 0,000000 0,000000
983 1675562236 18989,800000 -1,000000 -101,000000 0,000000 0,000000
983 1675562237 18989,800000 -1,000000 -101,000000 0,000000 0,000000
983 1675562238 1113,000000 -1,000000 -101,000000 0,000000 0,000000
983 1675562239 1113,000000 -1,000000 -101,000000 0,000000 0,000000
983 1675562240 1113,000000 -1,000000 -101,000000 0,000000 0,000000
983 1675562241 1113,000000 -1,000000 -101,000000 0,000000 0,000000
983 1675562242 1113,000000 -1,000000 -101,000000 0,000000 0,000000
983 1675562248 4337,200000 -1,000000 -101,000000 0,000000 0,000000
983 1675562249 4337,200000 -1,000000 -101,000000 0,000000 0,000000
983 1675562250 4337,200000 -1,000000 -101,000000 0,000000 0,000000
983 1675562251 4337,200000 -1,000000 -101,000000 0,000000 0,000000
983 1675562252 4337,200000 -1,000000 -101,000000 0,000000 0,000000
983 1675562253 11442,400000 -1,000000 -101,000000 0,000000 0,000000
983 1675562254 11442,400000 -1,000000 -101,000000 0,000000 0,000000
983 1675562255 11442,400000 -1,000000 -101,000000 0,000000 0,000000
983 1675562256 11442,400000 -1,000000 -101,000000 0,000000 0,000000
983 1675562257 11442,400000 -1,000000 -101,000000 0,000000 0,000000
983 1675562258 6753,600000 -1,000000 -101,000000 0,000000 0,000000
983 1675562259 6753,600000 -1,000000 -101,000000 0,000000 0,000000
983 1675562260 6753,600000 -1,000000 -101,000000 0,000000 0,000000
983 1675562261 6753,600000 -1,000000 -101,000000 0,000000 0,000000
983 1675562262 6753,600000 -1,000000 -101,000000 0,000000 0,000000
983 1675562263 26402,200000 -1,000000 -101,000000 0,000000 0,000000
983 1675562264 26402,200000 -1,000000 -101,000000 0,000000 0,000000
983 1675562265 26402,200000 -1,000000 -101,000000 0,000000 0,000000
983 1675562266 26402,200000 -1,000000 -101,000000 0,000000 0,000000
983 1675562267 26402,200000 -1,000000 -101,000000 0,000000 0,000000
983 1675562268 21524,600000 -1,000000 -101,000000 0,000000 0,000000
983 1675562269 21524,600000 -1,000000 -101,000000 0,000000 0,000000
983 1675562270 21524,600000 -1,000000 -101,000000 0,000000 0,000000
983 1675562271 21524,600000 -1,000000 -101,000000 0,000000 0,000000
983 1675562272 21524,600000 -1,000000 -101,000000 0,000000 0,000000
983 1675562273 23642,400000 -1,000000 -101,000000 0,000000 0,000000
983 1675562274 23642,400000 -1,000000 -101,000000 0,000000 0,000000
983 1675562275 23642,400000 -1,000000 -101,000000 0,000000 0,000000
983 1675562276 23642,400000 -1,000000 -101,000000 0,000000 0,000000
983 1675562277 23642,400000 -1,000000 -101,000000 0,000000 0,000000
983 1675562278 42650,000000 -1,000000 -101,000000 0,000000 0,000000
983 1675562279 42650,000000 -1,000000 -101,000000 0,000000 0,000000
983 1675562280 42650,000000 -1,000000 -101,000000 0,000000 0,000000
983 1675562281 42650,000000 -1,000000 -101,000000 0,000000 0,000000
983 1675562282 42650,000000 -1,000000 -101,000000 0,000000 0,000000
983 1675562283 18456,200000 -1,000000 -101,000000 0,000000 0,000000
983 1675562284 18456,200000 -1,000000 -101,000000 0,000000 0,000000
983 1675562285 18456,200000 -1,000000 -101,000000 0,000000 0,000000
983 1675562286 18456,200000 -1,000000 -101,000000 0,000000 0,000000
983 1675562287 18456,200000 -1,000000 -101,000000 0,000000 0,000000
983 1675562288 1571,200000 -1,000000 -101,000000 0,000000 0,000000
983 1675562289 1571,200000 -1,000000 -101,000000 0,000000 0,000000
983 1675562290 1571,200000 -1,000000 -101,000000 0,000000 0,000000
983 1675562291 1571,200000 -1,000000 -101,000000 0,000000 0,000000
983 1675562292 1571,200000 -1,000000 -101,000000 0,000000 0,000000
983 1675562293 2836,800000 -1,000000 -101,000000 0,000000 0,000000
983 1675562294 2836,800000 -1,000000 -101,000000 0,000000 0,000000
983 1675562295 2836,800000 -1,000000 -101,000000 0,000000 0,000000
983 1675562296 2836,800000 -1,000000 -101,000000 0,000000 0,000000
983 1675562297 2836,800000 -1,000000 -101,000000 0,000000 0,000000
983 1675562298 20449,800000 -1,000000 -101,000000 0,000000 0,000000
983 1675562299 20449,800000 -1,000000 -101,000000 0,000000 0,000000
983 1675562300 20449,800000 -1,000000 -101,000000 0,000000 0,000000
983 1675562301 20449,800000 -1,000000 -101,000000 0,000000 0,000000
983 1675562302 20449,800000 -1,000000 -101,000000 0,000000 0,000000
983 1675562303 555,600000 -1,000000 -101,000000 0,000000 0,000000
983 1675562304 555,600000 -1,000000 -101,000000 0,000000 0,000000
983 1675562305 555,600000 -1,000000 -101,000000 0,000000 0,000000
983 1675562306 555,600000 -1,000000 -101,000000 0,000000 0,000000
983 1675562307 555,600000 -1,000000 -101,000000 0,000000 0,000000
983 1675562308 1084,400000 -1,000000 -101,000000 0,000000 0,000000
983 1675562309 1084,400000 -1,000000 -101,000000 0,000000 0,000000
983 1675562310 1084,400000 -1,000000 -101,000000 0,000000 0,000000
983 1675562311 1084,400000 -1,000000 -101,000000 0,000000 0,000000
983 1675562312 1084,400000 -1,000000 -101,000000 0,000000 0,000000
983 1675562313 1571,400000 -1,000000 -101,000000 0,000000 0,000000
983 1675562314 1571,400000 -1,000000 -101,000000 0,000000 0,000000
983 1675562315 1571,400000 -1,000000 -101,000000 0,000000 0,000000
983 1675562316 1571,400000 -1,000000 -101,000000 0,000000 0,000000
983 1675562317 1571,400000 -1,000000 -101,000000 0,000000 0,000000
983 1675562318 2036,400000 -1,000000 -101,000000 0,000000 0,000000
983 1675562319 2036,400000 -1,000000 -101,000000 0,000000 0,000000
983 1675562320 2036,400000 -1,000000 -101,000000 0,000000 0,000000
983 1675562321 2036,400000 -1,000000 -101,000000 0,000000 0,000000
983 1675562322 2036,400000 -1,000000 -101,000000 0,000000 0,000000
983 1675562323 1857,600000 -1,000000 -101,000000 0,000000 0,000000
983 1675562324 1857,600000 -1,000000 -101,000000 0,000000 0,000000
983 1675562325 1857,600000 -1,000000 -101,000000 0,000000 0,000000
983 1675562326 1857,600000 -1,000000 -101,000000 0,000000 0,000000
983 1675562327 1857,600000 -1,000000 -101,000000 0,000000 0,000000
983 1675562328 4747,800000 -1,000000 -101,000000 0,000000 0,000000
983 1675562329 4747,800000 -1,000000 -101,000000 0,000000 0,000000
983 1675562330 4747,800000 -1,000000 -101,000000 0,000000 0,000000
983 1675562331 4747,800000 -1,000000 -101,000000 0,000000 0,000000
983 1675562332 4747,800000 -1,000000 -101,000000 0,000000 0,000000
983 1675562333 2662,800000 -1,000000 -101,000000 0,000000 0,000000
983 1675562334 2662,800000 -1,000000 -101,000000 0,000000 0,000000
983 1675562335 2662,800000 -1,000000 -101,000000 0,000000 0,000000
983 1675562336 2662,800000 -1,000000 -101,000000 0,000000 0,000000
983 1675562337 2662,800000 -1,000000 -101,000000 0,000000 0,000000
983 1675562338 23722,600000 -1,000000 -101,000000 0,000000 0,000000
983 1675562339 23722,600000 -1,000000 -101,000000 0,000000 0,000000
983 1675562340 23722,600000 -1,000000 -101,000000 0,000000 0,000000
983 1675562341 23722,600000 -1,000000 -101,000000 0,000000 0,000000
983 1675562342 23722,600000 -1,000000 -101,000000 0,000000 0,000000
983 1675562343 1325,800000 -1,000000 -101,000000 0,000000 0,000000
983 1675562344 1325,800000 -1,000000 -101,000000 0,000000 0,000000
983 1675562345 1325,800000 -1,000000 -101,000000 0,000000 0,000000
983 1675562346 1325,800000 -1,000000 -101,000000 0,000000 0,000000
983 1675562347 1325,800000 -1,000000 -101,000000 0,000000 0,000000
983 1675562348 596,000000 -1,000000 -101,000000 0,000000 0,000000
983 1675562349 596,000000 -1,000000 -101,000000 0,000000 0,000000
983 1675562350 596,000000 -1,000000 -101,000000 0,000000 0,000000
983 1675562351 596,000000 -1,000000 -101,000000 0,000000 0,000000
983 1675562352 596,000000 -1,000000 -101,000000 0,000000 0,000000
983 1675562353 1881,400000 -1,000000 -101,000000 0,000000 0,000000
983 1675562354 1881,400000 -1,000000 -101,000000 0,000000 0,000000
983 1675562355 1881,400000 -1,000000 -101,000000 0,000000 0,000000
983 1675562356 1881,400000 -1,000000 -101,000000 0,000000 0,000000
983 1675562357 1881,400000 -1,000000 -101,000000 0,000000 0,000000
983 1675562358 21170,800000 -1,000000 -101,000000 0,000000 0,000000
983 1675562359 21170,800000 -1,000000 -101,000000 0,000000 0,000000
983 1675562360 21170,800000 -1,000000 -101,000000 0,000000 0,000000
983 1675562361 21170,800000 -1,000000 -101,000000 0,000000 0,000000
983 1675562362 21170,800000 -1,000000 -101,000000 0,000000 0,000000
983 1675562363 21303,800000 -1,000000 -101,000000 0,000000 0,000000
983 1675562364 21303,800000 -1,000000 -101,000000 0,000000 0,000000
983 1675562365 21303,800000 -1,000000 -101,000000 0,000000 0,000000
983 1675562366 21303,800000 -1,000000 -101,000000 0,000000 0,000000
983 1675562367 21303,800000 -1,000000 -101,000000 0,000000 0,000000
983 1675562368 20730,600000 -1,000000 -101,000000 0,000000 0,000000
983 1675562369 20730,600000 -1,000000 -101,000000 0,000000 0,000000
983 1675562370 20730,600000 -1,000000 -101,000000 0,000000 0,000000
983 1675562371 20730,600000 -1,000000 -101,000000 0,000000 0,000000
983 1675562372 20730,600000 -1,000000 -101,000000 0,000000 0,000000
983 1675562373 21888,800000 -1,000000 -101,000000 0,000000 0,000000
983 1675562374 21888,800000 -1,000000 -101,000000 0,000000 0,000000
983 1675562375 21888,800000 -1,000000 -101,000000 0,000000 0,000000
983 1675562376 21888,800000 -1,000000 -101,000000 0,000000 0,000000
983 1675562377 21888,800000 -1,000000 -101,000000 0,000000 0,000000
983 1675562378 21058,600000 -1,000000 -101,000000 0,000000 0,000000
983 1675562379 21058,600000 -1,000000 -101,000000 0,000000 0,000000
983 1675562380 21058,600000 -1,000000 -101,000000 0,000000 0,000000
983 1675562381 21058,600000 -1,000000 -101,000000 0,000000 0,000000
983 1675562382 21058,600000 -1,000000 -101,000000 0,000000 0,000000
983 1675562383 7758,600000 -1,000000 -101,000000 0,000000 0,000000
983 1675562384 7758,600000 -1,000000 -101,000000 0,000000 0,000000
983 1675562385 7758,600000 -1,000000 -101,000000 0,000000 0,000000
983 1675562386 7758,600000 -1,000000 -101,000000 0,000000 0,000000
983 1675562387 7758,600000 -1,000000 -101,000000 0,000000 0,000000
983 1675562388 6842,000000 -1,000000 -101,000000 0,000000 0,000000
983 1675562389 6842,000000 -1,000000 -101,000000 0,000000 0,000000
983 1675562390 6842,000000 -1,000000 -101,000000 0,000000 0,000000
983 1675562391 6842,000000 -1,000000 -101,000000 0,000000 0,000000
983 1675562392 6842,000000 -1,000000 -101,000000 0,000000 0,000000
983 1675562393 25507,800000 -1,000000 -101,000000 0,000000 0,000000
983 1675562394 25507,800000 -1,000000 -101,000000 0,000000 0,000000
983 1675562395 25507,800000 -1,000000 -101,000000 0,000000 0,000000
983 1675562396 25507,800000 -1,000000 -101,000000 0,000000 0,000000
983 1675562397 25507,800000 -1,000000 -101,000000 0,000000 0,000000
983 1675562398 6008,000000 -1,000000 -101,000000 0,000000 0,000000
983 1675562399 6008,000000 -1,000000 -101,000000 0,000000 0,000000
983 1675562400 6008,000000 -1,000000 -101,000000 0,000000 0,000000
983 1675562401 6008,000000 -1,000000 -101,000000 0,000000 0,000000
983 1675562402 6008,000000 -1,000000 -101,000000 0,000000 0,000000
983 1675562403 21390,200000 -1,000000 -101,000000 0,000000 0,000000
983 1675562404 21390,200000 -1,000000 -101,000000 0,000000 0,000000
983 1675562405 21390,200000 -1,000000 -101,000000 0,000000 0,000000
983 1675562406 21390,200000 -1,000000 -101,000000 0,000000 0,000000
983 1675562407 21390,200000 -1,000000 -101,000000 0,000000 0,000000
983 1675562408 1924,400000 -1,000000 -101,000000 0,000000 0,000000
983 1675562409 1924,400000 -1,000000 -101,000000 0,000000 0,000000
983 1675562410 1924,400000 -1,000000 -101,000000 0,000000 0,000000
983 1675562411 1924,400000 -1,000000 -101,000000 0,000000 0,000000
983 1675562412 1924,400000 -1,000000 -101,000000 0,000000 0,000000
983 1675562413 1395,600000 -1,000000 -101,000000 0,000000 0,000000
983 1675562414 1395,600000 -1,000000 -101,000000 0,000000 0,000000
983 1675562415 1395,600000 -1,000000 -101,000000 0,000000 0,000000
983 1675562416 1395,600000 -1,000000 -101,000000 0,000000 0,000000
983 1675562417 1395,600000 -1,000000 -101,000000 0,000000 0,000000
983 1675562418 15935,200000 -1,000000 -101,000000 0,000000 0,000000
983 1675562419 15935,200000 -1,000000 -101,000000 0,000000 0,000000
983 1675562420 15935,200000 -1,000000 -101,000000 0,000000 0,000000
983 1675562421 15935,200000 -1,000000 -101,000000 0,000000 0,000000
983 1675562422 15935,200000 -1,000000 -101,000000 0,000000 0,000000
983 1675562423 22414,400000 -1,000000 -101,000000 0,000000 0,000000
983 1675562424 22414,400000 -1,000000 -101,000000 0,000000 0,000000
983 1675562425 22414,400000 -1,000000 -101,000000 0,000000 0,000000
983 1675562426 22414,400000 -1,000000 -101,000000 0,000000 0,000000
983 1675562427 22414,400000 -1,000000 -101,000000 0,000000 0,000000
983 1675562428 2593,200000 -1,000000 -101,000000 0,000000 0,000000
983 1675562429 2593,200000 -1,000000 -101,000000 0,000000 0,000000
983 1675562430 2593,200000 -1,000000 -101,000000 0,000000 0,000000
983 1675562431 2593,200000 -1,000000 -101,000000 0,000000 0,000000
983 1675562432 2593,200000 -1,000000 -101,000000 0,000000 0,000000
983 1675562433 1857,800000 -1,000000 -101,000000 0,000000 0,000000
983 1675562434 1857,800000 -1,000000 -101,000000 0,000000 0,000000
983 1675562435 1857,800000 -1,000000 -101,000000 0,000000 0,000000
983 1675562436 1857,800000 -1,000000 -101,000000 0,000000 0,000000
983 1675562437 1857,800000 -1,000000 -101,000000 0,000000 0,000000
983 1675562438 2169,600000 -1,000000 -101,000000 0,000000 0,000000
983 1675562439 2169,600000 -1,000000 -101,000000 0,000000 0,000000
983 1675562440 2169,600000 -1,000000 -101,000000 0,000000 0,000000
983 1675562441 2169,600000 -1,000000 -101,000000 0,000000 0,000000
983 1675562442 2169,600000 -1,000000 -101,000000 0,000000 0,000000
983 1675562443 1477,000000 -1,000000 -101,000000 0,000000 0,000000
983 1675562444 1477,000000 -1,000000 -101,000000 0,000000 0,000000
983 1675562445 1477,000000 -1,000000 -101,000000 0,000000 0,000000
983 1675562446 1477,000000 -1,000000 -101,000000 0,000000 0,000000
983 1675562447 1477,000000 -1,000000 -101,000000 0,000000 0,000000
983 1675562448 1084,400000 -1,000000 -101,000000 0,000000 0,000000
983 1675562449 1084,400000 -1,000000 -101,000000 0,000000 0,000000
983 1675562450 1084,400000 -1,000000 -101,000000 0,000000 0,000000
983 1675562451 1084,400000 -1,000000 -101,000000 0,000000 0,000000
983 1675562452 1084,400000 -1,000000 -101,000000 0,000000 0,000000
983 1675562453 4336,200000 -1,000000 -101,000000 0,000000 0,000000
983 1675562454 4336,200000 -1,000000 -101,000000 0,000000 0,000000
983 1675562455 4336,200000 -1,000000 -101,000000 0,000000 0,000000
983 1675562456 4336,200000 -1,000000 -101,000000 0,000000 0,000000
983 1675562457 4336,200000 -1,000000 -101,000000 0,000000 0,000000
983 1675562458 9350,400000 -1,000000 -101,000000 0,000000 0,000000
983 1675562459 9350,400000 -1,000000 -101,000000 0,000000 0,000000
983 1675562460 9350,400000 -1,000000 -101,000000 0,000000 0,000000
983 1675562461 9350,400000 -1,000000 -101,000000 0,000000 0,000000
983 1675562462 9350,400000 -1,000000 -101,000000 0,000000 0,000000
983 1675562463 27968,400000 -1,000000 -101,000000 0,000000 0,000000
983 1675562464 27968,400000 -1,000000 -101,000000 0,000000 0,000000
983 1675562465 27968,400000 -1,000000 -101,000000 0,000000 0,000000
983 1675562466 27968,400000 -1,000000 -101,000000 0,000000 0,000000
983 1675562467 27968,400000 -1,000000 -101,000000 0,000000 0,000000
983 1675562468 23772,800000 -1,000000 -101,000000 0,000000 0,000000
983 1675562469 23772,800000 -1,000000 -101,000000 0,000000 0,000000
983 1675562470 23772,800000 -1,000000 -101,000000 0,000000 0,000000
983 1675562471 23772,800000 -1,000000 -101,000000 0,000000 0,000000
983 1675562472 23772,800000 -1,000000 -101,000000 0,000000 0,000000
983 1675562473 20557,200000 -1,000000 -101,000000 0,000000 0,000000
983 1675562474 20557,200000 -1,000000 -101,000000 0,000000 0,000000
983 1675562475 20557,200000 -1,000000 -101,000000 0,000000 0,000000
983 1675562476 20557,200000 -1,000000 -101,000000 0,000000 0,000000
983 1675562477 20557,200000 -1,000000 -101,000000 0,000000 0,000000
983 1675562478 20454,400000 -1,000000 -101,000000 0,000000 0,000000
983 1675562479 20454,400000 -1,000000 -101,000000 0,000000 0,000000
983 1675562480 20454,400000 -1,000000 -101,000000 0,000000 0,000000
983 1675562481 20454,400000 -1,000000 -101,000000 0,000000 0,000000
983 1675562482 20454,400000 -1,000000 -101,000000 0,000000 0,000000
983 1675562483 42579,600000 -1,000000 -101,000000 0,000000 0,000000
983 1675562484 42579,600000 -1,000000 -101,000000 0,000000 0,000000
983 1675562485 42579,600000 -1,000000 -101,000000 0,000000 0,000000
983 1675562486 42579,600000 -1,000000 -101,000000 0,000000 0,000000
983 1675562487 42579,600000 -1,000000 -101,000000 0,000000 0,000000
983 1675562488 3148,400000 -1,000000 -101,000000 0,000000 0,000000
983 1675562489 3148,400000 -1,000000 -101,000000 0,000000 0,000000
983 1675562490 3148,400000 -1,000000 -101,000000 0,000000 0,000000
983 1675562491 3148,400000 -1,000000 -101,000000 0,000000 0,000000
983 1675562492 3148,400000 -1,000000 -101,000000 0,000000 0,000000
983 1675562493 2722,800000 -1,000000 -101,000000 0,000000 0,000000
983 1675562494 2722,800000 -1,000000 -101,000000 0,000000 0,000000
983 1675562495 2722,800000 -1,000000 -101,000000 0,000000 0,000000
983 1675562496 2722,800000 -1,000000 -101,000000 0,000000 0,000000
983 1675562497 2722,800000 -1,000000 -101,000000 0,000000 0,000000
983 1675562498 3143,200000 -1,000000 -101,000000 0,000000 0,000000
983 1675562499 3143,200000 -1,000000 -101,000000 0,000000 0,000000
983 1675562500 3143,200000 -1,000000 -101,000000 0,000000 0,000000
983 1675562501 3143,200000 -1,000000 -101,000000 0,000000 0,000000
983 1675562502 3143,200000 -1,000000 -101,000000 0,000000 0,000000
983 1675562503 16287,200000 -1,000000 -101,000000 0,000000 0,000000
983 1675562504 16287,200000 -1,000000 -101,000000 0,000000 0,000000
983 1675562505 16287,200000 -1,000000 -101,000000 0,000000 0,000000
983 1675562506 16287,200000 -1,000000 -101,000000 0,000000 0,000000
983 1675562507 16287,200000 -1,000000 -101,000000 0,000000 0,000000
983 1675562508 777,400000 -1,000000 -101,000000 0,000000 0,000000
983 1675562509 777,400000 -1,000000 -101,000000 0,000000 0,000000
983 1675562510 777,400000 -1,000000 -101,000000 0,000000 0,000000
983 1675562511 777,400000 -1,000000 -101,000000 0,000000 0,000000
983 1675562512 777,400000 -1,000000 -101,000000 0,000000 0,000000
983 1675562513 2765,600000 -1,000000 -101,000000 0,000000 0,000000
983 1675562514 2765,600000 -1,000000 -101,000000 0,000000 0,000000
983 1675562515 2765,600000 -1,000000 -101,000000 0,000000 0,000000
983 1675562516 2765,600000 -1,000000 -101,000000 0,000000 0,000000
983 1675562517 2765,600000 -1,000000 -101,000000 0,000000 0,000000
983 1675562518 4782,800000 -1,000000 -101,000000 0,000000 0,000000
983 1675562519 4782,800000 -1,000000 -101,000000 0,000000 0,000000
983 1675562520 4782,800000 -1,000000 -101,000000 0,000000 0,000000
983 1675562521 4782,800000 -1,000000 -101,000000 0,000000 0,000000
983 1675562522 4782,800000 -1,000000 -101,000000 0,000000 0,000000
983 1675562523 7138,800000 -1,000000 -101,000000 0,000000 0,000000
983 1675562524 7138,800000 -1,000000 -101,000000 0,000000 0,000000
983 1675562525 7138,800000 -1,000000 -101,000000 0,000000 0,000000
983 1675562526 7138,800000 -1,000000 -101,000000 0,000000 0,000000
983 1675562527 7138,800000 -1,000000 -101,000000 0,000000 0,000000
983 1675562528 2924,400000 -1,000000 -101,000000 0,000000 0,000000
983 1675562529 2924,400000 -1,000000 -101,000000 0,000000 0,000000
983 1675562530 2924,400000 -1,000000 -101,000000 0,000000 0,000000
983 1675562531 2924,400000 -1,000000 -101,000000 0,000000 0,000000
983 1675562532 2924,400000 -1,000000 -101,000000 0,000000 0,000000
983 1675562533 6910,800000 -1,000000 -101,000000 0,000000 0,000000
983 1675562534 6910,800000 -1,000000 -101,000000 0,000000 0,000000
983 1675562535 6910,800000 -1,000000 -101,000000 0,000000 0,000000
983 1675562536 6910,800000 -1,000000 -101,000000 0,000000 0,000000
983 1675562537 6910,800000 -1,000000 -101,000000 0,000000 0,000000
983 1675562538 3462,200000 -1,000000 -101,000000 0,000000 0,000000
983 1675562539 3462,200000 -1,000000 -101,000000 0,000000 0,000000
983 1675562540 3462,200000 -1,000000 -101,000000 0,000000 0,000000
983 1675562541 3462,200000 -1,000000 -101,000000 0,000000 0,000000
983 1675562542 3462,200000 -1,000000 -101,000000 0,000000 0,000000
983 1675562543 43630,600000 -1,000000 -101,000000 0,000000 0,000000
983 1675562544 43630,600000 -1,000000 -101,000000 0,000000 0,000000
983 1675562545 43630,600000 -1,000000 -101,000000 0,000000 0,000000
983 1675562546 43630,600000 -1,000000 -101,000000 0,000000 0,000000
983 1675562547 43630,600000 -1,000000 -101,000000 0,000000 0,000000
983 1675562548 1887,000000 -1,000000 -101,000000 0,000000 0,000000
983 1675562549 1887,000000 -1,000000 -101,000000 0,000000 0,000000
983 1675562550 1887,000000 -1,000000 -101,000000 0,000000 0,000000
983 1675562551 1887,000000 -1,000000 -101,000000 0,000000 0,000000
983 1675562552 1887,000000 -1,000000 -101,000000 0,000000 0,000000
983 1675562553 2766,000000 -1,000000 -101,000000 0,000000 0,000000
983 1675562554 2766,000000 -1,000000 -101,000000 0,000000 0,000000
983 1675562555 2766,000000 -1,000000 -101,000000 0,000000 0,000000
983 1675562556 2766,000000 -1,000000 -101,000000 0,000000 0,000000
983 1675562557 2766,000000 -1,000000 -101,000000 0,000000 0,000000
983 1675562558 3699,600000 -1,000000 -101,000000 0,000000 0,000000
983 1675562559 3699,600000 -1,000000 -101,000000 0,000000 0,000000
983 1675562560 3699,600000 -1,000000 -101,000000 0,000000 0,000000
983 1675562561 3699,600000 -1,000000 -101,000000 0,000000 0,000000
983 1675562562 3699,600000 -1,000000 -101,000000 0,000000 0,000000
983 1675562563 22732,800000 -1,000000 -101,000000 0,000000 0,000000
983 1675562564 22732,800000 -1,000000 -101,000000 0,000000 0,000000
983 1675562565 22732,800000 -1,000000 -101,000000 0,000000 0,000000
983 1675562566 22732,800000 -1,000000 -101,000000 0,000000 0,000000
983 1675562567 22732,800000 -1,000000 -101,000000 0,000000 0,000000
983 1675562568 21721,800000 -1,000000 -101,000000 0,000000 0,000000
983 1675562569 21721,800000 -1,000000 -101,000000 0,000000 0,000000
983 1675562570 21721,800000 -1,000000 -101,000000 0,000000 0,000000
983 1675562571 21721,800000 -1,000000 -101,000000 0,000000 0,000000
983 1675562572 21721,800000 -1,000000 -101,000000 0,000000 0,000000
983 1675562573 25743,600000 -1,000000 -101,000000 0,000000 0,000000
983 1675562574 25743,600000 -1,000000 -101,000000 0,000000 0,000000
983 1675562575 25743,600000 -1,000000 -101,000000 0,000000 0,000000
983 1675562576 25743,600000 -1,000000 -101,000000 0,000000 0,000000
983 1675562577 25743,600000 -1,000000 -101,000000 0,000000 0,000000
983 1675562578 25073,200000 -1,000000 -101,000000 0,000000 0,000000
983 1675562579 25073,200000 -1,000000 -101,000000 0,000000 0,000000
983 1675562580 25073,200000 -1,000000 -101,000000 0,000000 0,000000
983 1675562581 25073,200000 -1,000000 -101,000000 0,000000 0,000000
983 1675562582 25073,200000 -1,000000 -101,000000 0,000000 0,000000
983 1675562583 4976,000000 -1,000000 -101,000000 0,000000 0,000000
983 1675562584 4976,000000 -1,000000 -101,000000 0,000000 0,000000
983 1675562585 4976,000000 -1,000000 -101,000000 0,000000 0,000000
983 1675562586 4976,000000 -1,000000 -101,000000 0,000000 0,000000
983 1675562587 4976,000000 -1,000000 -101,000000 0,000000 0,000000
983 1675562588 4203,600000 -1,000000 -101,000000 0,000000 0,000000
983 1675562589 4203,600000 -1,000000 -101,000000 0,000000 0,000000
983 1675562590 4203,600000 -1,000000 -101,000000 0,000000 0,000000
983 1675562591 4203,600000 -1,000000 -101,000000 0,000000 0,000000
983 1675562592 4203,600000 -1,000000 -101,000000 0,000000 0,000000
983 1675562593 17274,600000 -1,000000 -101,000000 0,000000 0,000000
983 1675562594 17274,600000 -1,000000 -101,000000 0,000000 0,000000
983 1675562595 17274,600000 -1,000000 -101,000000 0,000000 0,000000
983 1675562596 17274,600000 -1,000000 -101,000000 0,000000 0,000000
983 1675562597 17274,600000 -1,000000 -101,000000 0,000000 0,000000
983 1675562598 5017,400000 -1,000000 -101,000000 0,000000 0,000000
983 1675562599 5017,400000 -1,000000 -101,000000 0,000000 0,000000
983 1675562600 5017,400000 -1,000000 -101,000000 0,000000 0,000000
983 1675562601 5017,400000 -1,000000 -101,000000 0,000000 0,000000
983 1675562602 5017,400000 -1,000000 -101,000000 0,000000 0,000000
983 1675562603 3256,400000 -1,000000 -101,000000 0,000000 0,000000
983 1675562604 3256,400000 -1,000000 -101,000000 0,000000 0,000000
983 1675562605 3256,400000 -1,000000 -101,000000 0,000000 0,000000
983 1675562606 3256,400000 -1,000000 -101,000000 0,000000 0,000000
983 1675562607 3256,400000 -1,000000 -101,000000 0,000000 0,000000
983 1675562608 23324,400000 -1,000000 -101,000000 0,000000 0,000000
983 1675562609 23324,400000 -1,000000 -101,000000 0,000000 0,000000
983 1675562610 23324,400000 -1,000000 -101,000000 0,000000 0,000000
983 1675562611 23324,400000 -1,000000 -101,000000 0,000000 0,000000
983 1675562612 23324,400000 -1,000000 -101,000000 0,000000 0,000000
983 1675562613 21846,400000 -1,000000 -101,000000 0,000000 0,000000
983 1675562614 21846,400000 -1,000000 -101,000000 0,000000 0,000000
983 1675562615 21846,400000 -1,000000 -101,000000 0,000000 0,000000
983 1675562616 21846,400000 -1,000000 -101,000000 0,000000 0,000000
983 1675562617 21846,400000 -1,000000 -101,000000 0,000000 0,000000
983 1675562618 3603,000000 -1,000000 -101,000000 0,000000 0,000000
983 1675562619 3603,000000 -1,000000 -101,000000 0,000000 0,000000
983 1675562620 3603,000000 -1,000000 -101,000000 0,000000 0,000000
983 1675562621 3603,000000 -1,000000 -101,000000 0,000000 0,000000
983 1675562622 3603,000000 -1,000000 -101,000000 0,000000 0,000000
983 1675562623 1859,800000 -1,000000 -101,000000 0,000000 0,000000
983 1675562624 1859,800000 -1,000000 -101,000000 0,000000 0,000000
983 1675562625 1859,800000 -1,000000 -101,000000 0,000000 0,000000
983 1675562626 1859,800000 -1,000000 -101,000000 0,000000 0,000000
983 1675562627 1859,800000 -1,000000 -101,000000 0,000000 0,000000
983 1675562628 3251,600000 -1,000000 -101,000000 0,000000 0,000000
983 1675562629 3251,600000 -1,000000 -101,000000 0,000000 0,000000
983 1675562630 3251,600000 -1,000000 -101,000000 0,000000 0,000000
983 1675562631 3251,600000 -1,000000 -101,000000 0,000000 0,000000
983 1675562632 3251,600000 -1,000000 -101,000000 0,000000 0,000000
983 1675562633 4164,200000 -1,000000 -101,000000 0,000000 0,000000
983 1675562634 4164,200000 -1,000000 -101,000000 0,000000 0,000000
983 1675562635 4164,200000 -1,000000 -101,000000 0,000000 0,000000
983 1675562636 4164,200000 -1,000000 -101,000000 0,000000 0,000000
983 1675562637 4164,200000 -1,000000 -101,000000 0,000000 0,000000
983 1675562638 4205,200000 -1,000000 -101,000000 0,000000 0,000000
983 1675562639 4205,200000 -1,000000 -101,000000 0,000000 0,000000
983 1675562640 4205,200000 -1,000000 -101,000000 0,000000 0,000000
983 1675562641 4205,200000 -1,000000 -101,000000 0,000000 0,000000
983 1675562642 4205,200000 -1,000000 -101,000000 0,000000 0,000000
983 1675562643 5553,800000 -1,000000 -101,000000 0,000000 0,000000
983 1675562644 5553,800000 -1,000000 -101,000000 0,000000 0,000000
983 1675562645 5553,800000 -1,000000 -101,000000 0,000000 0,000000
983 1675562646 5553,800000 -1,000000 -101,000000 0,000000 0,000000
983 1675562647 5553,800000 -1,000000 -101,000000 0,000000 0,000000
983 1675562648 6241,200000 -1,000000 -101,000000 0,000000 0,000000
983 1675562649 6241,200000 -1,000000 -101,000000 0,000000 0,000000
983 1675562650 6241,200000 -1,000000 -101,000000 0,000000 0,000000
983 1675562651 6241,200000 -1,000000 -101,000000 0,000000 0,000000
983 1675562652 6241,200000 -1,000000 -101,000000 0,000000 0,000000
983 1675562653 5465,000000 -1,000000 -101,000000 0,000000 0,000000
983 1675562654 5465,000000 -1,000000 -101,000000 0,000000 0,000000
983 1675562655 5465,000000 -1,000000 -101,000000 0,000000 0,000000
983 1675562656 5465,000000 -1,000000 -101,000000 0,000000 0,000000
983 1675562657 5465,000000 -1,000000 -101,000000 0,000000 0,000000
983 1675562658 22810,800000 -1,000000 -101,000000 0,000000 0,000000
983 1675562659 22810,800000 -1,000000 -101,000000 0,000000 0,000000
983 1675562660 22810,800000 -1,000000 -101,000000 0,000000 0,000000
983 1675562661 22810,800000 -1,000000 -101,000000 0,000000 0,000000
983 1675562662 22810,800000 -1,000000 -101,000000 0,000000 0,000000
983 1675562663 24969,800000 -1,000000 -101,000000 0,000000 0,000000
983 1675562664 24969,800000 -1,000000 -101,000000 0,000000 0,000000
983 1675562665 24969,800000 -1,000000 -101,000000 0,000000 0,000000
983 1675562666 24969,800000 -1,000000 -101,000000 0,000000 0,000000
983 1675562667 24969,800000 -1,000000 -101,000000 0,000000 0,000000
983 1675562668 61435,000000 -1,000000 -101,000000 0,000000 0,000000
983 1675562669 61435,000000 -1,000000 -101,000000 0,000000 0,000000
983 1675562670 61435,000000 -1,000000 -101,000000 0,000000 0,000000
983 1675562671 61435,000000 -1,000000 -101,000000 0,000000 0,000000
983 1675562672 61435,000000 -1,000000 -101,000000 0,000000 0,000000
983 1675562673 24500,200000 -1,000000 -101,000000 0,000000 0,000000
983 1675562674 24500,200000 -1,000000 -101,000000 0,000000 0,000000
983 1675562675 24500,200000 -1,000000 -101,000000 0,000000 0,000000
983 1675562676 24500,200000 -1,000000 -101,000000 0,000000 0,000000
983 1675562677 24500,200000 -1,000000 -101,000000 0,000000 0,000000
983 1675562678 18948,400000 -1,000000 -101,000000 0,000000 0,000000
983 1675562679 18948,400000 -1,000000 -101,000000 0,000000 0,000000
983 1675562680 18948,400000 -1,000000 -101,000000 0,000000 0,000000
983 1675562681 18948,400000 -1,000000 -101,000000 0,000000 0,000000
983 1675562682 18948,400000 -1,000000 -101,000000 0,000000 0,000000
983 1675562683 5716,200000 -1,000000 -101,000000 0,000000 0,000000
983 1675562684 5716,200000 -1,000000 -101,000000 0,000000 0,000000
983 1675562685 5716,200000 -1,000000 -101,000000 0,000000 0,000000
983 1675562686 5716,200000 -1,000000 -101,000000 0,000000 0,000000
983 1675562687 5716,200000 -1,000000 -101,000000 0,000000 0,000000
983 1675562688 2947,200000 -1,000000 -101,000000 0,000000 0,000000
983 1675562689 2947,200000 -1,000000 -101,000000 0,000000 0,000000
983 1675562690 2947,200000 -1,000000 -101,000000 0,000000 0,000000
983 1675562691 2947,200000 -1,000000 -101,000000 0,000000 0,000000
983 1675562692 2947,200000 -1,000000 -101,000000 0,000000 0,000000
983 1675562693 5173,600000 -1,000000 -101,000000 0,000000 0,000000
983 1675562694 5173,600000 -1,000000 -101,000000 0,000000 0,000000
983 1675562695 5173,600000 -1,000000 -101,000000 0,000000 0,000000
983 1675562696 5173,600000 -1,000000 -101,000000 0,000000 0,000000
983 1675562697 5173,600000 -1,000000 -101,000000 0,000000 0,000000
983 1675562698 4976,600000 -1,000000 -101,000000 0,000000 0,000000
983 1675562699 4976,600000 -1,000000 -101,000000 0,000000 0,000000
983 1675562700 4976,600000 -1,000000 -101,000000 0,000000 0,000000
983 1675562701 4976,600000 -1,000000 -101,000000 0,000000 0,000000
983 1675562702 4976,600000 -1,000000 -101,000000 0,000000 0,000000
983 1675562703 5589,600000 -1,000000 -101,000000 0,000000 0,000000
983 1675562704 5589,600000 -1,000000 -101,000000 0,000000 0,000000
983 1675562705 5589,600000 -1,000000 -101,000000 0,000000 0,000000
983 1675562706 5589,600000 -1,000000 -101,000000 0,000000 0,000000
983 1675562707 5589,600000 -1,000000 -101,000000 0,000000 0,000000
983 1675562708 6795,400000 -1,000000 -101,000000 0,000000 0,000000
983 1675562709 6795,400000 -1,000000 -101,000000 0,000000 0,000000
983 1675562710 6795,400000 -1,000000 -101,000000 0,000000 0,000000
983 1675562711 6795,400000 -1,000000 -101,000000 0,000000 0,000000
983 1675562712 6795,400000 -1,000000 -101,000000 0,000000 0,000000
983 1675562713 4688,200000 -1,000000 -101,000000 0,000000 0,000000
983 1675562714 4688,200000 -1,000000 -101,000000 0,000000 0,000000
983 1675562715 4688,200000 -1,000000 -101,000000 0,000000 0,000000
983 1675562716 4688,200000 -1,000000 -101,000000 0,000000 0,000000
983 1675562717 4688,200000 -1,000000 -101,000000 0,000000 0,000000
983 1675562718 3486,000000 -1,000000 -101,000000 0,000000 0,000000
983 1675562719 3486,000000 -1,000000 -101,000000 0,000000 0,000000
983 1675562720 3486,000000 -1,000000 -101,000000 0,000000 0,000000
983 1675562721 3486,000000 -1,000000 -101,000000 0,000000 0,000000
983 1675562722 3486,000000 -1,000000 -101,000000 0,000000 0,000000
983 1675562723 20767,800000 -1,000000 -101,000000 0,000000 0,000000
983 1675562724 20767,800000 -1,000000 -101,000000 0,000000 0,000000
983 1675562725 20767,800000 -1,000000 -101,000000 0,000000 0,000000
983 1675562726 20767,800000 -1,000000 -101,000000 0,000000 0,000000
983 1675562727 20767,800000 -1,000000 -101,000000 0,000000 0,000000
983 1675562728 18857,600000 -1,000000 -101,000000 0,000000 0,000000
983 1675562729 18857,600000 -1,000000 -101,000000 0,000000 0,000000
983 1675562730 18857,600000 -1,000000 -101,000000 0,000000 0,000000
983 1675562731 18857,600000 -1,000000 -101,000000 0,000000 0,000000
983 1675562732 18857,600000 -1,000000 -101,000000 0,000000 0,000000
983 1675562733 2592,800000 -1,000000 -101,000000 0,000000 0,000000
983 1675562734 2592,800000 -1,000000 -101,000000 0,000000 0,000000
983 1675562735 2592,800000 -1,000000 -101,000000 0,000000 0,000000
983 1675562736 2592,800000 -1,000000 -101,000000 0,000000 0,000000
983 1675562737 2592,800000 -1,000000 -101,000000 0,000000 0,000000
983 1675562738 774,800000 -1,000000 -101,000000 0,000000 0,000000
983 1675562739 774,800000 -1,000000 -101,000000 0,000000 0,000000
983 1675562740 774,800000 -1,000000 -101,000000 0,000000 0,000000
983 1675562741 774,800000 -1,000000 -101,000000 0,000000 0,000000
983 1675562742 774,800000 -1,000000 -101,000000 0,000000 0,000000
983 1675562743 1683,000000 -1,000000 -101,000000 0,000000 0,000000
983 1675562744 1683,000000 -1,000000 -101,000000 0,000000 0,000000
983 1675562745 1683,000000 -1,000000 -101,000000 0,000000 0,000000
983 1675562746 1683,000000 -1,000000 -101,000000 0,000000 0,000000
983 1675562747 1683,000000 -1,000000 -101,000000 0,000000 0,000000
983 1675562748 4706,400000 -1,000000 -101,000000 0,000000 0,000000
983 1675562749 4706,400000 -1,000000 -101,000000 0,000000 0,000000
983 1675562750 4706,400000 -1,000000 -101,000000 0,000000 0,000000
983 1675562751 4706,400000 -1,000000 -101,000000 0,000000 0,000000
983 1675562752 4706,400000 -1,000000 -101,000000 0,000000 0,000000
983 1675562753 4032,600000 -1,000000 -101,000000 0,000000 0,000000
983 1675562754 4032,600000 -1,000000 -101,000000 0,000000 0,000000
983 1675562755 4032,600000 -1,000000 -101,000000 0,000000 0,000000
983 1675562756 4032,600000 -1,000000 -101,000000 0,000000 0,000000
983 1675562757 4032,600000 -1,000000 -101,000000 0,000000 0,000000
983 1675562758 10407,200000 -1,000000 -101,000000 0,000000 0,000000
983 1675562759 10407,200000 -1,000000 -101,000000 0,000000 0,000000
983 1675562760 10407,200000 -1,000000 -101,000000 0,000000 0,000000
983 1675562761 10407,200000 -1,000000 -101,000000 0,000000 0,000000
983 1675562762 10407,200000 -1,000000 -101,000000 0,000000 0,000000
983 1675562763 23960,000000 -1,000000 -101,000000 0,000000 0,000000
983 1675562764 23960,000000 -1,000000 -101,000000 0,000000 0,000000
983 1675562765 23960,000000 -1,000000 -101,000000 0,000000 0,000000
983 1675562766 23960,000000 -1,000000 -101,000000 0,000000 0,000000
983 1675562767 23960,000000 -1,000000 -101,000000 0,000000 0,000000
983 1675562768 25751,000000 -1,000000 -101,000000 0,000000 0,000000
983 1675562769 25751,000000 -1,000000 -101,000000 0,000000 0,000000
983 1675562770 25751,000000 -1,000000 -101,000000 0,000000 0,000000
983 1675562771 25751,000000 -1,000000 -101,000000 0,000000 0,000000
983 1675562772 25751,000000 -1,000000 -101,000000 0,000000 0,000000
983 1675562773 22310,800000 -1,000000 -101,000000 0,000000 0,000000
983 1675562774 22310,800000 -1,000000 -101,000000 0,000000 0,000000
983 1675562775 22310,800000 -1,000000 -101,000000 0,000000 0,000000
983 1675562776 22310,800000 -1,000000 -101,000000 0,000000 0,000000
983 1675562777 22310,800000 -1,000000 -101,000000 0,000000 0,000000
983 1675562778 32618,400000 -1,000000 -101,000000 0,000000 0,000000
983 1675562779 32618,400000 -1,000000 -101,000000 0,000000 0,000000
983 1675562780 32618,400000 -1,000000 -101,000000 0,000000 0,000000
983 1675562781 32618,400000 -1,000000 -101,000000 0,000000 0,000000
983 1675562782 32618,400000 -1,000000 -101,000000 0,000000 0,000000
983 1675562783 3321,200000 -1,000000 -101,000000 0,000000 0,000000
983 1675562784 3321,200000 -1,000000 -101,000000 0,000000 0,000000
983 1675562785 3321,200000 -1,000000 -101,000000 0,000000 0,000000
983 1675562786 3321,200000 -1,000000 -101,000000 0,000000 0,000000
983 1675562787 3321,200000 -1,000000 -101,000000 0,000000 0,000000
983 1675562788 4191,600000 -1,000000 -101,000000 0,000000 0,000000
983 1675562789 4191,600000 -1,000000 -101,000000 0,000000 0,000000
983 1675562790 4191,600000 -1,000000 -101,000000 0,000000 0,000000
983 1675562791 4191,600000 -1,000000 -101,000000 0,000000 0,000000
983 1675562792 4191,600000 -1,000000 -101,000000 0,000000 0,000000
983 1675562793 31550,600000 -1,000000 -101,000000 0,000000 0,000000
983 1675562794 31550,600000 -1,000000 -101,000000 0,000000 0,000000
983 1675562795 31550,600000 -1,000000 -101,000000 0,000000 0,000000
983 1675562796 31550,600000 -1,000000 -101,000000 0,000000 0,000000
983 1675562797 31550,600000 -1,000000 -101,000000 0,000000 0,000000
983 1675562798 2197,600000 -1,000000 -101,000000 0,000000 0,000000
983 1675562799 2197,600000 -1,000000 -101,000000 0,000000 0,000000
983 1675562800 2197,600000 -1,000000 -101,000000 0,000000 0,000000
983 1675562801 2197,600000 -1,000000 -101,000000 0,000000 0,000000
983 1675562802 2197,600000 -1,000000 -101,000000 0,000000 0,000000
983 1675562803 1570,800000 -1,000000 -101,000000 0,000000 0,000000
983 1675562804 1570,800000 -1,000000 -101,000000 0,000000 0,000000
983 1675562805 1570,800000 -1,000000 -101,000000 0,000000 0,000000
983 1675562806 1570,800000 -1,000000 -101,000000 0,000000 0,000000
983 1675562807 1570,800000 -1,000000 -101,000000 0,000000 0,000000
983 1675562808 2036,400000 -1,000000 -101,000000 0,000000 0,000000
983 1675562809 2036,400000 -1,000000 -101,000000 0,000000 0,000000
983 1675562810 2036,400000 -1,000000 -101,000000 0,000000 0,000000
983 1675562811 2036,400000 -1,000000 -101,000000 0,000000 0,000000
983 1675562812 2036,400000 -1,000000 -101,000000 0,000000 0,000000
983 1675562813 1845,800000 -1,000000 -101,000000 0,000000 0,000000
983 1675562814 1845,800000 -1,000000 -101,000000 0,000000 0,000000
983 1675562815 1845,800000 -1,000000 -101,000000 0,000000 0,000000
983 1675562816 1845,800000 -1,000000 -101,000000 0,000000 0,000000
983 1675562817 1845,800000 -1,000000 -101,000000 0,000000 0,000000
983 1675562818 3253,000000 -1,000000 -101,000000 0,000000 0,000000
983 1675562819 3253,000000 -1,000000 -101,000000 0,000000 0,000000
983 1675562820 3253,000000 -1,000000 -101,000000 0,000000 0,000000
983 1675562821 3253,000000 -1,000000 -101,000000 0,000000 0,000000
983 1675562822 3253,000000 -1,000000 -101,000000 0,000000 0,000000
983 1675562823 8908,600000 -1,000000 -101,000000 0,000000 0,000000
983 1675562824 8908,600000 -1,000000 -101,000000 0,000000 0,000000
983 1675562825 8908,600000 -1,000000 -101,000000 0,000000 0,000000
983 1675562826 8908,600000 -1,000000 -101,000000 0,000000 0,000000
983 1675562827 8908,600000 -1,000000 -101,000000 0,000000 0,000000
983 1675562828 6863,600000 -1,000000 -101,000000 0,000000 0,000000
983 1675562829 6863,600000 -1,000000 -101,000000 0,000000 0,000000
983 1675562830 6863,600000 -1,000000 -101,000000 0,000000 0,000000
983 1675562831 6863,600000 -1,000000 -101,000000 0,000000 0,000000
983 1675562832 6863,600000 -1,000000 -101,000000 0,000000 0,000000
983 1675562833 28673,400000 -1,000000 -101,000000 0,000000 0,000000
983 1675562834 28673,400000 -1,000000 -101,000000 0,000000 0,000000
983 1675562835 28673,400000 -1,000000 -101,000000 0,000000 0,000000
983 1675562836 28673,400000 -1,000000 -101,000000 0,000000 0,000000
983 1675562837 28673,400000 -1,000000 -101,000000 0,000000 0,000000
983 1675562838 3978,000000 -1,000000 -101,000000 0,000000 0,000000
983 1675562839 3978,000000 -1,000000 -101,000000 0,000000 0,000000
983 1675562840 3978,000000 -1,000000 -101,000000 0,000000 0,000000
983 1675562841 3978,000000 -1,000000 -101,000000 0,000000 0,000000
983 1675562842 3978,000000 -1,000000 -101,000000 0,000000 0,000000
983 1675562843 24969,800000 -1,000000 -101,000000 0,000000 0,000000
983 1675562844 24969,800000 -1,000000 -101,000000 0,000000 0,000000
983 1675562845 24969,800000 -1,000000 -101,000000 0,000000 0,000000
983 1675562846 24969,800000 -1,000000 -101,000000 0,000000 0,000000
983 1675562847 24969,800000 -1,000000 -101,000000 0,000000 0,000000
983 1675562848 2153,600000 -1,000000 -101,000000 0,000000 0,000000
983 1675562849 2153,600000 -1,000000 -101,000000 0,000000 0,000000
983 1675562850 2153,600000 -1,000000 -101,000000 0,000000 0,000000
983 1675562851 2153,600000 -1,000000 -101,000000 0,000000 0,000000
983 1675562852 2153,600000 -1,000000 -101,000000 0,000000 0,000000
983 1675562853 42817,200000 -1,000000 -101,000000 0,000000 0,000000
983 1675562854 42817,200000 -1,000000 -101,000000 0,000000 0,000000
983 1675562855 42817,200000 -1,000000 -101,000000 0,000000 0,000000
983 1675562856 42817,200000 -1,000000 -101,000000 0,000000 0,000000
983 1675562857 42817,200000 -1,000000 -101,000000 0,000000 0,000000
983 1675562858 3697,800000 -1,000000 -101,000000 0,000000 0,000000
983 1675562859 3697,800000 -1,000000 -101,000000 0,000000 0,000000
983 1675562860 3697,800000 -1,000000 -101,000000 0,000000 0,000000
983 1675562861 3697,800000 -1,000000 -101,000000 0,000000 0,000000
983 1675562862 3697,800000 -1,000000 -101,000000 0,000000 0,000000
983 1675562863 20141,800000 -1,000000 -101,000000 0,000000 0,000000
983 1675562864 20141,800000 -1,000000 -101,000000 0,000000 0,000000
983 1675562865 20141,800000 -1,000000 -101,000000 0,000000 0,000000
983 1675562866 20141,800000 -1,000000 -101,000000 0,000000 0,000000
983 1675562867 20141,800000 -1,000000 -101,000000 0,000000 0,000000
983 1675562868 16637,000000 -1,000000 -101,000000 0,000000 0,000000
983 1675562869 16637,000000 -1,000000 -101,000000 0,000000 0,000000
983 1675562870 16637,000000 -1,000000 -101,000000 0,000000 0,000000
983 1675562871 16637,000000 -1,000000 -101,000000 0,000000 0,000000
983 1675562872 16637,000000 -1,000000 -101,000000 0,000000 0,000000
983 1675562873 16008,600000 -1,000000 -101,000000 0,000000 0,000000
983 1675562874 16008,600000 -1,000000 -101,000000 0,000000 0,000000
983 1675562875 16008,600000 -1,000000 -101,000000 0,000000 0,000000
983 1675562876 16008,600000 -1,000000 -101,000000 0,000000 0,000000
983 1675562877 16008,600000 -1,000000 -101,000000 0,000000 0,000000
983 1675562878 14894,000000 -1,000000 -101,000000 0,000000 0,000000
983 1675562879 14894,000000 -1,000000 -101,000000 0,000000 0,000000
983 1675562880 14894,000000 -1,000000 -101,000000 0,000000 0,000000
983 1675562881 14894,000000 -1,000000 -101,000000 0,000000 0,000000
983 1675562882 14894,000000 -1,000000 -101,000000 0,000000 0,000000
983 1675562883 3120,800000 -1,000000 -101,000000 0,000000 0,000000
983 1675562884 3120,800000 -1,000000 -101,000000 0,000000 0,000000
983 1675562885 3120,800000 -1,000000 -101,000000 0,000000 0,000000
983 1675562886 3120,800000 -1,000000 -101,000000 0,000000 0,000000
983 1675562887 3120,800000 -1,000000 -101,000000 0,000000 0,000000
983 1675562888 3428,200000 -1,000000 -101,000000 0,000000 0,000000
983 1675562889 3428,200000 -1,000000 -101,000000 0,000000 0,000000
983 1675562890 3428,200000 -1,000000 -101,000000 0,000000 0,000000
983 1675562891 3428,200000 -1,000000 -101,000000 0,000000 0,000000
983 1675562892 3428,200000 -1,000000 -101,000000 0,000000 0,000000
983 1675562893 5287,600000 -1,000000 -101,000000 0,000000 0,000000
983 1675562894 5287,600000 -1,000000 -101,000000 0,000000 0,000000
983 1675562895 5287,600000 -1,000000 -101,000000 0,000000 0,000000
983 1675562896 5287,600000 -1,000000 -101,000000 0,000000 0,000000
983 1675562897 5287,600000 -1,000000 -101,000000 0,000000 0,000000
983 1675562898 6671,400000 -1,000000 -101,000000 0,000000 0,000000
983 1675562899 6671,400000 -1,000000 -101,000000 0,000000 0,000000
983 1675562900 6671,400000 -1,000000 -101,000000 0,000000 0,000000
983 1675562901 6671,400000 -1,000000 -101,000000 0,000000 0,000000
983 1675562902 6671,400000 -1,000000 -101,000000 0,000000 0,000000
983 1675562903 23014,200000 -1,000000 -101,000000 0,000000 0,000000
983 1675562904 23014,200000 -1,000000 -101,000000 0,000000 0,000000
983 1675562905 23014,200000 -1,000000 -101,000000 0,000000 0,000000
983 1675562906 23014,200000 -1,000000 -101,000000 0,000000 0,000000
983 1675562907 23014,200000 -1,000000 -101,000000 0,000000 0,000000
983 1675562908 5784,600000 -1,000000 -101,000000 0,000000 0,000000
983 1675562909 5784,600000 -1,000000 -101,000000 0,000000 0,000000
983 1675562910 5784,600000 -1,000000 -101,000000 0,000000 0,000000
983 1675562911 5784,600000 -1,000000 -101,000000 0,000000 0,000000
983 1675562912 5784,600000 -1,000000 -101,000000 0,000000 0,000000
983 1675562913 1887,000000 -1,000000 -101,000000 0,000000 0,000000
983 1675562914 1887,000000 -1,000000 -101,000000 0,000000 0,000000
983 1675562915 1887,000000 -1,000000 -101,000000 0,000000 0,000000
983 1675562916 1887,000000 -1,000000 -101,000000 0,000000 0,000000
983 1675562917 1887,000000 -1,000000 -101,000000 0,000000 0,000000
983 1675562918 39139,200000 -1,000000 -101,000000 0,000000 0,000000
983 1675562919 39139,200000 -1,000000 -101,000000 0,000000 0,000000
983 1675562920 39139,200000 -1,000000 -101,000000 0,000000 0,000000
983 1675562921 39139,200000 -1,000000 -101,000000 0,000000 0,000000
983 1675562922 39139,200000 -1,000000 -101,000000 0,000000 0,000000
983 1675562923 1112,600000 -1,000000 -101,000000 0,000000 0,000000
983 1675562924 1112,600000 -1,000000 -101,000000 0,000000 0,000000
983 1675562925 1112,600000 -1,000000 -101,000000 0,000000 0,000000
983 1675562926 1112,600000 -1,000000 -101,000000 0,000000 0,000000
983 1675562927 1112,600000 -1,000000 -101,000000 0,000000 0,000000
983 1675562928 1084,200000 -1,000000 -101,000000 0,000000 0,000000
983 1675562929 1084,200000 -1,000000 -101,000000 0,000000 0,000000
983 1675562930 1084,200000 -1,000000 -101,000000 0,000000 0,000000
983 1675562931 1084,200000 -1,000000 -101,000000 0,000000 0,000000
983 1675562932 1084,200000 -1,000000 -101,000000 0,000000 0,000000
983 1675562933 3740,400000 -1,000000 -101,000000 0,000000 0,000000
983 1675562934 3740,400000 -1,000000 -101,000000 0,000000 0,000000
983 1675562935 3740,400000 -1,000000 -101,000000 0,000000 0,000000
983 1675562936 3740,400000 -1,000000 -101,000000 0,000000 0,000000
983 1675562937 3740,400000 -1,000000 -101,000000 0,000000 0,000000
983 1675562938 5179,200000 -1,000000 -101,000000 0,000000 0,000000
983 1675562939 5179,200000 -1,000000 -101,000000 0,000000 0,000000
983 1675562940 5179,200000 -1,000000 -101,000000 0,000000 0,000000
983 1675562941 5179,200000 -1,000000 -101,000000 0,000000 0,000000
983 1675562942 5179,200000 -1,000000 -101,000000 0,000000 0,000000
983 1675562943 23312,600000 -1,000000 -101,000000 0,000000 0,000000
983 1675562944 23312,600000 -1,000000 -101,000000 0,000000 0,000000
983 1675562945 23312,600000 -1,000000 -101,000000 0,000000 0,000000
983 1675562946 23312,600000 -1,000000 -101,000000 0,000000 0,000000
983 1675562947 23312,600000 -1,000000 -101,000000 0,000000 0,000000
983 1675562948 2168,000000 -1,000000 -101,000000 0,000000 0,000000
983 1675562949 2168,000000 -1,000000 -101,000000 0,000000 0,000000
983 1675562950 2168,000000 -1,000000 -101,000000 0,000000 0,000000
983 1675562951 2168,000000 -1,000000 -101,000000 0,000000 0,000000
983 1675562952 2168,000000 -1,000000 -101,000000 0,000000 0,000000
983 1675562953 4999,800000 -1,000000 -101,000000 0,000000 0,000000
983 1675562954 4999,800000 -1,000000 -101,000000 0,000000 0,000000
983 1675562955 4999,800000 -1,000000 -101,000000 0,000000 0,000000
983 1675562956 4999,800000 -1,000000 -101,000000 0,000000 0,000000
983 1675562957 4999,800000 -1,000000 -101,000000 0,000000 0,000000
983 1675562958 7328,200000 -1,000000 -101,000000 0,000000 0,000000
983 1675562959 7328,200000 -1,000000 -101,000000 0,000000 0,000000
983 1675562960 7328,200000 -1,000000 -101,000000 0,000000 0,000000
983 1675562961 7328,200000 -1,000000 -101,000000 0,000000 0,000000
983 1675562962 7328,200000 -1,000000 -101,000000 0,000000 0,000000
983 1675562963 19678,200000 -1,000000 -101,000000 0,000000 0,000000
983 1675562964 19678,200000 -1,000000 -101,000000 0,000000 0,000000
983 1675562965 19678,200000 -1,000000 -101,000000 0,000000 0,000000
983 1675562966 19678,200000 -1,000000 -101,000000 0,000000 0,000000
983 1675562967 19678,200000 -1,000000 -101,000000 0,000000 0,000000
983 1675562968 37050,800000 -1,000000 -101,000000 0,000000 0,000000
983 1675562969 37050,800000 -1,000000 -101,000000 0,000000 0,000000
983 1675562970 37050,800000 -1,000000 -101,000000 0,000000 0,000000
983 1675562971 37050,800000 -1,000000 -101,000000 0,000000 0,000000
983 1675562972 37050,800000 -1,000000 -101,000000 0,000000 0,000000
983 1675562973 29884,600000 -1,000000 -101,000000 0,000000 0,000000
983 1675562974 29884,600000 -1,000000 -101,000000 0,000000 0,000000
983 1675562975 29884,600000 -1,000000 -101,000000 0,000000 0,000000
983 1675562976 29884,600000 -1,000000 -101,000000 0,000000 0,000000
983 1675562977 29884,600000 -1,000000 -101,000000 0,000000 0,000000
983 1675562978 57806,800000 -1,000000 -101,000000 0,000000 0,000000
983 1675562979 57806,800000 -1,000000 -101,000000 0,000000 0,000000
983 1675562980 57806,800000 -1,000000 -101,000000 0,000000 0,000000
983 1675562981 57806,800000 -1,000000 -101,000000 0,000000 0,000000
983 1675562982 57806,800000 -1,000000 -101,000000 0,000000 0,000000
983 1675562983 6344,200000 -1,000000 -101,000000 0,000000 0,000000
983 1675562984 6344,200000 -1,000000 -101,000000 0,000000 0,000000
983 1675562985 6344,200000 -1,000000 -101,000000 0,000000 0,000000
983 1675562986 6344,200000 -1,000000 -101,000000 0,000000 0,000000
983 1675562987 6344,200000 -1,000000 -101,000000 0,000000 0,000000
983 1675562988 848,600000 -1,000000 -101,000000 0,000000 0,000000
983 1675562989 848,600000 -1,000000 -101,000000 0,000000 0,000000
983 1675562990 848,600000 -1,000000 -101,000000 0,000000 0,000000
983 1675562991 848,600000 -1,000000 -101,000000 0,000000 0,000000
983 1675562992 848,600000 -1,000000 -101,000000 0,000000 0,000000
983 1675562993 1566,400000 -1,000000 -101,000000 0,000000 0,000000
983 1675562994 1566,400000 -1,000000 -101,000000 0,000000 0,000000
983 1675562995 1566,400000 -1,000000 -101,000000 0,000000 0,000000
983 1675562996 1566,400000 -1,000000 -101,000000 0,000000 0,000000
983 1675562997 1566,400000 -1,000000 -101,000000 0,000000 0,000000
983 1675562998 2167,400000 -1,000000 -101,000000 0,000000 0,000000
983 1675562999 2167,400000 -1,000000 -101,000000 0,000000 0,000000
983 1675563000 2167,400000 -1,000000 -101,000000 0,000000 0,000000
983 1675563001 2167,400000 -1,000000 -101,000000 0,000000 0,000000
983 1675563002 2167,400000 -1,000000 -101,000000 0,000000 0,000000
983 1675563003 4225,400000 -1,000000 -101,000000 0,000000 0,000000
983 1675563004 4225,400000 -1,000000 -101,000000 0,000000 0,000000
983 1675563005 4225,400000 -1,000000 -101,000000 0,000000 0,000000
983 1675563006 4225,400000 -1,000000 -101,000000 0,000000 0,000000
983 1675563007 4225,400000 -1,000000 -101,000000 0,000000 0,000000
983 1675563008 7812,600000 -1,000000 -101,000000 0,000000 0,000000
983 1675563009 7812,600000 -1,000000 -101,000000 0,000000 0,000000
983 1675563010 7812,600000 -1,000000 -101,000000 0,000000 0,000000
983 1675563011 7812,600000 -1,000000 -101,000000 0,000000 0,000000
983 1675563012 7812,600000 -1,000000 -101,000000 0,000000 0,000000
983 1675563013 6712,200000 -1,000000 -101,000000 0,000000 0,000000
983 1675563014 6712,200000 -1,000000 -101,000000 0,000000 0,000000
983 1675563015 6712,200000 -1,000000 -101,000000 0,000000 0,000000
983 1675563016 6712,200000 -1,000000 -101,000000 0,000000 0,000000
983 1675563017 6712,200000 -1,000000 -101,000000 0,000000 0,000000
983 1675563018 5225,400000 -1,000000 -101,000000 0,000000 0,000000
983 1675563019 5225,400000 -1,000000 -101,000000 0,000000 0,000000
983 1675563020 5225,400000 -1,000000 -101,000000 0,000000 0,000000
983 1675563021 5225,400000 -1,000000 -101,000000 0,000000 0,000000
983 1675563022 5225,400000 -1,000000 -101,000000 0,000000 0,000000
983 1675563023 1567,000000 -1,000000 -101,000000 0,000000 0,000000
983 1675563024 1567,000000 -1,000000 -101,000000 0,000000 0,000000
983 1675563025 1567,000000 -1,000000 -101,000000 0,000000 0,000000
983 1675563026 1567,000000 -1,000000 -101,000000 0,000000 0,000000
983 1675563027 1567,000000 -1,000000 -101,000000 0,000000 0,000000
983 1675563028 21855,800000 -1,000000 -101,000000 0,000000 0,000000
983 1675563029 21855,800000 -1,000000 -101,000000 0,000000 0,000000
983 1675563030 21855,800000 -1,000000 -101,000000 0,000000 0,000000
983 1675563031 21855,800000 -1,000000 -101,000000 0,000000 0,000000
983 1675563032 21855,800000 -1,000000 -101,000000 0,000000 0,000000
983 1675563033 1950,600000 -1,000000 -101,000000 0,000000 0,000000
983 1675563034 1950,600000 -1,000000 -101,000000 0,000000 0,000000
983 1675563035 1950,600000 -1,000000 -101,000000 0,000000 0,000000
983 1675563036 1950,600000 -1,000000 -101,000000 0,000000 0,000000
983 1675563037 1950,600000 -1,000000 -101,000000 0,000000 0,000000
983 1675563038 14856,600000 -1,000000 -101,000000 0,000000 0,000000
983 1675563039 14856,600000 -1,000000 -101,000000 0,000000 0,000000
983 1675563040 14856,600000 -1,000000 -101,000000 0,000000 0,000000
983 1675563041 14856,600000 -1,000000 -101,000000 0,000000 0,000000
983 1675563042 14856,600000 -1,000000 -101,000000 0,000000 0,000000
983 1675563043 22361,000000 -1,000000 -101,000000 0,000000 0,000000
983 1675563044 22361,000000 -1,000000 -101,000000 0,000000 0,000000
983 1675563045 22361,000000 -1,000000 -101,000000 0,000000 0,000000
983 1675563046 22361,000000 -1,000000 -101,000000 0,000000 0,000000
983 1675563047 22361,000000 -1,000000 -101,000000 0,000000 0,000000
