991 1675561633 0,200000 -1,000000 -101,000000 0,000000 0,000000
991 1675561634 0,200000 -1,000000 -101,000000 0,000000 0,000000
991 1675561635 0,200000 -1,000000 -101,000000 0,000000 0,000000
991 1675561636 0,200000 -1,000000 -101,000000 0,000000 0,000000
991 1675561637 0,200000 -1,000000 -101,000000 0,000000 0,000000
991 1675561648 0,200000 -1,000000 -101,000000 0,000000 0,000000
991 1675561649 0,200000 -1,000000 -101,000000 0,000000 0,000000
991 1675561650 0,200000 -1,000000 -101,000000 0,000000 0,000000
991 1675561651 0,200000 -1,000000 -101,000000 0,000000 0,000000
991 1675561652 0,200000 -1,000000 -101,000000 0,000000 0,000000
991 1675561678 0,200000 -1,000000 -101,000000 0,000000 0,000000
991 1675561679 0,200000 -1,000000 -101,000000 0,000000 0,000000
991 1675561680 0,200000 -1,000000 -101,000000 0,000000 0,000000
991 1675561681 0,200000 -1,000000 -101,000000 0,000000 0,000000
991 1675561682 0,200000 -1,000000 -101,000000 0,000000 0,000000
991 1675561683 0,400000 -1,000000 -101,000000 0,000000 0,000000
991 1675561684 0,400000 -1,000000 -101,000000 0,000000 0,000000
991 1675561685 0,400000 -1,000000 -101,000000 0,000000 0,000000
991 1675561686 0,400000 -1,000000 -101,000000 0,000000 0,000000
991 1675561687 0,400000 -1,000000 -101,000000 0,000000 0,000000
991 1675561703 0,400000 -1,000000 -101,000000 0,000000 0,000000
991 1675561704 0,400000 -1,000000 -101,000000 0,000000 0,000000
991 1675561705 0,400000 -1,000000 -101,000000 0,000000 0,000000
991 1675561706 0,400000 -1,000000 -101,000000 0,000000 0,000000
991 1675561707 0,400000 -1,000000 -101,000000 0,000000 0,000000
991 1675561708 0,200000 -1,000000 -101,000000 0,000000 0,000000
991 1675561709 0,200000 -1,000000 -101,000000 0,000000 0,000000
991 1675561710 0,200000 -1,000000 -101,000000 0,000000 0,000000
991 1675561711 0,200000 -1,000000 -101,000000 0,000000 0,000000
991 1675561712 0,200000 -1,000000 -101,000000 0,000000 0,000000
991 1675561713 0,400000 -1,000000 -101,000000 0,000000 0,000000
991 1675561714 0,400000 -1,000000 -101,000000 0,000000 0,000000
991 1675561715 0,400000 -1,000000 -101,000000 0,000000 0,000000
991 1675561716 0,400000 -1,000000 -101,000000 0,000000 0,000000
991 1675561717 0,400000 -1,000000 -101,000000 0,000000 0,000000
991 1675561718 0,200000 -1,000000 -101,000000 0,000000 0,000000
991 1675561719 0,200000 -1,000000 -101,000000 0,000000 0,000000
991 1675561720 0,200000 -1,000000 -101,000000 0,000000 0,000000
991 1675561721 0,200000 -1,000000 -101,000000 0,000000 0,000000
991 1675561722 0,200000 -1,000000 -101,000000 0,000000 0,000000
991 1675561723 0,600000 -1,000000 -101,000000 0,000000 0,000000
991 1675561724 0,600000 -1,000000 -101,000000 0,000000 0,000000
991 1675561725 0,600000 -1,000000 -101,000000 0,000000 0,000000
991 1675561726 0,600000 -1,000000 -101,000000 0,000000 0,000000
991 1675561727 0,600000 -1,000000 -101,000000 0,000000 0,000000
991 1675561728 0,600000 -1,000000 -101,000000 0,000000 0,000000
991 1675561729 0,600000 -1,000000 -101,000000 0,000000 0,000000
991 1675561730 0,600000 -1,000000 -101,000000 0,000000 0,000000
991 1675561731 0,600000 -1,000000 -101,000000 0,000000 0,000000
991 1675561732 0,600000 -1,000000 -101,000000 0,000000 0,000000
991 1675561758 0,200000 -1,000000 -101,000000 0,000000 0,000000
991 1675561759 0,200000 -1,000000 -101,000000 0,000000 0,000000
991 1675561760 0,200000 -1,000000 -101,000000 0,000000 0,000000
991 1675561761 0,200000 -1,000000 -101,000000 0,000000 0,000000
991 1675561762 0,200000 -1,000000 -101,000000 0,000000 0,000000
991 1675561763 0,200000 -1,000000 -101,000000 0,000000 0,000000
991 1675561764 0,200000 -1,000000 -101,000000 0,000000 0,000000
991 1675561765 0,200000 -1,000000 -101,000000 0,000000 0,000000
991 1675561766 0,200000 -1,000000 -101,000000 0,000000 0,000000
991 1675561767 0,200000 -1,000000 -101,000000 0,000000 0,000000
991 1675561768 0,200000 -1,000000 -101,000000 0,000000 0,000000
991 1675561769 0,200000 -1,000000 -101,000000 0,000000 0,000000
991 1675561770 0,200000 -1,000000 -101,000000 0,000000 0,000000
991 1675561771 0,200000 -1,000000 -101,000000 0,000000 0,000000
991 1675561772 0,200000 -1,000000 -101,000000 0,000000 0,000000
991 1675561783 0,200000 -1,000000 -101,000000 0,000000 0,000000
991 1675561784 0,200000 -1,000000 -101,000000 0,000000 0,000000
991 1675561785 0,200000 -1,000000 -101,000000 0,000000 0,000000
991 1675561786 0,200000 -1,000000 -101,000000 0,000000 0,000000
991 1675561787 0,200000 -1,000000 -101,000000 0,000000 0,000000
991 1675561788 0,400000 -1,000000 -101,000000 0,000000 0,000000
991 1675561789 0,400000 -1,000000 -101,000000 0,000000 0,000000
991 1675561790 0,400000 -1,000000 -101,000000 0,000000 0,000000
991 1675561791 0,400000 -1,000000 -101,000000 0,000000 0,000000
991 1675561792 0,400000 -1,000000 -101,000000 0,000000 0,000000
991 1675561798 0,400000 -1,000000 -101,000000 0,000000 0,000000
991 1675561799 0,400000 -1,000000 -101,000000 0,000000 0,000000
991 1675561800 0,400000 -1,000000 -101,000000 0,000000 0,000000
991 1675561801 0,400000 -1,000000 -101,000000 0,000000 0,000000
991 1675561802 0,400000 -1,000000 -101,000000 0,000000 0,000000
991 1675561818 0,400000 -1,000000 -101,000000 0,000000 0,000000
991 1675561819 0,400000 -1,000000 -101,000000 0,000000 0,000000
991 1675561820 0,400000 -1,000000 -101,000000 0,000000 0,000000
991 1675561821 0,400000 -1,000000 -101,000000 0,000000 0,000000
991 1675561822 0,400000 -1,000000 -101,000000 0,000000 0,000000
991 1675561823 0,600000 -1,000000 -101,000000 0,000000 0,000000
991 1675561824 0,600000 -1,000000 -101,000000 0,000000 0,000000
991 1675561825 0,600000 -1,000000 -101,000000 0,000000 0,000000
991 1675561826 0,600000 -1,000000 -101,000000 0,000000 0,000000
991 1675561827 0,600000 -1,000000 -101,000000 0,000000 0,000000
991 1675561838 0,600000 -1,000000 -101,000000 0,000000 0,000000
991 1675561839 0,600000 -1,000000 -101,000000 0,000000 0,000000
991 1675561840 0,600000 -1,000000 -101,000000 0,000000 0,000000
991 1675561841 0,600000 -1,000000 -101,000000 0,000000 0,000000
991 1675561842 0,600000 -1,000000 -101,000000 0,000000 0,000000
991 1675561853 0,200000 -1,000000 -101,000000 0,000000 0,000000
991 1675561854 0,200000 -1,000000 -101,000000 0,000000 0,000000
991 1675561855 0,200000 -1,000000 -101,000000 0,000000 0,000000
991 1675561856 0,200000 -1,000000 -101,000000 0,000000 0,000000
991 1675561857 0,200000 -1,000000 -101,000000 0,000000 0,000000
991 1675561863 0,400000 -1,000000 -101,000000 0,000000 0,000000
991 1675561864 0,400000 -1,000000 -101,000000 0,000000 0,000000
991 1675561865 0,400000 -1,000000 -101,000000 0,000000 0,000000
991 1675561866 0,400000 -1,000000 -101,000000 0,000000 0,000000
991 1675561867 0,400000 -1,000000 -101,000000 0,000000 0,000000
991 1675561868 0,400000 -1,000000 -101,000000 0,000000 0,000000
991 1675561869 0,400000 -1,000000 -101,000000 0,000000 0,000000
991 1675561870 0,400000 -1,000000 -101,000000 0,000000 0,000000
991 1675561871 0,400000 -1,000000 -101,000000 0,000000 0,000000
991 1675561872 0,400000 -1,000000 -101,000000 0,000000 0,000000
991 1675561873 0,200000 -1,000000 -101,000000 0,000000 0,000000
991 1675561874 0,200000 -1,000000 -101,000000 0,000000 0,000000
991 1675561875 0,200000 -1,000000 -101,000000 0,000000 0,000000
991 1675561876 0,200000 -1,000000 -101,000000 0,000000 0,000000
991 1675561877 0,200000 -1,000000 -101,000000 0,000000 0,000000
991 1675561888 0,400000 -1,000000 -101,000000 0,000000 0,000000
991 1675561889 0,400000 -1,000000 -101,000000 0,000000 0,000000
991 1675561890 0,400000 -1,000000 -101,000000 0,000000 0,000000
991 1675561891 0,400000 -1,000000 -101,000000 0,000000 0,000000
991 1675561892 0,400000 -1,000000 -101,000000 0,000000 0,000000
991 1675561903 0,200000 -1,000000 -101,000000 0,000000 0,000000
991 1675561904 0,200000 -1,000000 -101,000000 0,000000 0,000000
991 1675561905 0,200000 -1,000000 -101,000000 0,000000 0,000000
991 1675561906 0,200000 -1,000000 -101,000000 0,000000 0,000000
991 1675561907 0,200000 -1,000000 -101,000000 0,000000 0,000000
991 1675561913 0,200000 -1,000000 -101,000000 0,000000 0,000000
991 1675561914 0,200000 -1,000000 -101,000000 0,000000 0,000000
991 1675561915 0,200000 -1,000000 -101,000000 0,000000 0,000000
991 1675561916 0,200000 -1,000000 -101,000000 0,000000 0,000000
991 1675561917 0,200000 -1,000000 -101,000000 0,000000 0,000000
991 1675561943 0,200000 -1,000000 -101,000000 0,000000 0,000000
991 1675561944 0,200000 -1,000000 -101,000000 0,000000 0,000000
991 1675561945 0,200000 -1,000000 -101,000000 0,000000 0,000000
991 1675561946 0,200000 -1,000000 -101,000000 0,000000 0,000000
991 1675561947 0,200000 -1,000000 -101,000000 0,000000 0,000000
991 1675561948 2,000000 -1,000000 -101,000000 0,000000 0,000000
991 1675561949 2,000000 -1,000000 -101,000000 0,000000 0,000000
991 1675561950 2,000000 -1,000000 -101,000000 0,000000 0,000000
991 1675561951 2,000000 -1,000000 -101,000000 0,000000 0,000000
991 1675561952 2,000000 -1,000000 -101,000000 0,000000 0,000000
991 1675561958 0,200000 -1,000000 -101,000000 0,000000 0,000000
991 1675561959 0,200000 -1,000000 -101,000000 0,000000 0,000000
991 1675561960 0,200000 -1,000000 -101,000000 0,000000 0,000000
991 1675561961 0,200000 -1,000000 -101,000000 0,000000 0,000000
991 1675561962 0,200000 -1,000000 -101,000000 0,000000 0,000000
991 1675561963 0,400000 -1,000000 -101,000000 0,000000 0,000000
991 1675561964 0,400000 -1,000000 -101,000000 0,000000 0,000000
991 1675561965 0,400000 -1,000000 -101,000000 0,000000 0,000000
991 1675561966 0,400000 -1,000000 -101,000000 0,000000 0,000000
991 1675561967 0,400000 -1,000000 -101,000000 0,000000 0,000000
991 1675561983 0,200000 -1,000000 -101,000000 0,000000 0,000000
991 1675561984 0,200000 -1,000000 -101,000000 0,000000 0,000000
991 1675561985 0,200000 -1,000000 -101,000000 0,000000 0,000000
991 1675561986 0,200000 -1,000000 -101,000000 0,000000 0,000000
991 1675561987 0,200000 -1,000000 -101,000000 0,000000 0,000000
991 1675561988 0,200000 -1,000000 -101,000000 0,000000 0,000000
991 1675561989 0,200000 -1,000000 -101,000000 0,000000 0,000000
991 1675561990 0,200000 -1,000000 -101,000000 0,000000 0,000000
991 1675561991 0,200000 -1,000000 -101,000000 0,000000 0,000000
991 1675561992 0,200000 -1,000000 -101,000000 0,000000 0,000000
991 1675562008 0,400000 -1,000000 -101,000000 0,000000 0,000000
991 1675562009 0,400000 -1,000000 -101,000000 0,000000 0,000000
991 1675562010 0,400000 -1,000000 -101,000000 0,000000 0,000000
991 1675562011 0,400000 -1,000000 -101,000000 0,000000 0,000000
991 1675562012 0,400000 -1,000000 -101,000000 0,000000 0,000000
991 1675562018 0,200000 -1,000000 -101,000000 0,000000 0,000000
991 1675562019 0,200000 -1,000000 -101,000000 0,000000 0,000000
991 1675562020 0,200000 -1,000000 -101,000000 0,000000 0,000000
991 1675562021 0,200000 -1,000000 -101,000000 0,000000 0,000000
991 1675562022 0,200000 -1,000000 -101,000000 0,000000 0,000000
991 1675562023 0,400000 -1,000000 -101,000000 0,000000 0,000000
991 1675562024 0,400000 -1,000000 -101,000000 0,000000 0,000000
991 1675562025 0,400000 -1,000000 -101,000000 0,000000 0,000000
991 1675562026 0,400000 -1,000000 -101,000000 0,000000 0,000000
991 1675562027 0,400000 -1,000000 -101,000000 0,000000 0,000000
991 1675562028 0,200000 -1,000000 -101,000000 0,000000 0,000000
991 1675562029 0,200000 -1,000000 -101,000000 0,000000 0,000000
991 1675562030 0,200000 -1,000000 -101,000000 0,000000 0,000000
991 1675562031 0,200000 -1,000000 -101,000000 0,000000 0,000000
991 1675562032 0,200000 -1,000000 -101,000000 0,000000 0,000000
991 1675562058 0,600000 -1,000000 -101,000000 0,000000 0,000000
991 1675562059 0,600000 -1,000000 -101,000000 0,000000 0,000000
991 1675562060 0,600000 -1,000000 -101,000000 0,000000 0,000000
991 1675562061 0,600000 -1,000000 -101,000000 0,000000 0,000000
991 1675562062 0,600000 -1,000000 -101,000000 0,000000 0,000000
991 1675562063 0,200000 -1,000000 -101,000000 0,000000 0,000000
991 1675562064 0,200000 -1,000000 -101,000000 0,000000 0,000000
991 1675562065 0,200000 -1,000000 -101,000000 0,000000 0,000000
991 1675562066 0,200000 -1,000000 -101,000000 0,000000 0,000000
991 1675562067 0,200000 -1,000000 -101,000000 0,000000 0,000000
991 1675562068 0,200000 -1,000000 -101,000000 0,000000 0,000000
991 1675562069 0,200000 -1,000000 -101,000000 0,000000 0,000000
991 1675562070 0,200000 -1,000000 -101,000000 0,000000 0,000000
991 1675562071 0,200000 -1,000000 -101,000000 0,000000 0,000000
991 1675562072 0,200000 -1,000000 -101,000000 0,000000 0,000000
991 1675562073 0,200000 -1,000000 -101,000000 0,000000 0,000000
991 1675562074 0,200000 -1,000000 -101,000000 0,000000 0,000000
991 1675562075 0,200000 -1,000000 -101,000000 0,000000 0,000000
991 1675562076 0,200000 -1,000000 -101,000000 0,000000 0,000000
991 1675562077 0,200000 -1,000000 -101,000000 0,000000 0,000000
991 1675562098 0,600000 -1,000000 -101,000000 0,000000 0,000000
991 1675562099 0,600000 -1,000000 -101,000000 0,000000 0,000000
991 1675562100 0,600000 -1,000000 -101,000000 0,000000 0,000000
991 1675562101 0,600000 -1,000000 -101,000000 0,000000 0,000000
991 1675562102 0,600000 -1,000000 -101,000000 0,000000 0,000000
991 1675562103 0,200000 -1,000000 -101,000000 0,000000 0,000000
991 1675562104 0,200000 -1,000000 -101,000000 0,000000 0,000000
991 1675562105 0,200000 -1,000000 -101,000000 0,000000 0,000000
991 1675562106 0,200000 -1,000000 -101,000000 0,000000 0,000000
991 1675562107 0,200000 -1,000000 -101,000000 0,000000 0,000000
991 1675562133 0,200000 -1,000000 -101,000000 0,000000 0,000000
991 1675562134 0,200000 -1,000000 -101,000000 0,000000 0,000000
991 1675562135 0,200000 -1,000000 -101,000000 0,000000 0,000000
991 1675562136 0,200000 -1,000000 -101,000000 0,000000 0,000000
991 1675562137 0,200000 -1,000000 -101,000000 0,000000 0,000000
991 1675562148 0,200000 -1,000000 -101,000000 0,000000 0,000000
991 1675562149 0,200000 -1,000000 -101,000000 0,000000 0,000000
991 1675562150 0,200000 -1,000000 -101,000000 0,000000 0,000000
991 1675562151 0,200000 -1,000000 -101,000000 0,000000 0,000000
991 1675562152 0,200000 -1,000000 -101,000000 0,000000 0,000000
991 1675562217 0,200000 -1,000000 0,200000 0,200000 0,008000
991 1675562216 0,200000 -1,000000 0,200000 0,200000 0,008000
991 1675562215 0,200000 -1,000000 0,200000 0,200000 0,008000
991 1675562214 0,200000 -1,000000 0,200000 0,200000 0,008000
991 1675562213 0,200000 -1,000000 0,200000 0,200000 0,008000
991 1675562212 0,400000 -1,000000 0,400000 0,400000 0,032000
991 1675562211 0,400000 -1,000000 0,400000 0,400000 0,032000
991 1675562210 0,400000 -1,000000 0,400000 0,400000 0,032000
991 1675562209 0,400000 -1,000000 0,400000 0,400000 0,032000
991 1675562208 0,400000 -1,000000 0,400000 0,400000 0,032000
991 1675562187 0,200000 -1,000000 0,200000 0,200000 0,008000
991 1675562186 0,200000 -1,000000 0,200000 0,200000 0,008000
991 1675562185 0,200000 -1,000000 0,200000 0,200000 0,008000
991 1675562184 0,200000 -1,000000 0,200000 0,200000 0,008000
991 1675562183 0,200000 -1,000000 0,200000 0,200000 0,008000
991 1675562182 0,400000 -1,000000 0,400000 0,400000 0,032000
991 1675562181 0,400000 -1,000000 0,400000 0,400000 0,032000
991 1675562180 0,400000 -1,000000 0,400000 0,400000 0,032000
991 1675562179 0,400000 -1,000000 0,400000 0,400000 0,032000
991 1675562178 0,400000 -1,000000 0,400000 0,400000 0,032000
991 1675562167 0,200000 -1,000000 0,200000 0,200000 0,008000
991 1675562166 0,200000 -1,000000 0,200000 0,200000 0,008000
991 1675562165 0,200000 -1,000000 0,200000 0,200000 0,008000
991 1675562164 0,200000 -1,000000 0,200000 0,200000 0,008000
991 1675562163 0,200000 -1,000000 0,200000 0,200000 0,008000
991 1675562163 0,200000 -1,000000 -101,000000 0,000000 0,000000
991 1675562164 0,200000 -1,000000 -101,000000 0,000000 0,000000
991 1675562165 0,200000 -1,000000 -101,000000 0,000000 0,000000
991 1675562166 0,200000 -1,000000 -101,000000 0,000000 0,000000
991 1675562167 0,200000 -1,000000 -101,000000 0,000000 0,000000
991 1675562178 0,400000 -1,000000 -101,000000 0,000000 0,000000
991 1675562179 0,400000 -1,000000 -101,000000 0,000000 0,000000
991 1675562180 0,400000 -1,000000 -101,000000 0,000000 0,000000
991 1675562181 0,400000 -1,000000 -101,000000 0,000000 0,000000
991 1675562182 0,400000 -1,000000 -101,000000 0,000000 0,000000
991 1675562183 0,200000 -1,000000 -101,000000 0,000000 0,000000
991 1675562184 0,200000 -1,000000 -101,000000 0,000000 0,000000
991 1675562185 0,200000 -1,000000 -101,000000 0,000000 0,000000
991 1675562186 0,200000 -1,000000 -101,000000 0,000000 0,000000
991 1675562187 0,200000 -1,000000 -101,000000 0,000000 0,000000
991 1675562208 0,400000 -1,000000 -101,000000 0,000000 0,000000
991 1675562209 0,400000 -1,000000 -101,000000 0,000000 0,000000
991 1675562210 0,400000 -1,000000 -101,000000 0,000000 0,000000
991 1675562211 0,400000 -1,000000 -101,000000 0,000000 0,000000
991 1675562212 0,400000 -1,000000 -101,000000 0,000000 0,000000
991 1675562213 0,200000 -1,000000 -101,000000 0,000000 0,000000
991 1675562214 0,200000 -1,000000 -101,000000 0,000000 0,000000
991 1675562215 0,200000 -1,000000 -101,000000 0,000000 0,000000
991 1675562216 0,200000 -1,000000 -101,000000 0,000000 0,000000
991 1675562217 0,200000 -1,000000 -101,000000 0,000000 0,000000
991 1675562218 0,200000 -1,000000 -101,000000 0,000000 0,000000
991 1675562219 0,200000 -1,000000 -101,000000 0,000000 0,000000
991 1675562220 0,200000 -1,000000 -101,000000 0,000000 0,000000
991 1675562221 0,200000 -1,000000 -101,000000 0,000000 0,000000
991 1675562222 0,200000 -1,000000 -101,000000 0,000000 0,000000
991 1675562248 0,400000 -1,000000 -101,000000 0,000000 0,000000
991 1675562249 0,400000 -1,000000 -101,000000 0,000000 0,000000
991 1675562250 0,400000 -1,000000 -101,000000 0,000000 0,000000
991 1675562251 0,400000 -1,000000 -101,000000 0,000000 0,000000
991 1675562252 0,400000 -1,000000 -101,000000 0,000000 0,000000
991 1675562253 0,400000 -1,000000 -101,000000 0,000000 0,000000
991 1675562254 0,400000 -1,000000 -101,000000 0,000000 0,000000
991 1675562255 0,400000 -1,000000 -101,000000 0,000000 0,000000
991 1675562256 0,400000 -1,000000 -101,000000 0,000000 0,000000
991 1675562257 0,400000 -1,000000 -101,000000 0,000000 0,000000
991 1675562258 0,200000 -1,000000 -101,000000 0,000000 0,000000
991 1675562259 0,200000 -1,000000 -101,000000 0,000000 0,000000
991 1675562260 0,200000 -1,000000 -101,000000 0,000000 0,000000
991 1675562261 0,200000 -1,000000 -101,000000 0,000000 0,000000
991 1675562262 0,200000 -1,000000 -101,000000 0,000000 0,000000
991 1675562268 0,400000 -1,000000 -101,000000 0,000000 0,000000
991 1675562269 0,400000 -1,000000 -101,000000 0,000000 0,000000
991 1675562270 0,400000 -1,000000 -101,000000 0,000000 0,000000
991 1675562271 0,400000 -1,000000 -101,000000 0,000000 0,000000
991 1675562272 0,400000 -1,000000 -101,000000 0,000000 0,000000
991 1675562278 0,200000 -1,000000 -101,000000 0,000000 0,000000
991 1675562279 0,200000 -1,000000 -101,000000 0,000000 0,000000
991 1675562280 0,200000 -1,000000 -101,000000 0,000000 0,000000
991 1675562281 0,200000 -1,000000 -101,000000 0,000000 0,000000
991 1675562282 0,200000 -1,000000 -101,000000 0,000000 0,000000
991 1675562283 0,400000 -1,000000 -101,000000 0,000000 0,000000
991 1675562284 0,400000 -1,000000 -101,000000 0,000000 0,000000
991 1675562285 0,400000 -1,000000 -101,000000 0,000000 0,000000
991 1675562286 0,400000 -1,000000 -101,000000 0,000000 0,000000
991 1675562287 0,400000 -1,000000 -101,000000 0,000000 0,000000
991 1675562288 0,200000 -1,000000 -101,000000 0,000000 0,000000
991 1675562289 0,200000 -1,000000 -101,000000 0,000000 0,000000
991 1675562290 0,200000 -1,000000 -101,000000 0,000000 0,000000
991 1675562291 0,200000 -1,000000 -101,000000 0,000000 0,000000
991 1675562292 0,200000 -1,000000 -101,000000 0,000000 0,000000
991 1675562293 0,200000 -1,000000 -101,000000 0,000000 0,000000
991 1675562294 0,200000 -1,000000 -101,000000 0,000000 0,000000
991 1675562295 0,200000 -1,000000 -101,000000 0,000000 0,000000
991 1675562296 0,200000 -1,000000 -101,000000 0,000000 0,000000
991 1675562297 0,200000 -1,000000 -101,000000 0,000000 0,000000
991 1675562313 0,200000 -1,000000 -101,000000 0,000000 0,000000
991 1675562314 0,200000 -1,000000 -101,000000 0,000000 0,000000
991 1675562315 0,200000 -1,000000 -101,000000 0,000000 0,000000
991 1675562316 0,200000 -1,000000 -101,000000 0,000000 0,000000
991 1675562317 0,200000 -1,000000 -101,000000 0,000000 0,000000
991 1675562368 0,200000 -1,000000 -101,000000 0,000000 0,000000
991 1675562369 0,200000 -1,000000 -101,000000 0,000000 0,000000
991 1675562370 0,200000 -1,000000 -101,000000 0,000000 0,000000
991 1675562371 0,200000 -1,000000 -101,000000 0,000000 0,000000
991 1675562372 0,200000 -1,000000 -101,000000 0,000000 0,000000
991 1675562378 0,200000 -1,000000 -101,000000 0,000000 0,000000
991 1675562379 0,200000 -1,000000 -101,000000 0,000000 0,000000
991 1675562380 0,200000 -1,000000 -101,000000 0,000000 0,000000
991 1675562381 0,200000 -1,000000 -101,000000 0,000000 0,000000
991 1675562382 0,200000 -1,000000 -101,000000 0,000000 0,000000
991 1675562388 0,400000 -1,000000 -101,000000 0,000000 0,000000
991 1675562389 0,400000 -1,000000 -101,000000 0,000000 0,000000
991 1675562390 0,400000 -1,000000 -101,000000 0,000000 0,000000
991 1675562391 0,400000 -1,000000 -101,000000 0,000000 0,000000
991 1675562392 0,400000 -1,000000 -101,000000 0,000000 0,000000
991 1675562393 0,400000 -1,000000 -101,000000 0,000000 0,000000
991 1675562394 0,400000 -1,000000 -101,000000 0,000000 0,000000
991 1675562395 0,400000 -1,000000 -101,000000 0,000000 0,000000
991 1675562396 0,400000 -1,000000 -101,000000 0,000000 0,000000
991 1675562397 0,400000 -1,000000 -101,000000 0,000000 0,000000
991 1675562398 0,200000 -1,000000 -101,000000 0,000000 0,000000
991 1675562399 0,200000 -1,000000 -101,000000 0,000000 0,000000
991 1675562400 0,200000 -1,000000 -101,000000 0,000000 0,000000
991 1675562401 0,200000 -1,000000 -101,000000 0,000000 0,000000
991 1675562402 0,200000 -1,000000 -101,000000 0,000000 0,000000
991 1675562423 0,400000 -1,000000 -101,000000 0,000000 0,000000
991 1675562424 0,400000 -1,000000 -101,000000 0,000000 0,000000
991 1675562425 0,400000 -1,000000 -101,000000 0,000000 0,000000
991 1675562426 0,400000 -1,000000 -101,000000 0,000000 0,000000
991 1675562427 0,400000 -1,000000 -101,000000 0,000000 0,000000
991 1675562433 0,200000 -1,000000 -101,000000 0,000000 0,000000
991 1675562434 0,200000 -1,000000 -101,000000 0,000000 0,000000
991 1675562435 0,200000 -1,000000 -101,000000 0,000000 0,000000
991 1675562436 0,200000 -1,000000 -101,000000 0,000000 0,000000
991 1675562437 0,200000 -1,000000 -101,000000 0,000000 0,000000
991 1675562438 0,400000 -1,000000 -101,000000 0,000000 0,000000
991 1675562439 0,400000 -1,000000 -101,000000 0,000000 0,000000
991 1675562440 0,400000 -1,000000 -101,000000 0,000000 0,000000
991 1675562441 0,400000 -1,000000 -101,000000 0,000000 0,000000
991 1675562442 0,400000 -1,000000 -101,000000 0,000000 0,000000
991 1675562458 0,400000 -1,000000 -101,000000 0,000000 0,000000
991 1675562459 0,400000 -1,000000 -101,000000 0,000000 0,000000
991 1675562460 0,400000 -1,000000 -101,000000 0,000000 0,000000
991 1675562461 0,400000 -1,000000 -101,000000 0,000000 0,000000
991 1675562462 0,400000 -1,000000 -101,000000 0,000000 0,000000
991 1675562468 0,400000 -1,000000 -101,000000 0,000000 0,000000
991 1675562469 0,400000 -1,000000 -101,000000 0,000000 0,000000
991 1675562470 0,400000 -1,000000 -101,000000 0,000000 0,000000
991 1675562471 0,400000 -1,000000 -101,000000 0,000000 0,000000
991 1675562472 0,400000 -1,000000 -101,000000 0,000000 0,000000
991 1675562483 0,400000 -1,000000 -101,000000 0,000000 0,000000
991 1675562484 0,400000 -1,000000 -101,000000 0,000000 0,000000
991 1675562485 0,400000 -1,000000 -101,000000 0,000000 0,000000
991 1675562486 0,400000 -1,000000 -101,000000 0,000000 0,000000
991 1675562487 0,400000 -1,000000 -101,000000 0,000000 0,000000
991 1675562498 0,800000 -1,000000 -101,000000 0,000000 0,000000
991 1675562499 0,800000 -1,000000 -101,000000 0,000000 0,000000
991 1675562500 0,800000 -1,000000 -101,000000 0,000000 0,000000
991 1675562501 0,800000 -1,000000 -101,000000 0,000000 0,000000
991 1675562502 0,800000 -1,000000 -101,000000 0,000000 0,000000
991 1675562518 0,400000 -1,000000 -101,000000 0,000000 0,000000
991 1675562519 0,400000 -1,000000 -101,000000 0,000000 0,000000
991 1675562520 0,400000 -1,000000 -101,000000 0,000000 0,000000
991 1675562521 0,400000 -1,000000 -101,000000 0,000000 0,000000
991 1675562522 0,400000 -1,000000 -101,000000 0,000000 0,000000
991 1675562538 0,200000 -1,000000 -101,000000 0,000000 0,000000
991 1675562539 0,200000 -1,000000 -101,000000 0,000000 0,000000
991 1675562540 0,200000 -1,000000 -101,000000 0,000000 0,000000
991 1675562541 0,200000 -1,000000 -101,000000 0,000000 0,000000
991 1675562542 0,200000 -1,000000 -101,000000 0,000000 0,000000
991 1675562558 0,200000 -1,000000 -101,000000 0,000000 0,000000
991 1675562559 0,200000 -1,000000 -101,000000 0,000000 0,000000
991 1675562560 0,200000 -1,000000 -101,000000 0,000000 0,000000
991 1675562561 0,200000 -1,000000 -101,000000 0,000000 0,000000
991 1675562562 0,200000 -1,000000 -101,000000 0,000000 0,000000
991 1675562568 1,000000 -1,000000 -101,000000 0,000000 0,000000
991 1675562569 1,000000 -1,000000 -101,000000 0,000000 0,000000
991 1675562570 1,000000 -1,000000 -101,000000 0,000000 0,000000
991 1675562571 1,000000 -1,000000 -101,000000 0,000000 0,000000
991 1675562572 1,000000 -1,000000 -101,000000 0,000000 0,000000
991 1675562573 0,200000 -1,000000 -101,000000 0,000000 0,000000
991 1675562574 0,200000 -1,000000 -101,000000 0,000000 0,000000
991 1675562575 0,200000 -1,000000 -101,000000 0,000000 0,000000
991 1675562576 0,200000 -1,000000 -101,000000 0,000000 0,000000
991 1675562577 0,200000 -1,000000 -101,000000 0,000000 0,000000
991 1675562583 0,200000 -1,000000 -101,000000 0,000000 0,000000
991 1675562584 0,200000 -1,000000 -101,000000 0,000000 0,000000
991 1675562585 0,200000 -1,000000 -101,000000 0,000000 0,000000
991 1675562586 0,200000 -1,000000 -101,000000 0,000000 0,000000
991 1675562587 0,200000 -1,000000 -101,000000 0,000000 0,000000
991 1675562588 0,200000 -1,000000 -101,000000 0,000000 0,000000
991 1675562589 0,200000 -1,000000 -101,000000 0,000000 0,000000
991 1675562590 0,200000 -1,000000 -101,000000 0,000000 0,000000
991 1675562591 0,200000 -1,000000 -101,000000 0,000000 0,000000
991 1675562592 0,200000 -1,000000 -101,000000 0,000000 0,000000
991 1675562608 0,200000 -1,000000 -101,000000 0,000000 0,000000
991 1675562609 0,200000 -1,000000 -101,000000 0,000000 0,000000
991 1675562610 0,200000 -1,000000 -101,000000 0,000000 0,000000
991 1675562611 0,200000 -1,000000 -101,000000 0,000000 0,000000
991 1675562612 0,200000 -1,000000 -101,000000 0,000000 0,000000
991 1675562628 0,400000 -1,000000 -101,000000 0,000000 0,000000
991 1675562629 0,400000 -1,000000 -101,000000 0,000000 0,000000
991 1675562630 0,400000 -1,000000 -101,000000 0,000000 0,000000
991 1675562631 0,400000 -1,000000 -101,000000 0,000000 0,000000
991 1675562632 0,400000 -1,000000 -101,000000 0,000000 0,000000
991 1675562633 0,400000 -1,000000 -101,000000 0,000000 0,000000
991 1675562634 0,400000 -1,000000 -101,000000 0,000000 0,000000
991 1675562635 0,400000 -1,000000 -101,000000 0,000000 0,000000
991 1675562636 0,400000 -1,000000 -101,000000 0,000000 0,000000
991 1675562637 0,400000 -1,000000 -101,000000 0,000000 0,000000
991 1675562648 0,400000 -1,000000 -101,000000 0,000000 0,000000
991 1675562649 0,400000 -1,000000 -101,000000 0,000000 0,000000
991 1675562650 0,400000 -1,000000 -101,000000 0,000000 0,000000
991 1675562651 0,400000 -1,000000 -101,000000 0,000000 0,000000
991 1675562652 0,400000 -1,000000 -101,000000 0,000000 0,000000
991 1675562668 0,400000 -1,000000 -101,000000 0,000000 0,000000
991 1675562669 0,400000 -1,000000 -101,000000 0,000000 0,000000
991 1675562670 0,400000 -1,000000 -101,000000 0,000000 0,000000
991 1675562671 0,400000 -1,000000 -101,000000 0,000000 0,000000
991 1675562672 0,400000 -1,000000 -101,000000 0,000000 0,000000
991 1675562683 0,200000 -1,000000 -101,000000 0,000000 0,000000
991 1675562684 0,200000 -1,000000 -101,000000 0,000000 0,000000
991 1675562685 0,200000 -1,000000 -101,000000 0,000000 0,000000
991 1675562686 0,200000 -1,000000 -101,000000 0,000000 0,000000
991 1675562687 0,200000 -1,000000 -101,000000 0,000000 0,000000
991 1675562693 0,200000 -1,000000 -101,000000 0,000000 0,000000
991 1675562694 0,200000 -1,000000 -101,000000 0,000000 0,000000
991 1675562695 0,200000 -1,000000 -101,000000 0,000000 0,000000
991 1675562696 0,200000 -1,000000 -101,000000 0,000000 0,000000
991 1675562697 0,200000 -1,000000 -101,000000 0,000000 0,000000
991 1675562703 0,200000 -1,000000 -101,000000 0,000000 0,000000
991 1675562704 0,200000 -1,000000 -101,000000 0,000000 0,000000
991 1675562705 0,200000 -1,000000 -101,000000 0,000000 0,000000
991 1675562706 0,200000 -1,000000 -101,000000 0,000000 0,000000
991 1675562707 0,200000 -1,000000 -101,000000 0,000000 0,000000
991 1675562708 0,800000 -1,000000 -101,000000 0,000000 0,000000
991 1675562709 0,800000 -1,000000 -101,000000 0,000000 0,000000
991 1675562710 0,800000 -1,000000 -101,000000 0,000000 0,000000
991 1675562711 0,800000 -1,000000 -101,000000 0,000000 0,000000
991 1675562712 0,800000 -1,000000 -101,000000 0,000000 0,000000
991 1675562713 0,200000 -1,000000 -101,000000 0,000000 0,000000
991 1675562714 0,200000 -1,000000 -101,000000 0,000000 0,000000
991 1675562715 0,200000 -1,000000 -101,000000 0,000000 0,000000
991 1675562716 0,200000 -1,000000 -101,000000 0,000000 0,000000
991 1675562717 0,200000 -1,000000 -101,000000 0,000000 0,000000
991 1675562718 0,200000 -1,000000 -101,000000 0,000000 0,000000
991 1675562719 0,200000 -1,000000 -101,000000 0,000000 0,000000
991 1675562720 0,200000 -1,000000 -101,000000 0,000000 0,000000
991 1675562721 0,200000 -1,000000 -101,000000 0,000000 0,000000
991 1675562722 0,200000 -1,000000 -101,000000 0,000000 0,000000
991 1675562728 0,200000 -1,000000 -101,000000 0,000000 0,000000
991 1675562729 0,200000 -1,000000 -101,000000 0,000000 0,000000
991 1675562730 0,200000 -1,000000 -101,000000 0,000000 0,000000
991 1675562731 0,200000 -1,000000 -101,000000 0,000000 0,000000
991 1675562732 0,200000 -1,000000 -101,000000 0,000000 0,000000
991 1675562743 0,200000 -1,000000 -101,000000 0,000000 0,000000
991 1675562744 0,200000 -1,000000 -101,000000 0,000000 0,000000
991 1675562745 0,200000 -1,000000 -101,000000 0,000000 0,000000
991 1675562746 0,200000 -1,000000 -101,000000 0,000000 0,000000
991 1675562747 0,200000 -1,000000 -101,000000 0,000000 0,000000
991 1675562753 0,800000 -1,000000 -101,000000 0,000000 0,000000
991 1675562754 0,800000 -1,000000 -101,000000 0,000000 0,000000
991 1675562755 0,800000 -1,000000 -101,000000 0,000000 0,000000
991 1675562756 0,800000 -1,000000 -101,000000 0,000000 0,000000
991 1675562757 0,800000 -1,000000 -101,000000 0,000000 0,000000
991 1675562758 0,200000 -1,000000 -101,000000 0,000000 0,000000
991 1675562759 0,200000 -1,000000 -101,000000 0,000000 0,000000
991 1675562760 0,200000 -1,000000 -101,000000 0,000000 0,000000
991 1675562761 0,200000 -1,000000 -101,000000 0,000000 0,000000
991 1675562762 0,200000 -1,000000 -101,000000 0,000000 0,000000
991 1675562763 0,200000 -1,000000 -101,000000 0,000000 0,000000
991 1675562764 0,200000 -1,000000 -101,000000 0,000000 0,000000
991 1675562765 0,200000 -1,000000 -101,000000 0,000000 0,000000
991 1675562766 0,200000 -1,000000 -101,000000 0,000000 0,000000
991 1675562767 0,200000 -1,000000 -101,000000 0,000000 0,000000
991 1675562768 0,600000 -1,000000 -101,000000 0,000000 0,000000
991 1675562769 0,600000 -1,000000 -101,000000 0,000000 0,000000
991 1675562770 0,600000 -1,000000 -101,000000 0,000000 0,000000
991 1675562771 0,600000 -1,000000 -101,000000 0,000000 0,000000
991 1675562772 0,600000 -1,000000 -101,000000 0,000000 0,000000
991 1675562788 0,200000 -1,000000 -101,000000 0,000000 0,000000
991 1675562789 0,200000 -1,000000 -101,000000 0,000000 0,000000
991 1675562790 0,200000 -1,000000 -101,000000 0,000000 0,000000
991 1675562791 0,200000 -1,000000 -101,000000 0,000000 0,000000
991 1675562792 0,200000 -1,000000 -101,000000 0,000000 0,000000
991 1675562803 0,200000 -1,000000 -101,000000 0,000000 0,000000
991 1675562804 0,200000 -1,000000 -101,000000 0,000000 0,000000
991 1675562805 0,200000 -1,000000 -101,000000 0,000000 0,000000
991 1675562806 0,200000 -1,000000 -101,000000 0,000000 0,000000
991 1675562807 0,200000 -1,000000 -101,000000 0,000000 0,000000
991 1675562813 0,200000 -1,000000 -101,000000 0,000000 0,000000
991 1675562814 0,200000 -1,000000 -101,000000 0,000000 0,000000
991 1675562815 0,200000 -1,000000 -101,000000 0,000000 0,000000
991 1675562816 0,200000 -1,000000 -101,000000 0,000000 0,000000
991 1675562817 0,200000 -1,000000 -101,000000 0,000000 0,000000
991 1675562818 0,400000 -1,000000 -101,000000 0,000000 0,000000
991 1675562819 0,400000 -1,000000 -101,000000 0,000000 0,000000
991 1675562820 0,400000 -1,000000 -101,000000 0,000000 0,000000
991 1675562821 0,400000 -1,000000 -101,000000 0,000000 0,000000
991 1675562822 0,400000 -1,000000 -101,000000 0,000000 0,000000
991 1675562828 0,400000 -1,000000 -101,000000 0,000000 0,000000
991 1675562829 0,400000 -1,000000 -101,000000 0,000000 0,000000
991 1675562830 0,400000 -1,000000 -101,000000 0,000000 0,000000
991 1675562831 0,400000 -1,000000 -101,000000 0,000000 0,000000
991 1675562832 0,400000 -1,000000 -101,000000 0,000000 0,000000
991 1675562853 0,200000 -1,000000 -101,000000 0,000000 0,000000
991 1675562854 0,200000 -1,000000 -101,000000 0,000000 0,000000
991 1675562855 0,200000 -1,000000 -101,000000 0,000000 0,000000
991 1675562856 0,200000 -1,000000 -101,000000 0,000000 0,000000
991 1675562857 0,200000 -1,000000 -101,000000 0,000000 0,000000
991 1675562858 0,200000 -1,000000 -101,000000 0,000000 0,000000
991 1675562859 0,200000 -1,000000 -101,000000 0,000000 0,000000
991 1675562860 0,200000 -1,000000 -101,000000 0,000000 0,000000
991 1675562861 0,200000 -1,000000 -101,000000 0,000000 0,000000
991 1675562862 0,200000 -1,000000 -101,000000 0,000000 0,000000
991 1675562878 0,600000 -1,000000 -101,000000 0,000000 0,000000
991 1675562879 0,600000 -1,000000 -101,000000 0,000000 0,000000
991 1675562880 0,600000 -1,000000 -101,000000 0,000000 0,000000
991 1675562881 0,600000 -1,000000 -101,000000 0,000000 0,000000
991 1675562882 0,600000 -1,000000 -101,000000 0,000000 0,000000
991 1675562893 0,200000 -1,000000 -101,000000 0,000000 0,000000
991 1675562894 0,200000 -1,000000 -101,000000 0,000000 0,000000
991 1675562895 0,200000 -1,000000 -101,000000 0,000000 0,000000
991 1675562896 0,200000 -1,000000 -101,000000 0,000000 0,000000
991 1675562897 0,200000 -1,000000 -101,000000 0,000000 0,000000
991 1675562903 0,400000 -1,000000 -101,000000 0,000000 0,000000
991 1675562904 0,400000 -1,000000 -101,000000 0,000000 0,000000
991 1675562905 0,400000 -1,000000 -101,000000 0,000000 0,000000
991 1675562906 0,400000 -1,000000 -101,000000 0,000000 0,000000
991 1675562907 0,400000 -1,000000 -101,000000 0,000000 0,000000
991 1675562933 0,200000 -1,000000 -101,000000 0,000000 0,000000
991 1675562934 0,200000 -1,000000 -101,000000 0,000000 0,000000
991 1675562935 0,200000 -1,000000 -101,000000 0,000000 0,000000
991 1675562936 0,200000 -1,000000 -101,000000 0,000000 0,000000
991 1675562937 0,200000 -1,000000 -101,000000 0,000000 0,000000
991 1675562938 0,800000 -1,000000 -101,000000 0,000000 0,000000
991 1675562939 0,800000 -1,000000 -101,000000 0,000000 0,000000
991 1675562940 0,800000 -1,000000 -101,000000 0,000000 0,000000
991 1675562941 0,800000 -1,000000 -101,000000 0,000000 0,000000
991 1675562942 0,800000 -1,000000 -101,000000 0,000000 0,000000
991 1675562953 0,200000 -1,000000 -101,000000 0,000000 0,000000
991 1675562954 0,200000 -1,000000 -101,000000 0,000000 0,000000
991 1675562955 0,200000 -1,000000 -101,000000 0,000000 0,000000
991 1675562956 0,200000 -1,000000 -101,000000 0,000000 0,000000
991 1675562957 0,200000 -1,000000 -101,000000 0,000000 0,000000
991 1675562968 0,600000 -1,000000 -101,000000 0,000000 0,000000
991 1675562969 0,600000 -1,000000 -101,000000 0,000000 0,000000
991 1675562970 0,600000 -1,000000 -101,000000 0,000000 0,000000
991 1675562971 0,600000 -1,000000 -101,000000 0,000000 0,000000
991 1675562972 0,600000 -1,000000 -101,000000 0,000000 0,000000
991 1675562998 0,200000 -1,000000 -101,000000 0,000000 0,000000
991 1675562999 0,200000 -1,000000 -101,000000 0,000000 0,000000
991 1675563000 0,200000 -1,000000 -101,000000 0,000000 0,000000
991 1675563001 0,200000 -1,000000 -101,000000 0,000000 0,000000
991 1675563002 0,200000 -1,000000 -101,000000 0,000000 0,000000
991 1675563003 0,200000 -1,000000 -101,000000 0,000000 0,000000
991 1675563004 0,200000 -1,000000 -101,000000 0,000000 0,000000
991 1675563005 0,200000 -1,000000 -101,000000 0,000000 0,000000
991 1675563006 0,200000 -1,000000 -101,000000 0,000000 0,000000
991 1675563007 0,200000 -1,000000 -101,000000 0,000000 0,000000
991 1675563008 0,400000 -1,000000 -101,000000 0,000000 0,000000
991 1675563009 0,400000 -1,000000 -101,000000 0,000000 0,000000
991 1675563010 0,400000 -1,000000 -101,000000 0,000000 0,000000
991 1675563011 0,400000 -1,000000 -101,000000 0,000000 0,000000
991 1675563012 0,400000 -1,000000 -101,000000 0,000000 0,000000
