985 1675561633 0,800000 -1,000000 -101,000000 0,000000 0,000000
985 1675561634 0,800000 -1,000000 -101,000000 0,000000 0,000000
985 1675561635 0,800000 -1,000000 -101,000000 0,000000 0,000000
985 1675561636 0,800000 -1,000000 -101,000000 0,000000 0,000000
985 1675561637 0,800000 -1,000000 -101,000000 0,000000 0,000000
985 1675561638 1,400000 -1,000000 -101,000000 0,000000 0,000000
985 1675561639 1,400000 -1,000000 -101,000000 0,000000 0,000000
985 1675561640 1,400000 -1,000000 -101,000000 0,000000 0,000000
985 1675561641 1,400000 -1,000000 -101,000000 0,000000 0,000000
985 1675561642 1,400000 -1,000000 -101,000000 0,000000 0,000000
985 1675561643 1,200000 -1,000000 -101,000000 0,000000 0,000000
985 1675561644 1,200000 -1,000000 -101,000000 0,000000 0,000000
985 1675561645 1,200000 -1,000000 -101,000000 0,000000 0,000000
985 1675561646 1,200000 -1,000000 -101,000000 0,000000 0,000000
985 1675561647 1,200000 -1,000000 -101,000000 0,000000 0,000000
985 1675561648 0,800000 -1,000000 -101,000000 0,000000 0,000000
985 1675561649 0,800000 -1,000000 -101,000000 0,000000 0,000000
985 1675561650 0,800000 -1,000000 -101,000000 0,000000 0,000000
985 1675561651 0,800000 -1,000000 -101,000000 0,000000 0,000000
985 1675561652 0,800000 -1,000000 -101,000000 0,000000 0,000000
985 1675561653 0,800000 -1,000000 -101,000000 0,000000 0,000000
985 1675561654 0,800000 -1,000000 -101,000000 0,000000 0,000000
985 1675561655 0,800000 -1,000000 -101,000000 0,000000 0,000000
985 1675561656 0,800000 -1,000000 -101,000000 0,000000 0,000000
985 1675561657 0,800000 -1,000000 -101,000000 0,000000 0,000000
985 1675561658 1,800000 -1,000000 -101,000000 0,000000 0,000000
985 1675561659 1,800000 -1,000000 -101,000000 0,000000 0,000000
985 1675561660 1,800000 -1,000000 -101,000000 0,000000 0,000000
985 1675561661 1,800000 -1,000000 -101,000000 0,000000 0,000000
985 1675561662 1,800000 -1,000000 -101,000000 0,000000 0,000000
985 1675561663 1,200000 -1,000000 -101,000000 0,000000 0,000000
985 1675561664 1,200000 -1,000000 -101,000000 0,000000 0,000000
985 1675561665 1,200000 -1,000000 -101,000000 0,000000 0,000000
985 1675561666 1,200000 -1,000000 -101,000000 0,000000 0,000000
985 1675561667 1,200000 -1,000000 -101,000000 0,000000 0,000000
985 1675561668 3,000000 -1,000000 -101,000000 0,000000 0,000000
985 1675561669 3,000000 -1,000000 -101,000000 0,000000 0,000000
985 1675561670 3,000000 -1,000000 -101,000000 0,000000 0,000000
985 1675561671 3,000000 -1,000000 -101,000000 0,000000 0,000000
985 1675561672 3,000000 -1,000000 -101,000000 0,000000 0,000000
985 1675561673 1,600000 -1,000000 -101,000000 0,000000 0,000000
985 1675561674 1,600000 -1,000000 -101,000000 0,000000 0,000000
985 1675561675 1,600000 -1,000000 -101,000000 0,000000 0,000000
985 1675561676 1,600000 -1,000000 -101,000000 0,000000 0,000000
985 1675561677 1,600000 -1,000000 -101,000000 0,000000 0,000000
985 1675561678 0,800000 -1,000000 -101,000000 0,000000 0,000000
985 1675561679 0,800000 -1,000000 -101,000000 0,000000 0,000000
985 1675561680 0,800000 -1,000000 -101,000000 0,000000 0,000000
985 1675561681 0,800000 -1,000000 -101,000000 0,000000 0,000000
985 1675561682 0,800000 -1,000000 -101,000000 0,000000 0,000000
985 1675561683 1,400000 -1,000000 -101,000000 0,000000 0,000000
985 1675561684 1,400000 -1,000000 -101,000000 0,000000 0,000000
985 1675561685 1,400000 -1,000000 -101,000000 0,000000 0,000000
985 1675561686 1,400000 -1,000000 -101,000000 0,000000 0,000000
985 1675561687 1,400000 -1,000000 -101,000000 0,000000 0,000000
985 1675561688 1,200000 -1,000000 -101,000000 0,000000 0,000000
985 1675561689 1,200000 -1,000000 -101,000000 0,000000 0,000000
985 1675561690 1,200000 -1,000000 -101,000000 0,000000 0,000000
985 1675561691 1,200000 -1,000000 -101,000000 0,000000 0,000000
985 1675561692 1,200000 -1,000000 -101,000000 0,000000 0,000000
985 1675561693 1,800000 -1,000000 -101,000000 0,000000 0,000000
985 1675561694 1,800000 -1,000000 -101,000000 0,000000 0,000000
985 1675561695 1,800000 -1,000000 -101,000000 0,000000 0,000000
985 1675561696 1,800000 -1,000000 -101,000000 0,000000 0,000000
985 1675561697 1,800000 -1,000000 -101,000000 0,000000 0,000000
985 1675561698 2,400000 -1,000000 -101,000000 0,000000 0,000000
985 1675561699 2,400000 -1,000000 -101,000000 0,000000 0,000000
985 1675561700 2,400000 -1,000000 -101,000000 0,000000 0,000000
985 1675561701 2,400000 -1,000000 -101,000000 0,000000 0,000000
985 1675561702 2,400000 -1,000000 -101,000000 0,000000 0,000000
985 1675561708 2,000000 -1,000000 -101,000000 0,000000 0,000000
985 1675561709 2,000000 -1,000000 -101,000000 0,000000 0,000000
985 1675561710 2,000000 -1,000000 -101,000000 0,000000 0,000000
985 1675561711 2,000000 -1,000000 -101,000000 0,000000 0,000000
985 1675561712 2,000000 -1,000000 -101,000000 0,000000 0,000000
985 1675561713 1,600000 -1,000000 -101,000000 0,000000 0,000000
985 1675561714 1,600000 -1,000000 -101,000000 0,000000 0,000000
985 1675561715 1,600000 -1,000000 -101,000000 0,000000 0,000000
985 1675561716 1,600000 -1,000000 -101,000000 0,000000 0,000000
985 1675561717 1,600000 -1,000000 -101,000000 0,000000 0,000000
985 1675561718 2,600000 -1,000000 -101,000000 0,000000 0,000000
985 1675561719 2,600000 -1,000000 -101,000000 0,000000 0,000000
985 1675561720 2,600000 -1,000000 -101,000000 0,000000 0,000000
985 1675561721 2,600000 -1,000000 -101,000000 0,000000 0,000000
985 1675561722 2,600000 -1,000000 -101,000000 0,000000 0,000000
985 1675561723 3,400000 -1,000000 -101,000000 0,000000 0,000000
985 1675561724 3,400000 -1,000000 -101,000000 0,000000 0,000000
985 1675561725 3,400000 -1,000000 -101,000000 0,000000 0,000000
985 1675561726 3,400000 -1,000000 -101,000000 0,000000 0,000000
985 1675561727 3,400000 -1,000000 -101,000000 0,000000 0,000000
985 1675561728 6,200000 -1,000000 -101,000000 0,000000 0,000000
985 1675561729 6,200000 -1,000000 -101,000000 0,000000 0,000000
985 1675561730 6,200000 -1,000000 -101,000000 0,000000 0,000000
985 1675561731 6,200000 -1,000000 -101,000000 0,000000 0,000000
985 1675561732 6,200000 -1,000000 -101,000000 0,000000 0,000000
985 1675561733 1,800000 -1,000000 -101,000000 0,000000 0,000000
985 1675561734 1,800000 -1,000000 -101,000000 0,000000 0,000000
985 1675561735 1,800000 -1,000000 -101,000000 0,000000 0,000000
985 1675561736 1,800000 -1,000000 -101,000000 0,000000 0,000000
985 1675561737 1,800000 -1,000000 -101,000000 0,000000 0,000000
985 1675561738 1,400000 -1,000000 -101,000000 0,000000 0,000000
985 1675561739 1,400000 -1,000000 -101,000000 0,000000 0,000000
985 1675561740 1,400000 -1,000000 -101,000000 0,000000 0,000000
985 1675561741 1,400000 -1,000000 -101,000000 0,000000 0,000000
985 1675561742 1,400000 -1,000000 -101,000000 0,000000 0,000000
985 1675561743 0,600000 -1,000000 -101,000000 0,000000 0,000000
985 1675561744 0,600000 -1,000000 -101,000000 0,000000 0,000000
985 1675561745 0,600000 -1,000000 -101,000000 0,000000 0,000000
985 1675561746 0,600000 -1,000000 -101,000000 0,000000 0,000000
985 1675561747 0,600000 -1,000000 -101,000000 0,000000 0,000000
985 1675561748 1,600000 -1,000000 -101,000000 0,000000 0,000000
985 1675561749 1,600000 -1,000000 -101,000000 0,000000 0,000000
985 1675561750 1,600000 -1,000000 -101,000000 0,000000 0,000000
985 1675561751 1,600000 -1,000000 -101,000000 0,000000 0,000000
985 1675561752 1,600000 -1,000000 -101,000000 0,000000 0,000000
985 1675561753 1,600000 -1,000000 -101,000000 0,000000 0,000000
985 1675561754 1,600000 -1,000000 -101,000000 0,000000 0,000000
985 1675561755 1,600000 -1,000000 -101,000000 0,000000 0,000000
985 1675561756 1,600000 -1,000000 -101,000000 0,000000 0,000000
985 1675561757 1,600000 -1,000000 -101,000000 0,000000 0,000000
985 1675561758 3,600000 -1,000000 -101,000000 0,000000 0,000000
985 1675561759 3,600000 -1,000000 -101,000000 0,000000 0,000000
985 1675561760 3,600000 -1,000000 -101,000000 0,000000 0,000000
985 1675561761 3,600000 -1,000000 -101,000000 0,000000 0,000000
985 1675561762 3,600000 -1,000000 -101,000000 0,000000 0,000000
985 1675561763 5,000000 -1,000000 -101,000000 0,000000 0,000000
985 1675561764 5,000000 -1,000000 -101,000000 0,000000 0,000000
985 1675561765 5,000000 -1,000000 -101,000000 0,000000 0,000000
985 1675561766 5,000000 -1,000000 -101,000000 0,000000 0,000000
985 1675561767 5,000000 -1,000000 -101,000000 0,000000 0,000000
985 1675561768 3,600000 -1,000000 -101,000000 0,000000 0,000000
985 1675561769 3,600000 -1,000000 -101,000000 0,000000 0,000000
985 1675561770 3,600000 -1,000000 -101,000000 0,000000 0,000000
985 1675561771 3,600000 -1,000000 -101,000000 0,000000 0,000000
985 1675561772 3,600000 -1,000000 -101,000000 0,000000 0,000000
985 1675561773 3,400000 -1,000000 -101,000000 0,000000 0,000000
985 1675561774 3,400000 -1,000000 -101,000000 0,000000 0,000000
985 1675561775 3,400000 -1,000000 -101,000000 0,000000 0,000000
985 1675561776 3,400000 -1,000000 -101,000000 0,000000 0,000000
985 1675561777 3,400000 -1,000000 -101,000000 0,000000 0,000000
985 1675561778 1,800000 -1,000000 -101,000000 0,000000 0,000000
985 1675561779 1,800000 -1,000000 -101,000000 0,000000 0,000000
985 1675561780 1,800000 -1,000000 -101,000000 0,000000 0,000000
985 1675561781 1,800000 -1,000000 -101,000000 0,000000 0,000000
985 1675561782 1,800000 -1,000000 -101,000000 0,000000 0,000000
985 1675561783 1,400000 -1,000000 -101,000000 0,000000 0,000000
985 1675561784 1,400000 -1,000000 -101,000000 0,000000 0,000000
985 1675561785 1,400000 -1,000000 -101,000000 0,000000 0,000000
985 1675561786 1,400000 -1,000000 -101,000000 0,000000 0,000000
985 1675561787 1,400000 -1,000000 -101,000000 0,000000 0,000000
985 1675561788 3,200000 -1,000000 -101,000000 0,000000 0,000000
985 1675561789 3,200000 -1,000000 -101,000000 0,000000 0,000000
985 1675561790 3,200000 -1,000000 -101,000000 0,000000 0,000000
985 1675561791 3,200000 -1,000000 -101,000000 0,000000 0,000000
985 1675561792 3,200000 -1,000000 -101,000000 0,000000 0,000000
985 1675561793 2,800000 -1,000000 -101,000000 0,000000 0,000000
985 1675561794 2,800000 -1,000000 -101,000000 0,000000 0,000000
985 1675561795 2,800000 -1,000000 -101,000000 0,000000 0,000000
985 1675561796 2,800000 -1,000000 -101,000000 0,000000 0,000000
985 1675561797 2,800000 -1,000000 -101,000000 0,000000 0,000000
985 1675561798 3,800000 -1,000000 -101,000000 0,000000 0,000000
985 1675561799 3,800000 -1,000000 -101,000000 0,000000 0,000000
985 1675561800 3,800000 -1,000000 -101,000000 0,000000 0,000000
985 1675561801 3,800000 -1,000000 -101,000000 0,000000 0,000000
985 1675561802 3,800000 -1,000000 -101,000000 0,000000 0,000000
985 1675561803 1,800000 -1,000000 -101,000000 0,000000 0,000000
985 1675561804 1,800000 -1,000000 -101,000000 0,000000 0,000000
985 1675561805 1,800000 -1,000000 -101,000000 0,000000 0,000000
985 1675561806 1,800000 -1,000000 -101,000000 0,000000 0,000000
985 1675561807 1,800000 -1,000000 -101,000000 0,000000 0,000000
985 1675561808 1,800000 -1,000000 -101,000000 0,000000 0,000000
985 1675561809 1,800000 -1,000000 -101,000000 0,000000 0,000000
985 1675561810 1,800000 -1,000000 -101,000000 0,000000 0,000000
985 1675561811 1,800000 -1,000000 -101,000000 0,000000 0,000000
985 1675561812 1,800000 -1,000000 -101,000000 0,000000 0,000000
985 1675561813 1,400000 -1,000000 -101,000000 0,000000 0,000000
985 1675561814 1,400000 -1,000000 -101,000000 0,000000 0,000000
985 1675561815 1,400000 -1,000000 -101,000000 0,000000 0,000000
985 1675561816 1,400000 -1,000000 -101,000000 0,000000 0,000000
985 1675561817 1,400000 -1,000000 -101,000000 0,000000 0,000000
985 1675561818 2,200000 -1,000000 -101,000000 0,000000 0,000000
985 1675561819 2,200000 -1,000000 -101,000000 0,000000 0,000000
985 1675561820 2,200000 -1,000000 -101,000000 0,000000 0,000000
985 1675561821 2,200000 -1,000000 -101,000000 0,000000 0,000000
985 1675561822 2,200000 -1,000000 -101,000000 0,000000 0,000000
985 1675561823 4,400000 -1,000000 -101,000000 0,000000 0,000000
985 1675561824 4,400000 -1,000000 -101,000000 0,000000 0,000000
985 1675561825 4,400000 -1,000000 -101,000000 0,000000 0,000000
985 1675561826 4,400000 -1,000000 -101,000000 0,000000 0,000000
985 1675561827 4,400000 -1,000000 -101,000000 0,000000 0,000000
985 1675561828 4,000000 -1,000000 -101,000000 0,000000 0,000000
985 1675561829 4,000000 -1,000000 -101,000000 0,000000 0,000000
985 1675561830 4,000000 -1,000000 -101,000000 0,000000 0,000000
985 1675561831 4,000000 -1,000000 -101,000000 0,000000 0,000000
985 1675561832 4,000000 -1,000000 -101,000000 0,000000 0,000000
985 1675561833 2,600000 -1,000000 -101,000000 0,000000 0,000000
985 1675561834 2,600000 -1,000000 -101,000000 0,000000 0,000000
985 1675561835 2,600000 -1,000000 -101,000000 0,000000 0,000000
985 1675561836 2,600000 -1,000000 -101,000000 0,000000 0,000000
985 1675561837 2,600000 -1,000000 -101,000000 0,000000 0,000000
985 1675561838 4,600000 -1,000000 -101,000000 0,000000 0,000000
985 1675561839 4,600000 -1,000000 -101,000000 0,000000 0,000000
985 1675561840 4,600000 -1,000000 -101,000000 0,000000 0,000000
985 1675561841 4,600000 -1,000000 -101,000000 0,000000 0,000000
985 1675561842 4,600000 -1,000000 -101,000000 0,000000 0,000000
985 1675561843 3,200000 -1,000000 -101,000000 0,000000 0,000000
985 1675561844 3,200000 -1,000000 -101,000000 0,000000 0,000000
985 1675561845 3,200000 -1,000000 -101,000000 0,000000 0,000000
985 1675561846 3,200000 -1,000000 -101,000000 0,000000 0,000000
985 1675561847 3,200000 -1,000000 -101,000000 0,000000 0,000000
985 1675561848 3,200000 -1,000000 -101,000000 0,000000 0,000000
985 1675561849 3,200000 -1,000000 -101,000000 0,000000 0,000000
985 1675561850 3,200000 -1,000000 -101,000000 0,000000 0,000000
985 1675561851 3,200000 -1,000000 -101,000000 0,000000 0,000000
985 1675561852 3,200000 -1,000000 -101,000000 0,000000 0,000000
985 1675561853 2,000000 -1,000000 -101,000000 0,000000 0,000000
985 1675561854 2,000000 -1,000000 -101,000000 0,000000 0,000000
985 1675561855 2,000000 -1,000000 -101,000000 0,000000 0,000000
985 1675561856 2,000000 -1,000000 -101,000000 0,000000 0,000000
985 1675561857 2,000000 -1,000000 -101,000000 0,000000 0,000000
985 1675561858 2,600000 -1,000000 -101,000000 0,000000 0,000000
985 1675561859 2,600000 -1,000000 -101,000000 0,000000 0,000000
985 1675561860 2,600000 -1,000000 -101,000000 0,000000 0,000000
985 1675561861 2,600000 -1,000000 -101,000000 0,000000 0,000000
985 1675561862 2,600000 -1,000000 -101,000000 0,000000 0,000000
985 1675561863 5,400000 -1,000000 -101,000000 0,000000 0,000000
985 1675561864 5,400000 -1,000000 -101,000000 0,000000 0,000000
985 1675561865 5,400000 -1,000000 -101,000000 0,000000 0,000000
985 1675561866 5,400000 -1,000000 -101,000000 0,000000 0,000000
985 1675561867 5,400000 -1,000000 -101,000000 0,000000 0,000000
985 1675561868 3,800000 -1,000000 -101,000000 0,000000 0,000000
985 1675561869 3,800000 -1,000000 -101,000000 0,000000 0,000000
985 1675561870 3,800000 -1,000000 -101,000000 0,000000 0,000000
985 1675561871 3,800000 -1,000000 -101,000000 0,000000 0,000000
985 1675561872 3,800000 -1,000000 -101,000000 0,000000 0,000000
985 1675561873 3,800000 -1,000000 -101,000000 0,000000 0,000000
985 1675561874 3,800000 -1,000000 -101,000000 0,000000 0,000000
985 1675561875 3,800000 -1,000000 -101,000000 0,000000 0,000000
985 1675561876 3,800000 -1,000000 -101,000000 0,000000 0,000000
985 1675561877 3,800000 -1,000000 -101,000000 0,000000 0,000000
985 1675561878 2,600000 -1,000000 -101,000000 0,000000 0,000000
985 1675561879 2,600000 -1,000000 -101,000000 0,000000 0,000000
985 1675561880 2,600000 -1,000000 -101,000000 0,000000 0,000000
985 1675561881 2,600000 -1,000000 -101,000000 0,000000 0,000000
985 1675561882 2,600000 -1,000000 -101,000000 0,000000 0,000000
985 1675561883 2,600000 -1,000000 -101,000000 0,000000 0,000000
985 1675561884 2,600000 -1,000000 -101,000000 0,000000 0,000000
985 1675561885 2,600000 -1,000000 -101,000000 0,000000 0,000000
985 1675561886 2,600000 -1,000000 -101,000000 0,000000 0,000000
985 1675561887 2,600000 -1,000000 -101,000000 0,000000 0,000000
985 1675561888 4,200000 -1,000000 -101,000000 0,000000 0,000000
985 1675561889 4,200000 -1,000000 -101,000000 0,000000 0,000000
985 1675561890 4,200000 -1,000000 -101,000000 0,000000 0,000000
985 1675561891 4,200000 -1,000000 -101,000000 0,000000 0,000000
985 1675561892 4,200000 -1,000000 -101,000000 0,000000 0,000000
985 1675561893 3,800000 -1,000000 -101,000000 0,000000 0,000000
985 1675561894 3,800000 -1,000000 -101,000000 0,000000 0,000000
985 1675561895 3,800000 -1,000000 -101,000000 0,000000 0,000000
985 1675561896 3,800000 -1,000000 -101,000000 0,000000 0,000000
985 1675561897 3,800000 -1,000000 -101,000000 0,000000 0,000000
985 1675561898 2,000000 -1,000000 -101,000000 0,000000 0,000000
985 1675561899 2,000000 -1,000000 -101,000000 0,000000 0,000000
985 1675561900 2,000000 -1,000000 -101,000000 0,000000 0,000000
985 1675561901 2,000000 -1,000000 -101,000000 0,000000 0,000000
985 1675561902 2,000000 -1,000000 -101,000000 0,000000 0,000000
985 1675561903 2,000000 -1,000000 -101,000000 0,000000 0,000000
985 1675561904 2,000000 -1,000000 -101,000000 0,000000 0,000000
985 1675561905 2,000000 -1,000000 -101,000000 0,000000 0,000000
985 1675561906 2,000000 -1,000000 -101,000000 0,000000 0,000000
985 1675561907 2,000000 -1,000000 -101,000000 0,000000 0,000000
985 1675561908 1,800000 -1,000000 -101,000000 0,000000 0,000000
985 1675561909 1,800000 -1,000000 -101,000000 0,000000 0,000000
985 1675561910 1,800000 -1,000000 -101,000000 0,000000 0,000000
985 1675561911 1,800000 -1,000000 -101,000000 0,000000 0,000000
985 1675561912 1,800000 -1,000000 -101,000000 0,000000 0,000000
985 1675561913 4,800000 -1,000000 -101,000000 0,000000 0,000000
985 1675561914 4,800000 -1,000000 -101,000000 0,000000 0,000000
985 1675561915 4,800000 -1,000000 -101,000000 0,000000 0,000000
985 1675561916 4,800000 -1,000000 -101,000000 0,000000 0,000000
985 1675561917 4,800000 -1,000000 -101,000000 0,000000 0,000000
985 1675561918 1,600000 -1,000000 -101,000000 0,000000 0,000000
985 1675561919 1,600000 -1,000000 -101,000000 0,000000 0,000000
985 1675561920 1,600000 -1,000000 -101,000000 0,000000 0,000000
985 1675561921 1,600000 -1,000000 -101,000000 0,000000 0,000000
985 1675561922 1,600000 -1,000000 -101,000000 0,000000 0,000000
985 1675561923 1,800000 -1,000000 -101,000000 0,000000 0,000000
985 1675561924 1,800000 -1,000000 -101,000000 0,000000 0,000000
985 1675561925 1,800000 -1,000000 -101,000000 0,000000 0,000000
985 1675561926 1,800000 -1,000000 -101,000000 0,000000 0,000000
985 1675561927 1,800000 -1,000000 -101,000000 0,000000 0,000000
985 1675561928 0,600000 -1,000000 -101,000000 0,000000 0,000000
985 1675561929 0,600000 -1,000000 -101,000000 0,000000 0,000000
985 1675561930 0,600000 -1,000000 -101,000000 0,000000 0,000000
985 1675561931 0,600000 -1,000000 -101,000000 0,000000 0,000000
985 1675561932 0,600000 -1,000000 -101,000000 0,000000 0,000000
985 1675561933 0,800000 -1,000000 -101,000000 0,000000 0,000000
985 1675561934 0,800000 -1,000000 -101,000000 0,000000 0,000000
985 1675561935 0,800000 -1,000000 -101,000000 0,000000 0,000000
985 1675561936 0,800000 -1,000000 -101,000000 0,000000 0,000000
985 1675561937 0,800000 -1,000000 -101,000000 0,000000 0,000000
985 1675561938 1,400000 -1,000000 -101,000000 0,000000 0,000000
985 1675561939 1,400000 -1,000000 -101,000000 0,000000 0,000000
985 1675561940 1,400000 -1,000000 -101,000000 0,000000 0,000000
985 1675561941 1,400000 -1,000000 -101,000000 0,000000 0,000000
985 1675561942 1,400000 -1,000000 -101,000000 0,000000 0,000000
985 1675561943 4,800000 -1,000000 -101,000000 0,000000 0,000000
985 1675561944 4,800000 -1,000000 -101,000000 0,000000 0,000000
985 1675561945 4,800000 -1,000000 -101,000000 0,000000 0,000000
985 1675561946 4,800000 -1,000000 -101,000000 0,000000 0,000000
985 1675561947 4,800000 -1,000000 -101,000000 0,000000 0,000000
985 1675561948 6,400000 -1,000000 -101,000000 0,000000 0,000000
985 1675561949 6,400000 -1,000000 -101,000000 0,000000 0,000000
985 1675561950 6,400000 -1,000000 -101,000000 0,000000 0,000000
985 1675561951 6,400000 -1,000000 -101,000000 0,000000 0,000000
985 1675561952 6,400000 -1,000000 -101,000000 0,000000 0,000000
985 1675561953 4,600000 -1,000000 -101,000000 0,000000 0,000000
985 1675561954 4,600000 -1,000000 -101,000000 0,000000 0,000000
985 1675561955 4,600000 -1,000000 -101,000000 0,000000 0,000000
985 1675561956 4,600000 -1,000000 -101,000000 0,000000 0,000000
985 1675561957 4,600000 -1,000000 -101,000000 0,000000 0,000000
985 1675561958 4,800000 -1,000000 -101,000000 0,000000 0,000000
985 1675561959 4,800000 -1,000000 -101,000000 0,000000 0,000000
985 1675561960 4,800000 -1,000000 -101,000000 0,000000 0,000000
985 1675561961 4,800000 -1,000000 -101,000000 0,000000 0,000000
985 1675561962 4,800000 -1,000000 -101,000000 0,000000 0,000000
985 1675561963 4,400000 -1,000000 -101,000000 0,000000 0,000000
985 1675561964 4,400000 -1,000000 -101,000000 0,000000 0,000000
985 1675561965 4,400000 -1,000000 -101,000000 0,000000 0,000000
985 1675561966 4,400000 -1,000000 -101,000000 0,000000 0,000000
985 1675561967 4,400000 -1,000000 -101,000000 0,000000 0,000000
985 1675561968 2,000000 -1,000000 -101,000000 0,000000 0,000000
985 1675561969 2,000000 -1,000000 -101,000000 0,000000 0,000000
985 1675561970 2,000000 -1,000000 -101,000000 0,000000 0,000000
985 1675561971 2,000000 -1,000000 -101,000000 0,000000 0,000000
985 1675561972 2,000000 -1,000000 -101,000000 0,000000 0,000000
985 1675561973 1,800000 -1,000000 -101,000000 0,000000 0,000000
985 1675561974 1,800000 -1,000000 -101,000000 0,000000 0,000000
985 1675561975 1,800000 -1,000000 -101,000000 0,000000 0,000000
985 1675561976 1,800000 -1,000000 -101,000000 0,000000 0,000000
985 1675561977 1,800000 -1,000000 -101,000000 0,000000 0,000000
985 1675561978 0,400000 -1,000000 -101,000000 0,000000 0,000000
985 1675561979 0,400000 -1,000000 -101,000000 0,000000 0,000000
985 1675561980 0,400000 -1,000000 -101,000000 0,000000 0,000000
985 1675561981 0,400000 -1,000000 -101,000000 0,000000 0,000000
985 1675561982 0,400000 -1,000000 -101,000000 0,000000 0,000000
985 1675561983 0,800000 -1,000000 -101,000000 0,000000 0,000000
985 1675561984 0,800000 -1,000000 -101,000000 0,000000 0,000000
985 1675561985 0,800000 -1,000000 -101,000000 0,000000 0,000000
985 1675561986 0,800000 -1,000000 -101,000000 0,000000 0,000000
985 1675561987 0,800000 -1,000000 -101,000000 0,000000 0,000000
985 1675561988 3,000000 -1,000000 -101,000000 0,000000 0,000000
985 1675561989 3,000000 -1,000000 -101,000000 0,000000 0,000000
985 1675561990 3,000000 -1,000000 -101,000000 0,000000 0,000000
985 1675561991 3,000000 -1,000000 -101,000000 0,000000 0,000000
985 1675561992 3,000000 -1,000000 -101,000000 0,000000 0,000000
985 1675561993 1,200000 -1,000000 -101,000000 0,000000 0,000000
985 1675561994 1,200000 -1,000000 -101,000000 0,000000 0,000000
985 1675561995 1,200000 -1,000000 -101,000000 0,000000 0,000000
985 1675561996 1,200000 -1,000000 -101,000000 0,000000 0,000000
985 1675561997 1,200000 -1,000000 -101,000000 0,000000 0,000000
985 1675561998 0,200000 -1,000000 -101,000000 0,000000 0,000000
985 1675561999 0,200000 -1,000000 -101,000000 0,000000 0,000000
985 1675562000 0,200000 -1,000000 -101,000000 0,000000 0,000000
985 1675562001 0,200000 -1,000000 -101,000000 0,000000 0,000000
985 1675562002 0,200000 -1,000000 -101,000000 0,000000 0,000000
985 1675562003 0,600000 -1,000000 -101,000000 0,000000 0,000000
985 1675562004 0,600000 -1,000000 -101,000000 0,000000 0,000000
985 1675562005 0,600000 -1,000000 -101,000000 0,000000 0,000000
985 1675562006 0,600000 -1,000000 -101,000000 0,000000 0,000000
985 1675562007 0,600000 -1,000000 -101,000000 0,000000 0,000000
985 1675562008 0,800000 -1,000000 -101,000000 0,000000 0,000000
985 1675562009 0,800000 -1,000000 -101,000000 0,000000 0,000000
985 1675562010 0,800000 -1,000000 -101,000000 0,000000 0,000000
985 1675562011 0,800000 -1,000000 -101,000000 0,000000 0,000000
985 1675562012 0,800000 -1,000000 -101,000000 0,000000 0,000000
985 1675562013 1,400000 -1,000000 -101,000000 0,000000 0,000000
985 1675562014 1,400000 -1,000000 -101,000000 0,000000 0,000000
985 1675562015 1,400000 -1,000000 -101,000000 0,000000 0,000000
985 1675562016 1,400000 -1,000000 -101,000000 0,000000 0,000000
985 1675562017 1,400000 -1,000000 -101,000000 0,000000 0,000000
985 1675562018 3,200000 -1,000000 -101,000000 0,000000 0,000000
985 1675562019 3,200000 -1,000000 -101,000000 0,000000 0,000000
985 1675562020 3,200000 -1,000000 -101,000000 0,000000 0,000000
985 1675562021 3,200000 -1,000000 -101,000000 0,000000 0,000000
985 1675562022 3,200000 -1,000000 -101,000000 0,000000 0,000000
985 1675562023 4,400000 -1,000000 -101,000000 0,000000 0,000000
985 1675562024 4,400000 -1,000000 -101,000000 0,000000 0,000000
985 1675562025 4,400000 -1,000000 -101,000000 0,000000 0,000000
985 1675562026 4,400000 -1,000000 -101,000000 0,000000 0,000000
985 1675562027 4,400000 -1,000000 -101,000000 0,000000 0,000000
985 1675562028 2,600000 -1,000000 -101,000000 0,000000 0,000000
985 1675562029 2,600000 -1,000000 -101,000000 0,000000 0,000000
985 1675562030 2,600000 -1,000000 -101,000000 0,000000 0,000000
985 1675562031 2,600000 -1,000000 -101,000000 0,000000 0,000000
985 1675562032 2,600000 -1,000000 -101,000000 0,000000 0,000000
985 1675562033 3,000000 -1,000000 -101,000000 0,000000 0,000000
985 1675562034 3,000000 -1,000000 -101,000000 0,000000 0,000000
985 1675562035 3,000000 -1,000000 -101,000000 0,000000 0,000000
985 1675562036 3,000000 -1,000000 -101,000000 0,000000 0,000000
985 1675562037 3,000000 -1,000000 -101,000000 0,000000 0,000000
985 1675562038 0,400000 -1,000000 -101,000000 0,000000 0,000000
985 1675562039 0,400000 -1,000000 -101,000000 0,000000 0,000000
985 1675562040 0,400000 -1,000000 -101,000000 0,000000 0,000000
985 1675562041 0,400000 -1,000000 -101,000000 0,000000 0,000000
985 1675562042 0,400000 -1,000000 -101,000000 0,000000 0,000000
985 1675562043 1,000000 -1,000000 -101,000000 0,000000 0,000000
985 1675562044 1,000000 -1,000000 -101,000000 0,000000 0,000000
985 1675562045 1,000000 -1,000000 -101,000000 0,000000 0,000000
985 1675562046 1,000000 -1,000000 -101,000000 0,000000 0,000000
985 1675562047 1,000000 -1,000000 -101,000000 0,000000 0,000000
985 1675562048 1,600000 -1,000000 -101,000000 0,000000 0,000000
985 1675562049 1,600000 -1,000000 -101,000000 0,000000 0,000000
985 1675562050 1,600000 -1,000000 -101,000000 0,000000 0,000000
985 1675562051 1,600000 -1,000000 -101,000000 0,000000 0,000000
985 1675562052 1,600000 -1,000000 -101,000000 0,000000 0,000000
985 1675562053 1,600000 -1,000000 -101,000000 0,000000 0,000000
985 1675562054 1,600000 -1,000000 -101,000000 0,000000 0,000000
985 1675562055 1,600000 -1,000000 -101,000000 0,000000 0,000000
985 1675562056 1,600000 -1,000000 -101,000000 0,000000 0,000000
985 1675562057 1,600000 -1,000000 -101,000000 0,000000 0,000000
985 1675562058 5,000000 -1,000000 -101,000000 0,000000 0,000000
985 1675562059 5,000000 -1,000000 -101,000000 0,000000 0,000000
985 1675562060 5,000000 -1,000000 -101,000000 0,000000 0,000000
985 1675562061 5,000000 -1,000000 -101,000000 0,000000 0,000000
985 1675562062 5,000000 -1,000000 -101,000000 0,000000 0,000000
985 1675562063 3,800000 -1,000000 -101,000000 0,000000 0,000000
985 1675562064 3,800000 -1,000000 -101,000000 0,000000 0,000000
985 1675562065 3,800000 -1,000000 -101,000000 0,000000 0,000000
985 1675562066 3,800000 -1,000000 -101,000000 0,000000 0,000000
985 1675562067 3,800000 -1,000000 -101,000000 0,000000 0,000000
985 1675562068 3,400000 -1,000000 -101,000000 0,000000 0,000000
985 1675562069 3,400000 -1,000000 -101,000000 0,000000 0,000000
985 1675562070 3,400000 -1,000000 -101,000000 0,000000 0,000000
985 1675562071 3,400000 -1,000000 -101,000000 0,000000 0,000000
985 1675562072 3,400000 -1,000000 -101,000000 0,000000 0,000000
985 1675562073 3,200000 -1,000000 -101,000000 0,000000 0,000000
985 1675562074 3,200000 -1,000000 -101,000000 0,000000 0,000000
985 1675562075 3,200000 -1,000000 -101,000000 0,000000 0,000000
985 1675562076 3,200000 -1,000000 -101,000000 0,000000 0,000000
985 1675562077 3,200000 -1,000000 -101,000000 0,000000 0,000000
985 1675562078 2,600000 -1,000000 -101,000000 0,000000 0,000000
985 1675562079 2,600000 -1,000000 -101,000000 0,000000 0,000000
985 1675562080 2,600000 -1,000000 -101,000000 0,000000 0,000000
985 1675562081 2,600000 -1,000000 -101,000000 0,000000 0,000000
985 1675562082 2,600000 -1,000000 -101,000000 0,000000 0,000000
985 1675562083 2,400000 -1,000000 -101,000000 0,000000 0,000000
985 1675562084 2,400000 -1,000000 -101,000000 0,000000 0,000000
985 1675562085 2,400000 -1,000000 -101,000000 0,000000 0,000000
985 1675562086 2,400000 -1,000000 -101,000000 0,000000 0,000000
985 1675562087 2,400000 -1,000000 -101,000000 0,000000 0,000000
985 1675562088 2,600000 -1,000000 -101,000000 0,000000 0,000000
985 1675562089 2,600000 -1,000000 -101,000000 0,000000 0,000000
985 1675562090 2,600000 -1,000000 -101,000000 0,000000 0,000000
985 1675562091 2,600000 -1,000000 -101,000000 0,000000 0,000000
985 1675562092 2,600000 -1,000000 -101,000000 0,000000 0,000000
985 1675562093 1,400000 -1,000000 -101,000000 0,000000 0,000000
985 1675562094 1,400000 -1,000000 -101,000000 0,000000 0,000000
985 1675562095 1,400000 -1,000000 -101,000000 0,000000 0,000000
985 1675562096 1,400000 -1,000000 -101,000000 0,000000 0,000000
985 1675562097 1,400000 -1,000000 -101,000000 0,000000 0,000000
985 1675562098 6,000000 -1,000000 -101,000000 0,000000 0,000000
985 1675562099 6,000000 -1,000000 -101,000000 0,000000 0,000000
985 1675562100 6,000000 -1,000000 -101,000000 0,000000 0,000000
985 1675562101 6,000000 -1,000000 -101,000000 0,000000 0,000000
985 1675562102 6,000000 -1,000000 -101,000000 0,000000 0,000000
985 1675562103 3,800000 -1,000000 -101,000000 0,000000 0,000000
985 1675562104 3,800000 -1,000000 -101,000000 0,000000 0,000000
985 1675562105 3,800000 -1,000000 -101,000000 0,000000 0,000000
985 1675562106 3,800000 -1,000000 -101,000000 0,000000 0,000000
985 1675562107 3,800000 -1,000000 -101,000000 0,000000 0,000000
985 1675562108 4,400000 -1,000000 -101,000000 0,000000 0,000000
985 1675562109 4,400000 -1,000000 -101,000000 0,000000 0,000000
985 1675562110 4,400000 -1,000000 -101,000000 0,000000 0,000000
985 1675562111 4,400000 -1,000000 -101,000000 0,000000 0,000000
985 1675562112 4,400000 -1,000000 -101,000000 0,000000 0,000000
985 1675562113 0,400000 -1,000000 -101,000000 0,000000 0,000000
985 1675562114 0,400000 -1,000000 -101,000000 0,000000 0,000000
985 1675562115 0,400000 -1,000000 -101,000000 0,000000 0,000000
985 1675562116 0,400000 -1,000000 -101,000000 0,000000 0,000000
985 1675562117 0,400000 -1,000000 -101,000000 0,000000 0,000000
985 1675562118 0,800000 -1,000000 -101,000000 0,000000 0,000000
985 1675562119 0,800000 -1,000000 -101,000000 0,000000 0,000000
985 1675562120 0,800000 -1,000000 -101,000000 0,000000 0,000000
985 1675562121 0,800000 -1,000000 -101,000000 0,000000 0,000000
985 1675562122 0,800000 -1,000000 -101,000000 0,000000 0,000000
985 1675562123 0,400000 -1,000000 -101,000000 0,000000 0,000000
985 1675562124 0,400000 -1,000000 -101,000000 0,000000 0,000000
985 1675562125 0,400000 -1,000000 -101,000000 0,000000 0,000000
985 1675562126 0,400000 -1,000000 -101,000000 0,000000 0,000000
985 1675562127 0,400000 -1,000000 -101,000000 0,000000 0,000000
985 1675562128 0,800000 -1,000000 -101,000000 0,000000 0,000000
985 1675562129 0,800000 -1,000000 -101,000000 0,000000 0,000000
985 1675562130 0,800000 -1,000000 -101,000000 0,000000 0,000000
985 1675562131 0,800000 -1,000000 -101,000000 0,000000 0,000000
985 1675562132 0,800000 -1,000000 -101,000000 0,000000 0,000000
985 1675562133 2,200000 -1,000000 -101,000000 0,000000 0,000000
985 1675562134 2,200000 -1,000000 -101,000000 0,000000 0,000000
985 1675562135 2,200000 -1,000000 -101,000000 0,000000 0,000000
985 1675562136 2,200000 -1,000000 -101,000000 0,000000 0,000000
985 1675562137 2,200000 -1,000000 -101,000000 0,000000 0,000000
985 1675562138 3,400000 -1,000000 -101,000000 0,000000 0,000000
985 1675562139 3,400000 -1,000000 -101,000000 0,000000 0,000000
985 1675562140 3,400000 -1,000000 -101,000000 0,000000 0,000000
985 1675562141 3,400000 -1,000000 -101,000000 0,000000 0,000000
985 1675562142 3,400000 -1,000000 -101,000000 0,000000 0,000000
985 1675562143 1,200000 -1,000000 -101,000000 0,000000 0,000000
985 1675562144 1,200000 -1,000000 -101,000000 0,000000 0,000000
985 1675562145 1,200000 -1,000000 -101,000000 0,000000 0,000000
985 1675562146 1,200000 -1,000000 -101,000000 0,000000 0,000000
985 1675562147 1,200000 -1,000000 -101,000000 0,000000 0,000000
985 1675562148 1,800000 -1,000000 -101,000000 0,000000 0,000000
985 1675562149 1,800000 -1,000000 -101,000000 0,000000 0,000000
985 1675562150 1,800000 -1,000000 -101,000000 0,000000 0,000000
985 1675562151 1,800000 -1,000000 -101,000000 0,000000 0,000000
985 1675562152 1,800000 -1,000000 -101,000000 0,000000 0,000000
985 1675562153 2,800000 -1,000000 -101,000000 0,000000 0,000000
985 1675562154 2,800000 -1,000000 -101,000000 0,000000 0,000000
985 1675562155 2,800000 -1,000000 -101,000000 0,000000 0,000000
985 1675562156 2,800000 -1,000000 -101,000000 0,000000 0,000000
985 1675562217 4,200000 -1,000000 4,200000 4,200000 3,528000
985 1675562216 4,200000 -1,000000 4,200000 4,200000 3,528000
985 1675562215 4,200000 -1,000000 4,200000 4,200000 3,528000
985 1675562214 4,200000 -1,000000 4,200000 4,200000 3,528000
985 1675562213 4,200000 -1,000000 4,200000 4,200000 3,528000
985 1675562212 3,200000 -1,000000 3,200000 3,200000 2,048000
985 1675562211 3,200000 -1,000000 3,200000 3,200000 2,048000
985 1675562210 3,200000 -1,000000 3,200000 3,200000 2,048000
985 1675562209 3,200000 -1,000000 3,200000 3,200000 2,048000
985 1675562208 3,200000 -1,000000 3,200000 3,200000 2,048000
985 1675562207 2,000000 -1,000000 2,000000 2,000000 0,800000
985 1675562206 2,000000 -1,000000 2,000000 2,000000 0,800000
985 1675562205 2,000000 -1,000000 2,000000 2,000000 0,800000
985 1675562204 2,000000 -1,000000 2,000000 2,000000 0,800000
985 1675562203 2,000000 -1,000000 2,000000 2,000000 0,800000
985 1675562202 1,400000 -1,000000 1,400000 1,400000 0,392000
985 1675562201 1,400000 -1,000000 1,400000 1,400000 0,392000
985 1675562200 1,400000 -1,000000 1,400000 1,400000 0,392000
985 1675562199 1,400000 -1,000000 1,400000 1,400000 0,392000
985 1675562198 1,400000 -1,000000 1,400000 1,400000 0,392000
985 1675562197 1,400000 -1,000000 1,400000 1,400000 0,392000
985 1675562196 1,400000 -1,000000 1,400000 1,400000 0,392000
985 1675562195 1,400000 -1,000000 1,400000 1,400000 0,392000
985 1675562194 1,400000 -1,000000 1,400000 1,400000 0,392000
985 1675562193 1,400000 -1,000000 1,400000 1,400000 0,392000
985 1675562192 0,200000 -1,000000 0,200000 0,200000 0,008000
985 1675562191 0,200000 -1,000000 0,200000 0,200000 0,008000
985 1675562190 0,200000 -1,000000 0,200000 0,200000 0,008000
985 1675562189 0,200000 -1,000000 0,200000 0,200000 0,008000
985 1675562188 0,200000 -1,000000 0,200000 0,200000 0,008000
985 1675562187 4,400000 -1,000000 4,400000 4,400000 3,872000
985 1675562186 4,400000 -1,000000 4,400000 4,400000 3,872000
985 1675562185 4,400000 -1,000000 4,400000 4,400000 3,872000
985 1675562184 4,400000 -1,000000 4,400000 4,400000 3,872000
985 1675562183 4,400000 -1,000000 4,400000 4,400000 3,872000
985 1675562182 2,600000 -1,000000 2,600000 2,600000 1,352000
985 1675562181 2,600000 -1,000000 2,600000 2,600000 1,352000
985 1675562180 2,600000 -1,000000 2,600000 2,600000 1,352000
985 1675562179 2,600000 -1,000000 2,600000 2,600000 1,352000
985 1675562178 2,600000 -1,000000 2,600000 2,600000 1,352000
985 1675562177 5,600000 -1,000000 5,600000 5,600000 6,272000
985 1675562176 5,600000 -1,000000 5,600000 5,600000 6,272000
985 1675562175 5,600000 -1,000000 5,600000 5,600000 6,272000
985 1675562174 5,600000 -1,000000 5,600000 5,600000 6,272000
985 1675562173 5,600000 -1,000000 5,600000 5,600000 6,272000
985 1675562172 4,600000 -1,000000 4,600000 4,600000 4,232000
985 1675562171 4,600000 -1,000000 4,600000 4,600000 4,232000
985 1675562170 4,600000 -1,000000 4,600000 4,600000 4,232000
985 1675562169 4,600000 -1,000000 4,600000 4,600000 4,232000
985 1675562168 4,600000 -1,000000 4,600000 4,600000 4,232000
985 1675562167 5,000000 -1,000000 5,000000 5,000000 5,000000
985 1675562166 5,000000 -1,000000 5,000000 5,000000 5,000000
985 1675562165 5,000000 -1,000000 5,000000 5,000000 5,000000
985 1675562164 5,000000 -1,000000 5,000000 5,000000 5,000000
985 1675562163 5,000000 -1,000000 5,000000 5,000000 5,000000
985 1675562162 2,000000 -1,000000 2,000000 2,000000 0,800000
985 1675562161 2,000000 -1,000000 2,000000 2,000000 0,800000
985 1675562160 2,000000 -1,000000 2,000000 2,000000 0,800000
985 1675562159 2,000000 -1,000000 2,000000 2,000000 0,800000
985 1675562158 2,000000 -1,000000 2,000000 2,000000 0,800000
985 1675562157 2,800000 -1,000000 2,800000 2,800000 1,568000
985 1675562157 2,800000 -1,000000 -101,000000 0,000000 0,000000
985 1675562158 2,000000 -1,000000 -101,000000 0,000000 0,000000
985 1675562159 2,000000 -1,000000 -101,000000 0,000000 0,000000
985 1675562160 2,000000 -1,000000 -101,000000 0,000000 0,000000
985 1675562161 2,000000 -1,000000 -101,000000 0,000000 0,000000
985 1675562162 2,000000 -1,000000 -101,000000 0,000000 0,000000
985 1675562163 5,000000 -1,000000 -101,000000 0,000000 0,000000
985 1675562164 5,000000 -1,000000 -101,000000 0,000000 0,000000
985 1675562165 5,000000 -1,000000 -101,000000 0,000000 0,000000
985 1675562166 5,000000 -1,000000 -101,000000 0,000000 0,000000
985 1675562167 5,000000 -1,000000 -101,000000 0,000000 0,000000
985 1675562168 4,600000 -1,000000 -101,000000 0,000000 0,000000
985 1675562169 4,600000 -1,000000 -101,000000 0,000000 0,000000
985 1675562170 4,600000 -1,000000 -101,000000 0,000000 0,000000
985 1675562171 4,600000 -1,000000 -101,000000 0,000000 0,000000
985 1675562172 4,600000 -1,000000 -101,000000 0,000000 0,000000
985 1675562173 5,600000 -1,000000 -101,000000 0,000000 0,000000
985 1675562174 5,600000 -1,000000 -101,000000 0,000000 0,000000
985 1675562175 5,600000 -1,000000 -101,000000 0,000000 0,000000
985 1675562176 5,600000 -1,000000 -101,000000 0,000000 0,000000
985 1675562177 5,600000 -1,000000 -101,000000 0,000000 0,000000
985 1675562178 2,600000 -1,000000 -101,000000 0,000000 0,000000
985 1675562179 2,600000 -1,000000 -101,000000 0,000000 0,000000
985 1675562180 2,600000 -1,000000 -101,000000 0,000000 0,000000
985 1675562181 2,600000 -1,000000 -101,000000 0,000000 0,000000
985 1675562182 2,600000 -1,000000 -101,000000 0,000000 0,000000
985 1675562183 4,400000 -1,000000 -101,000000 0,000000 0,000000
985 1675562184 4,400000 -1,000000 -101,000000 0,000000 0,000000
985 1675562185 4,400000 -1,000000 -101,000000 0,000000 0,000000
985 1675562186 4,400000 -1,000000 -101,000000 0,000000 0,000000
985 1675562187 4,400000 -1,000000 -101,000000 0,000000 0,000000
985 1675562188 0,200000 -1,000000 -101,000000 0,000000 0,000000
985 1675562189 0,200000 -1,000000 -101,000000 0,000000 0,000000
985 1675562190 0,200000 -1,000000 -101,000000 0,000000 0,000000
985 1675562191 0,200000 -1,000000 -101,000000 0,000000 0,000000
985 1675562192 0,200000 -1,000000 -101,000000 0,000000 0,000000
985 1675562193 1,400000 -1,000000 -101,000000 0,000000 0,000000
985 1675562194 1,400000 -1,000000 -101,000000 0,000000 0,000000
985 1675562195 1,400000 -1,000000 -101,000000 0,000000 0,000000
985 1675562196 1,400000 -1,000000 -101,000000 0,000000 0,000000
985 1675562197 1,400000 -1,000000 -101,000000 0,000000 0,000000
985 1675562198 1,400000 -1,000000 -101,000000 0,000000 0,000000
985 1675562199 1,400000 -1,000000 -101,000000 0,000000 0,000000
985 1675562200 1,400000 -1,000000 -101,000000 0,000000 0,000000
985 1675562201 1,400000 -1,000000 -101,000000 0,000000 0,000000
985 1675562202 1,400000 -1,000000 -101,000000 0,000000 0,000000
985 1675562203 2,000000 -1,000000 -101,000000 0,000000 0,000000
985 1675562204 2,000000 -1,000000 -101,000000 0,000000 0,000000
985 1675562205 2,000000 -1,000000 -101,000000 0,000000 0,000000
985 1675562206 2,000000 -1,000000 -101,000000 0,000000 0,000000
985 1675562207 2,000000 -1,000000 -101,000000 0,000000 0,000000
985 1675562208 3,200000 -1,000000 -101,000000 0,000000 0,000000
985 1675562209 3,200000 -1,000000 -101,000000 0,000000 0,000000
985 1675562210 3,200000 -1,000000 -101,000000 0,000000 0,000000
985 1675562211 3,200000 -1,000000 -101,000000 0,000000 0,000000
985 1675562212 3,200000 -1,000000 -101,000000 0,000000 0,000000
985 1675562213 4,200000 -1,000000 -101,000000 0,000000 0,000000
985 1675562214 4,200000 -1,000000 -101,000000 0,000000 0,000000
985 1675562215 4,200000 -1,000000 -101,000000 0,000000 0,000000
985 1675562216 4,200000 -1,000000 -101,000000 0,000000 0,000000
985 1675562217 4,200000 -1,000000 -101,000000 0,000000 0,000000
985 1675562218 2,200000 -1,000000 -101,000000 0,000000 0,000000
985 1675562219 2,200000 -1,000000 -101,000000 0,000000 0,000000
985 1675562220 2,200000 -1,000000 -101,000000 0,000000 0,000000
985 1675562221 2,200000 -1,000000 -101,000000 0,000000 0,000000
985 1675562222 2,200000 -1,000000 -101,000000 0,000000 0,000000
985 1675562223 3,000000 -1,000000 -101,000000 0,000000 0,000000
985 1675562224 3,000000 -1,000000 -101,000000 0,000000 0,000000
985 1675562225 3,000000 -1,000000 -101,000000 0,000000 0,000000
985 1675562226 3,000000 -1,000000 -101,000000 0,000000 0,000000
985 1675562227 3,000000 -1,000000 -101,000000 0,000000 0,000000
985 1675562228 0,600000 -1,000000 -101,000000 0,000000 0,000000
985 1675562229 0,600000 -1,000000 -101,000000 0,000000 0,000000
985 1675562230 0,600000 -1,000000 -101,000000 0,000000 0,000000
985 1675562231 0,600000 -1,000000 -101,000000 0,000000 0,000000
985 1675562232 0,600000 -1,000000 -101,000000 0,000000 0,000000
985 1675562233 2,200000 -1,000000 -101,000000 0,000000 0,000000
985 1675562234 2,200000 -1,000000 -101,000000 0,000000 0,000000
985 1675562235 2,200000 -1,000000 -101,000000 0,000000 0,000000
985 1675562236 2,200000 -1,000000 -101,000000 0,000000 0,000000
985 1675562237 2,200000 -1,000000 -101,000000 0,000000 0,000000
985 1675562248 3,200000 -1,000000 -101,000000 0,000000 0,000000
985 1675562249 3,200000 -1,000000 -101,000000 0,000000 0,000000
985 1675562250 3,200000 -1,000000 -101,000000 0,000000 0,000000
985 1675562251 3,200000 -1,000000 -101,000000 0,000000 0,000000
985 1675562252 3,200000 -1,000000 -101,000000 0,000000 0,000000
985 1675562253 5,600000 -1,000000 -101,000000 0,000000 0,000000
985 1675562254 5,600000 -1,000000 -101,000000 0,000000 0,000000
985 1675562255 5,600000 -1,000000 -101,000000 0,000000 0,000000
985 1675562256 5,600000 -1,000000 -101,000000 0,000000 0,000000
985 1675562257 5,600000 -1,000000 -101,000000 0,000000 0,000000
985 1675562258 6,200000 -1,000000 -101,000000 0,000000 0,000000
985 1675562259 6,200000 -1,000000 -101,000000 0,000000 0,000000
985 1675562260 6,200000 -1,000000 -101,000000 0,000000 0,000000
985 1675562261 6,200000 -1,000000 -101,000000 0,000000 0,000000
985 1675562262 6,200000 -1,000000 -101,000000 0,000000 0,000000
985 1675562263 4,600000 -1,000000 -101,000000 0,000000 0,000000
985 1675562264 4,600000 -1,000000 -101,000000 0,000000 0,000000
985 1675562265 4,600000 -1,000000 -101,000000 0,000000 0,000000
985 1675562266 4,600000 -1,000000 -101,000000 0,000000 0,000000
985 1675562267 4,600000 -1,000000 -101,000000 0,000000 0,000000
985 1675562268 3,000000 -1,000000 -101,000000 0,000000 0,000000
985 1675562269 3,000000 -1,000000 -101,000000 0,000000 0,000000
985 1675562270 3,000000 -1,000000 -101,000000 0,000000 0,000000
985 1675562271 3,000000 -1,000000 -101,000000 0,000000 0,000000
985 1675562272 3,000000 -1,000000 -101,000000 0,000000 0,000000
985 1675562273 4,000000 -1,000000 -101,000000 0,000000 0,000000
985 1675562274 4,000000 -1,000000 -101,000000 0,000000 0,000000
985 1675562275 4,000000 -1,000000 -101,000000 0,000000 0,000000
985 1675562276 4,000000 -1,000000 -101,000000 0,000000 0,000000
985 1675562277 4,000000 -1,000000 -101,000000 0,000000 0,000000
985 1675562278 4,600000 -1,000000 -101,000000 0,000000 0,000000
985 1675562279 4,600000 -1,000000 -101,000000 0,000000 0,000000
985 1675562280 4,600000 -1,000000 -101,000000 0,000000 0,000000
985 1675562281 4,600000 -1,000000 -101,000000 0,000000 0,000000
985 1675562282 4,600000 -1,000000 -101,000000 0,000000 0,000000
985 1675562283 1,000000 -1,000000 -101,000000 0,000000 0,000000
985 1675562284 1,000000 -1,000000 -101,000000 0,000000 0,000000
985 1675562285 1,000000 -1,000000 -101,000000 0,000000 0,000000
985 1675562286 1,000000 -1,000000 -101,000000 0,000000 0,000000
985 1675562287 1,000000 -1,000000 -101,000000 0,000000 0,000000
985 1675562288 1,400000 -1,000000 -101,000000 0,000000 0,000000
985 1675562289 1,400000 -1,000000 -101,000000 0,000000 0,000000
985 1675562290 1,400000 -1,000000 -101,000000 0,000000 0,000000
985 1675562291 1,400000 -1,000000 -101,000000 0,000000 0,000000
985 1675562292 1,400000 -1,000000 -101,000000 0,000000 0,000000
985 1675562293 2,000000 -1,000000 -101,000000 0,000000 0,000000
985 1675562294 2,000000 -1,000000 -101,000000 0,000000 0,000000
985 1675562295 2,000000 -1,000000 -101,000000 0,000000 0,000000
985 1675562296 2,000000 -1,000000 -101,000000 0,000000 0,000000
985 1675562297 2,000000 -1,000000 -101,000000 0,000000 0,000000
985 1675562298 1,600000 -1,000000 -101,000000 0,000000 0,000000
985 1675562299 1,600000 -1,000000 -101,000000 0,000000 0,000000
985 1675562300 1,600000 -1,000000 -101,000000 0,000000 0,000000
985 1675562301 1,600000 -1,000000 -101,000000 0,000000 0,000000
985 1675562302 1,600000 -1,000000 -101,000000 0,000000 0,000000
985 1675562308 0,800000 -1,000000 -101,000000 0,000000 0,000000
985 1675562309 0,800000 -1,000000 -101,000000 0,000000 0,000000
985 1675562310 0,800000 -1,000000 -101,000000 0,000000 0,000000
985 1675562311 0,800000 -1,000000 -101,000000 0,000000 0,000000
985 1675562312 0,800000 -1,000000 -101,000000 0,000000 0,000000
985 1675562313 1,400000 -1,000000 -101,000000 0,000000 0,000000
985 1675562314 1,400000 -1,000000 -101,000000 0,000000 0,000000
985 1675562315 1,400000 -1,000000 -101,000000 0,000000 0,000000
985 1675562316 1,400000 -1,000000 -101,000000 0,000000 0,000000
985 1675562317 1,400000 -1,000000 -101,000000 0,000000 0,000000
985 1675562318 1,200000 -1,000000 -101,000000 0,000000 0,000000
985 1675562319 1,200000 -1,000000 -101,000000 0,000000 0,000000
985 1675562320 1,200000 -1,000000 -101,000000 0,000000 0,000000
985 1675562321 1,200000 -1,000000 -101,000000 0,000000 0,000000
985 1675562322 1,200000 -1,000000 -101,000000 0,000000 0,000000
985 1675562323 1,000000 -1,000000 -101,000000 0,000000 0,000000
985 1675562324 1,000000 -1,000000 -101,000000 0,000000 0,000000
985 1675562325 1,000000 -1,000000 -101,000000 0,000000 0,000000
985 1675562326 1,000000 -1,000000 -101,000000 0,000000 0,000000
985 1675562327 1,000000 -1,000000 -101,000000 0,000000 0,000000
985 1675562328 1,600000 -1,000000 -101,000000 0,000000 0,000000
985 1675562329 1,600000 -1,000000 -101,000000 0,000000 0,000000
985 1675562330 1,600000 -1,000000 -101,000000 0,000000 0,000000
985 1675562331 1,600000 -1,000000 -101,000000 0,000000 0,000000
985 1675562332 1,600000 -1,000000 -101,000000 0,000000 0,000000
985 1675562333 3,400000 -1,000000 -101,000000 0,000000 0,000000
985 1675562334 3,400000 -1,000000 -101,000000 0,000000 0,000000
985 1675562335 3,400000 -1,000000 -101,000000 0,000000 0,000000
985 1675562336 3,400000 -1,000000 -101,000000 0,000000 0,000000
985 1675562337 3,400000 -1,000000 -101,000000 0,000000 0,000000
985 1675562338 2,800000 -1,000000 -101,000000 0,000000 0,000000
985 1675562339 2,800000 -1,000000 -101,000000 0,000000 0,000000
985 1675562340 2,800000 -1,000000 -101,000000 0,000000 0,000000
985 1675562341 2,800000 -1,000000 -101,000000 0,000000 0,000000
985 1675562342 2,800000 -1,000000 -101,000000 0,000000 0,000000
985 1675562343 0,200000 -1,000000 -101,000000 0,000000 0,000000
985 1675562344 0,200000 -1,000000 -101,000000 0,000000 0,000000
985 1675562345 0,200000 -1,000000 -101,000000 0,000000 0,000000
985 1675562346 0,200000 -1,000000 -101,000000 0,000000 0,000000
985 1675562347 0,200000 -1,000000 -101,000000 0,000000 0,000000
985 1675562348 0,200000 -1,000000 -101,000000 0,000000 0,000000
985 1675562349 0,200000 -1,000000 -101,000000 0,000000 0,000000
985 1675562350 0,200000 -1,000000 -101,000000 0,000000 0,000000
985 1675562351 0,200000 -1,000000 -101,000000 0,000000 0,000000
985 1675562352 0,200000 -1,000000 -101,000000 0,000000 0,000000
985 1675562353 1,200000 -1,000000 -101,000000 0,000000 0,000000
985 1675562354 1,200000 -1,000000 -101,000000 0,000000 0,000000
985 1675562355 1,200000 -1,000000 -101,000000 0,000000 0,000000
985 1675562356 1,200000 -1,000000 -101,000000 0,000000 0,000000
985 1675562357 1,200000 -1,000000 -101,000000 0,000000 0,000000
985 1675562358 3,000000 -1,000000 -101,000000 0,000000 0,000000
985 1675562359 3,000000 -1,000000 -101,000000 0,000000 0,000000
985 1675562360 3,000000 -1,000000 -101,000000 0,000000 0,000000
985 1675562361 3,000000 -1,000000 -101,000000 0,000000 0,000000
985 1675562362 3,000000 -1,000000 -101,000000 0,000000 0,000000
985 1675562363 2,400000 -1,000000 -101,000000 0,000000 0,000000
985 1675562364 2,400000 -1,000000 -101,000000 0,000000 0,000000
985 1675562365 2,400000 -1,000000 -101,000000 0,000000 0,000000
985 1675562366 2,400000 -1,000000 -101,000000 0,000000 0,000000
985 1675562367 2,400000 -1,000000 -101,000000 0,000000 0,000000
985 1675562368 2,200000 -1,000000 -101,000000 0,000000 0,000000
985 1675562369 2,200000 -1,000000 -101,000000 0,000000 0,000000
985 1675562370 2,200000 -1,000000 -101,000000 0,000000 0,000000
985 1675562371 2,200000 -1,000000 -101,000000 0,000000 0,000000
985 1675562372 2,200000 -1,000000 -101,000000 0,000000 0,000000
985 1675562373 3,000000 -1,000000 -101,000000 0,000000 0,000000
985 1675562374 3,000000 -1,000000 -101,000000 0,000000 0,000000
985 1675562375 3,000000 -1,000000 -101,000000 0,000000 0,000000
985 1675562376 3,000000 -1,000000 -101,000000 0,000000 0,000000
985 1675562377 3,000000 -1,000000 -101,000000 0,000000 0,000000
985 1675562378 1,600000 -1,000000 -101,000000 0,000000 0,000000
985 1675562379 1,600000 -1,000000 -101,000000 0,000000 0,000000
985 1675562380 1,600000 -1,000000 -101,000000 0,000000 0,000000
985 1675562381 1,600000 -1,000000 -101,000000 0,000000 0,000000
985 1675562382 1,600000 -1,000000 -101,000000 0,000000 0,000000
985 1675562383 4,000000 -1,000000 -101,000000 0,000000 0,000000
985 1675562384 4,000000 -1,000000 -101,000000 0,000000 0,000000
985 1675562385 4,000000 -1,000000 -101,000000 0,000000 0,000000
985 1675562386 4,000000 -1,000000 -101,000000 0,000000 0,000000
985 1675562387 4,000000 -1,000000 -101,000000 0,000000 0,000000
985 1675562388 7,400000 -1,000000 -101,000000 0,000000 0,000000
985 1675562389 7,400000 -1,000000 -101,000000 0,000000 0,000000
985 1675562390 7,400000 -1,000000 -101,000000 0,000000 0,000000
985 1675562391 7,400000 -1,000000 -101,000000 0,000000 0,000000
985 1675562392 7,400000 -1,000000 -101,000000 0,000000 0,000000
985 1675562393 3,200000 -1,000000 -101,000000 0,000000 0,000000
985 1675562394 3,200000 -1,000000 -101,000000 0,000000 0,000000
985 1675562395 3,200000 -1,000000 -101,000000 0,000000 0,000000
985 1675562396 3,200000 -1,000000 -101,000000 0,000000 0,000000
985 1675562397 3,200000 -1,000000 -101,000000 0,000000 0,000000
985 1675562398 3,800000 -1,000000 -101,000000 0,000000 0,000000
985 1675562399 3,800000 -1,000000 -101,000000 0,000000 0,000000
985 1675562400 3,800000 -1,000000 -101,000000 0,000000 0,000000
985 1675562401 3,800000 -1,000000 -101,000000 0,000000 0,000000
985 1675562402 3,800000 -1,000000 -101,000000 0,000000 0,000000
985 1675562403 1,800000 -1,000000 -101,000000 0,000000 0,000000
985 1675562404 1,800000 -1,000000 -101,000000 0,000000 0,000000
985 1675562405 1,800000 -1,000000 -101,000000 0,000000 0,000000
985 1675562406 1,800000 -1,000000 -101,000000 0,000000 0,000000
985 1675562407 1,800000 -1,000000 -101,000000 0,000000 0,000000
985 1675562408 0,400000 -1,000000 -101,000000 0,000000 0,000000
985 1675562409 0,400000 -1,000000 -101,000000 0,000000 0,000000
985 1675562410 0,400000 -1,000000 -101,000000 0,000000 0,000000
985 1675562411 0,400000 -1,000000 -101,000000 0,000000 0,000000
985 1675562412 0,400000 -1,000000 -101,000000 0,000000 0,000000
985 1675562413 0,600000 -1,000000 -101,000000 0,000000 0,000000
985 1675562414 0,600000 -1,000000 -101,000000 0,000000 0,000000
985 1675562415 0,600000 -1,000000 -101,000000 0,000000 0,000000
985 1675562416 0,600000 -1,000000 -101,000000 0,000000 0,000000
985 1675562417 0,600000 -1,000000 -101,000000 0,000000 0,000000
985 1675562418 2,800000 -1,000000 -101,000000 0,000000 0,000000
985 1675562419 2,800000 -1,000000 -101,000000 0,000000 0,000000
985 1675562420 2,800000 -1,000000 -101,000000 0,000000 0,000000
985 1675562421 2,800000 -1,000000 -101,000000 0,000000 0,000000
985 1675562422 2,800000 -1,000000 -101,000000 0,000000 0,000000
985 1675562423 3,000000 -1,000000 -101,000000 0,000000 0,000000
985 1675562424 3,000000 -1,000000 -101,000000 0,000000 0,000000
985 1675562425 3,000000 -1,000000 -101,000000 0,000000 0,000000
985 1675562426 3,000000 -1,000000 -101,000000 0,000000 0,000000
985 1675562427 3,000000 -1,000000 -101,000000 0,000000 0,000000
985 1675562428 1,200000 -1,000000 -101,000000 0,000000 0,000000
985 1675562429 1,200000 -1,000000 -101,000000 0,000000 0,000000
985 1675562430 1,200000 -1,000000 -101,000000 0,000000 0,000000
985 1675562431 1,200000 -1,000000 -101,000000 0,000000 0,000000
985 1675562432 1,200000 -1,000000 -101,000000 0,000000 0,000000
985 1675562433 1,000000 -1,000000 -101,000000 0,000000 0,000000
985 1675562434 1,000000 -1,000000 -101,000000 0,000000 0,000000
985 1675562435 1,000000 -1,000000 -101,000000 0,000000 0,000000
985 1675562436 1,000000 -1,000000 -101,000000 0,000000 0,000000
985 1675562437 1,000000 -1,000000 -101,000000 0,000000 0,000000
985 1675562438 2,000000 -1,000000 -101,000000 0,000000 0,000000
985 1675562439 2,000000 -1,000000 -101,000000 0,000000 0,000000
985 1675562440 2,000000 -1,000000 -101,000000 0,000000 0,000000
985 1675562441 2,000000 -1,000000 -101,000000 0,000000 0,000000
985 1675562442 2,000000 -1,000000 -101,000000 0,000000 0,000000
985 1675562443 0,800000 -1,000000 -101,000000 0,000000 0,000000
985 1675562444 0,800000 -1,000000 -101,000000 0,000000 0,000000
985 1675562445 0,800000 -1,000000 -101,000000 0,000000 0,000000
985 1675562446 0,800000 -1,000000 -101,000000 0,000000 0,000000
985 1675562447 0,800000 -1,000000 -101,000000 0,000000 0,000000
985 1675562448 0,800000 -1,000000 -101,000000 0,000000 0,000000
985 1675562449 0,800000 -1,000000 -101,000000 0,000000 0,000000
985 1675562450 0,800000 -1,000000 -101,000000 0,000000 0,000000
985 1675562451 0,800000 -1,000000 -101,000000 0,000000 0,000000
985 1675562452 0,800000 -1,000000 -101,000000 0,000000 0,000000
985 1675562453 3,200000 -1,000000 -101,000000 0,000000 0,000000
985 1675562454 3,200000 -1,000000 -101,000000 0,000000 0,000000
985 1675562455 3,200000 -1,000000 -101,000000 0,000000 0,000000
985 1675562456 3,200000 -1,000000 -101,000000 0,000000 0,000000
985 1675562457 3,200000 -1,000000 -101,000000 0,000000 0,000000
985 1675562458 6,200000 -1,000000 -101,000000 0,000000 0,000000
985 1675562459 6,200000 -1,000000 -101,000000 0,000000 0,000000
985 1675562460 6,200000 -1,000000 -101,000000 0,000000 0,000000
985 1675562461 6,200000 -1,000000 -101,000000 0,000000 0,000000
985 1675562462 6,200000 -1,000000 -101,000000 0,000000 0,000000
985 1675562463 7,600000 -1,000000 -101,000000 0,000000 0,000000
985 1675562464 7,600000 -1,000000 -101,000000 0,000000 0,000000
985 1675562465 7,600000 -1,000000 -101,000000 0,000000 0,000000
985 1675562466 7,600000 -1,000000 -101,000000 0,000000 0,000000
985 1675562467 7,600000 -1,000000 -101,000000 0,000000 0,000000
985 1675562468 1,800000 -1,000000 -101,000000 0,000000 0,000000
985 1675562469 1,800000 -1,000000 -101,000000 0,000000 0,000000
985 1675562470 1,800000 -1,000000 -101,000000 0,000000 0,000000
985 1675562471 1,800000 -1,000000 -101,000000 0,000000 0,000000
985 1675562472 1,800000 -1,000000 -101,000000 0,000000 0,000000
985 1675562473 2,200000 -1,000000 -101,000000 0,000000 0,000000
985 1675562474 2,200000 -1,000000 -101,000000 0,000000 0,000000
985 1675562475 2,200000 -1,000000 -101,000000 0,000000 0,000000
985 1675562476 2,200000 -1,000000 -101,000000 0,000000 0,000000
985 1675562477 2,200000 -1,000000 -101,000000 0,000000 0,000000
985 1675562478 2,200000 -1,000000 -101,000000 0,000000 0,000000
985 1675562479 2,200000 -1,000000 -101,000000 0,000000 0,000000
985 1675562480 2,200000 -1,000000 -101,000000 0,000000 0,000000
985 1675562481 2,200000 -1,000000 -101,000000 0,000000 0,000000
985 1675562482 2,200000 -1,000000 -101,000000 0,000000 0,000000
985 1675562483 4,600000 -1,000000 -101,000000 0,000000 0,000000
985 1675562484 4,600000 -1,000000 -101,000000 0,000000 0,000000
985 1675562485 4,600000 -1,000000 -101,000000 0,000000 0,000000
985 1675562486 4,600000 -1,000000 -101,000000 0,000000 0,000000
985 1675562487 4,600000 -1,000000 -101,000000 0,000000 0,000000
985 1675562488 1,600000 -1,000000 -101,000000 0,000000 0,000000
985 1675562489 1,600000 -1,000000 -101,000000 0,000000 0,000000
985 1675562490 1,600000 -1,000000 -101,000000 0,000000 0,000000
985 1675562491 1,600000 -1,000000 -101,000000 0,000000 0,000000
985 1675562492 1,600000 -1,000000 -101,000000 0,000000 0,000000
985 1675562493 1,600000 -1,000000 -101,000000 0,000000 0,000000
985 1675562494 1,600000 -1,000000 -101,000000 0,000000 0,000000
985 1675562495 1,600000 -1,000000 -101,000000 0,000000 0,000000
985 1675562496 1,600000 -1,000000 -101,000000 0,000000 0,000000
985 1675562497 1,600000 -1,000000 -101,000000 0,000000 0,000000
985 1675562498 4,200000 -1,000000 -101,000000 0,000000 0,000000
985 1675562499 4,200000 -1,000000 -101,000000 0,000000 0,000000
985 1675562500 4,200000 -1,000000 -101,000000 0,000000 0,000000
985 1675562501 4,200000 -1,000000 -101,000000 0,000000 0,000000
985 1675562502 4,200000 -1,000000 -101,000000 0,000000 0,000000
985 1675562503 1,200000 -1,000000 -101,000000 0,000000 0,000000
985 1675562504 1,200000 -1,000000 -101,000000 0,000000 0,000000
985 1675562505 1,200000 -1,000000 -101,000000 0,000000 0,000000
985 1675562506 1,200000 -1,000000 -101,000000 0,000000 0,000000
985 1675562507 1,200000 -1,000000 -101,000000 0,000000 0,000000
985 1675562508 0,200000 -1,000000 -101,000000 0,000000 0,000000
985 1675562509 0,200000 -1,000000 -101,000000 0,000000 0,000000
985 1675562510 0,200000 -1,000000 -101,000000 0,000000 0,000000
985 1675562511 0,200000 -1,000000 -101,000000 0,000000 0,000000
985 1675562512 0,200000 -1,000000 -101,000000 0,000000 0,000000
985 1675562513 2,200000 -1,000000 -101,000000 0,000000 0,000000
985 1675562514 2,200000 -1,000000 -101,000000 0,000000 0,000000
985 1675562515 2,200000 -1,000000 -101,000000 0,000000 0,000000
985 1675562516 2,200000 -1,000000 -101,000000 0,000000 0,000000
985 1675562517 2,200000 -1,000000 -101,000000 0,000000 0,000000
985 1675562518 3,600000 -1,000000 -101,000000 0,000000 0,000000
985 1675562519 3,600000 -1,000000 -101,000000 0,000000 0,000000
985 1675562520 3,600000 -1,000000 -101,000000 0,000000 0,000000
985 1675562521 3,600000 -1,000000 -101,000000 0,000000 0,000000
985 1675562522 3,600000 -1,000000 -101,000000 0,000000 0,000000
985 1675562523 3,000000 -1,000000 -101,000000 0,000000 0,000000
985 1675562524 3,000000 -1,000000 -101,000000 0,000000 0,000000
985 1675562525 3,000000 -1,000000 -101,000000 0,000000 0,000000
985 1675562526 3,000000 -1,000000 -101,000000 0,000000 0,000000
985 1675562527 3,000000 -1,000000 -101,000000 0,000000 0,000000
985 1675562528 2,800000 -1,000000 -101,000000 0,000000 0,000000
985 1675562529 2,800000 -1,000000 -101,000000 0,000000 0,000000
985 1675562530 2,800000 -1,000000 -101,000000 0,000000 0,000000
985 1675562531 2,800000 -1,000000 -101,000000 0,000000 0,000000
985 1675562532 2,800000 -1,000000 -101,000000 0,000000 0,000000
985 1675562533 1,800000 -1,000000 -101,000000 0,000000 0,000000
985 1675562534 1,800000 -1,000000 -101,000000 0,000000 0,000000
985 1675562535 1,800000 -1,000000 -101,000000 0,000000 0,000000
985 1675562536 1,800000 -1,000000 -101,000000 0,000000 0,000000
985 1675562537 1,800000 -1,000000 -101,000000 0,000000 0,000000
985 1675562538 3,800000 -1,000000 -101,000000 0,000000 0,000000
985 1675562539 3,800000 -1,000000 -101,000000 0,000000 0,000000
985 1675562540 3,800000 -1,000000 -101,000000 0,000000 0,000000
985 1675562541 3,800000 -1,000000 -101,000000 0,000000 0,000000
985 1675562542 3,800000 -1,000000 -101,000000 0,000000 0,000000
985 1675562543 4,000000 -1,000000 -101,000000 0,000000 0,000000
985 1675562544 4,000000 -1,000000 -101,000000 0,000000 0,000000
985 1675562545 4,000000 -1,000000 -101,000000 0,000000 0,000000
985 1675562546 4,000000 -1,000000 -101,000000 0,000000 0,000000
985 1675562547 4,000000 -1,000000 -101,000000 0,000000 0,000000
985 1675562548 0,600000 -1,000000 -101,000000 0,000000 0,000000
985 1675562549 0,600000 -1,000000 -101,000000 0,000000 0,000000
985 1675562550 0,600000 -1,000000 -101,000000 0,000000 0,000000
985 1675562551 0,600000 -1,000000 -101,000000 0,000000 0,000000
985 1675562552 0,600000 -1,000000 -101,000000 0,000000 0,000000
985 1675562553 2,200000 -1,000000 -101,000000 0,000000 0,000000
985 1675562554 2,200000 -1,000000 -101,000000 0,000000 0,000000
985 1675562555 2,200000 -1,000000 -101,000000 0,000000 0,000000
985 1675562556 2,200000 -1,000000 -101,000000 0,000000 0,000000
985 1675562557 2,200000 -1,000000 -101,000000 0,000000 0,000000
985 1675562558 2,800000 -1,000000 -101,000000 0,000000 0,000000
985 1675562559 2,800000 -1,000000 -101,000000 0,000000 0,000000
985 1675562560 2,800000 -1,000000 -101,000000 0,000000 0,000000
985 1675562561 2,800000 -1,000000 -101,000000 0,000000 0,000000
985 1675562562 2,800000 -1,000000 -101,000000 0,000000 0,000000
985 1675562563 4,800000 -1,000000 -101,000000 0,000000 0,000000
985 1675562564 4,800000 -1,000000 -101,000000 0,000000 0,000000
985 1675562565 4,800000 -1,000000 -101,000000 0,000000 0,000000
985 1675562566 4,800000 -1,000000 -101,000000 0,000000 0,000000
985 1675562567 4,800000 -1,000000 -101,000000 0,000000 0,000000
985 1675562568 3,600000 -1,000000 -101,000000 0,000000 0,000000
985 1675562569 3,600000 -1,000000 -101,000000 0,000000 0,000000
985 1675562570 3,600000 -1,000000 -101,000000 0,000000 0,000000
985 1675562571 3,600000 -1,000000 -101,000000 0,000000 0,000000
985 1675562572 3,600000 -1,000000 -101,000000 0,000000 0,000000
985 1675562573 5,000000 -1,000000 -101,000000 0,000000 0,000000
985 1675562574 5,000000 -1,000000 -101,000000 0,000000 0,000000
985 1675562575 5,000000 -1,000000 -101,000000 0,000000 0,000000
985 1675562576 5,000000 -1,000000 -101,000000 0,000000 0,000000
985 1675562577 5,000000 -1,000000 -101,000000 0,000000 0,000000
985 1675562578 3,600000 -1,000000 -101,000000 0,000000 0,000000
985 1675562579 3,600000 -1,000000 -101,000000 0,000000 0,000000
985 1675562580 3,600000 -1,000000 -101,000000 0,000000 0,000000
985 1675562581 3,600000 -1,000000 -101,000000 0,000000 0,000000
985 1675562582 3,600000 -1,000000 -101,000000 0,000000 0,000000
985 1675562583 3,000000 -1,000000 -101,000000 0,000000 0,000000
985 1675562584 3,000000 -1,000000 -101,000000 0,000000 0,000000
985 1675562585 3,000000 -1,000000 -101,000000 0,000000 0,000000
985 1675562586 3,000000 -1,000000 -101,000000 0,000000 0,000000
985 1675562587 3,000000 -1,000000 -101,000000 0,000000 0,000000
985 1675562588 2,400000 -1,000000 -101,000000 0,000000 0,000000
985 1675562589 2,400000 -1,000000 -101,000000 0,000000 0,000000
985 1675562590 2,400000 -1,000000 -101,000000 0,000000 0,000000
985 1675562591 2,400000 -1,000000 -101,000000 0,000000 0,000000
985 1675562592 2,400000 -1,000000 -101,000000 0,000000 0,000000
985 1675562593 2,800000 -1,000000 -101,000000 0,000000 0,000000
985 1675562594 2,800000 -1,000000 -101,000000 0,000000 0,000000
985 1675562595 2,800000 -1,000000 -101,000000 0,000000 0,000000
985 1675562596 2,800000 -1,000000 -101,000000 0,000000 0,000000
985 1675562597 2,800000 -1,000000 -101,000000 0,000000 0,000000
985 1675562598 1,600000 -1,000000 -101,000000 0,000000 0,000000
985 1675562599 1,600000 -1,000000 -101,000000 0,000000 0,000000
985 1675562600 1,600000 -1,000000 -101,000000 0,000000 0,000000
985 1675562601 1,600000 -1,000000 -101,000000 0,000000 0,000000
985 1675562602 1,600000 -1,000000 -101,000000 0,000000 0,000000
985 1675562603 3,200000 -1,000000 -101,000000 0,000000 0,000000
985 1675562604 3,200000 -1,000000 -101,000000 0,000000 0,000000
985 1675562605 3,200000 -1,000000 -101,000000 0,000000 0,000000
985 1675562606 3,200000 -1,000000 -101,000000 0,000000 0,000000
985 1675562607 3,200000 -1,000000 -101,000000 0,000000 0,000000
985 1675562608 5,800000 -1,000000 -101,000000 0,000000 0,000000
985 1675562609 5,800000 -1,000000 -101,000000 0,000000 0,000000
985 1675562610 5,800000 -1,000000 -101,000000 0,000000 0,000000
985 1675562611 5,800000 -1,000000 -101,000000 0,000000 0,000000
985 1675562612 5,800000 -1,000000 -101,000000 0,000000 0,000000
985 1675562613 3,000000 -1,000000 -101,000000 0,000000 0,000000
985 1675562614 3,000000 -1,000000 -101,000000 0,000000 0,000000
985 1675562615 3,000000 -1,000000 -101,000000 0,000000 0,000000
985 1675562616 3,000000 -1,000000 -101,000000 0,000000 0,000000
985 1675562617 3,000000 -1,000000 -101,000000 0,000000 0,000000
985 1675562618 1,200000 -1,000000 -101,000000 0,000000 0,000000
985 1675562619 1,200000 -1,000000 -101,000000 0,000000 0,000000
985 1675562620 1,200000 -1,000000 -101,000000 0,000000 0,000000
985 1675562621 1,200000 -1,000000 -101,000000 0,000000 0,000000
985 1675562622 1,200000 -1,000000 -101,000000 0,000000 0,000000
985 1675562623 1,000000 -1,000000 -101,000000 0,000000 0,000000
985 1675562624 1,000000 -1,000000 -101,000000 0,000000 0,000000
985 1675562625 1,000000 -1,000000 -101,000000 0,000000 0,000000
985 1675562626 1,000000 -1,000000 -101,000000 0,000000 0,000000
985 1675562627 1,000000 -1,000000 -101,000000 0,000000 0,000000
985 1675562628 2,800000 -1,000000 -101,000000 0,000000 0,000000
985 1675562629 2,800000 -1,000000 -101,000000 0,000000 0,000000
985 1675562630 2,800000 -1,000000 -101,000000 0,000000 0,000000
985 1675562631 2,800000 -1,000000 -101,000000 0,000000 0,000000
985 1675562632 2,800000 -1,000000 -101,000000 0,000000 0,000000
985 1675562633 2,600000 -1,000000 -101,000000 0,000000 0,000000
985 1675562634 2,600000 -1,000000 -101,000000 0,000000 0,000000
985 1675562635 2,600000 -1,000000 -101,000000 0,000000 0,000000
985 1675562636 2,600000 -1,000000 -101,000000 0,000000 0,000000
985 1675562637 2,600000 -1,000000 -101,000000 0,000000 0,000000
985 1675562638 3,200000 -1,000000 -101,000000 0,000000 0,000000
985 1675562639 3,200000 -1,000000 -101,000000 0,000000 0,000000
985 1675562640 3,200000 -1,000000 -101,000000 0,000000 0,000000
985 1675562641 3,200000 -1,000000 -101,000000 0,000000 0,000000
985 1675562642 3,200000 -1,000000 -101,000000 0,000000 0,000000
985 1675562643 3,800000 -1,000000 -101,000000 0,000000 0,000000
985 1675562644 3,800000 -1,000000 -101,000000 0,000000 0,000000
985 1675562645 3,800000 -1,000000 -101,000000 0,000000 0,000000
985 1675562646 3,800000 -1,000000 -101,000000 0,000000 0,000000
985 1675562647 3,800000 -1,000000 -101,000000 0,000000 0,000000
985 1675562648 4,000000 -1,000000 -101,000000 0,000000 0,000000
985 1675562649 4,000000 -1,000000 -101,000000 0,000000 0,000000
985 1675562650 4,000000 -1,000000 -101,000000 0,000000 0,000000
985 1675562651 4,000000 -1,000000 -101,000000 0,000000 0,000000
985 1675562652 4,000000 -1,000000 -101,000000 0,000000 0,000000
985 1675562653 2,800000 -1,000000 -101,000000 0,000000 0,000000
985 1675562654 2,800000 -1,000000 -101,000000 0,000000 0,000000
985 1675562655 2,800000 -1,000000 -101,000000 0,000000 0,000000
985 1675562656 2,800000 -1,000000 -101,000000 0,000000 0,000000
985 1675562657 2,800000 -1,000000 -101,000000 0,000000 0,000000
985 1675562658 3,400000 -1,000000 -101,000000 0,000000 0,000000
985 1675562659 3,400000 -1,000000 -101,000000 0,000000 0,000000
985 1675562660 3,400000 -1,000000 -101,000000 0,000000 0,000000
985 1675562661 3,400000 -1,000000 -101,000000 0,000000 0,000000
985 1675562662 3,400000 -1,000000 -101,000000 0,000000 0,000000
985 1675562663 3,400000 -1,000000 -101,000000 0,000000 0,000000
985 1675562664 3,400000 -1,000000 -101,000000 0,000000 0,000000
985 1675562665 3,400000 -1,000000 -101,000000 0,000000 0,000000
985 1675562666 3,400000 -1,000000 -101,000000 0,000000 0,000000
985 1675562667 3,400000 -1,000000 -101,000000 0,000000 0,000000
985 1675562668 6,000000 -1,000000 -101,000000 0,000000 0,000000
985 1675562669 6,000000 -1,000000 -101,000000 0,000000 0,000000
985 1675562670 6,000000 -1,000000 -101,000000 0,000000 0,000000
985 1675562671 6,000000 -1,000000 -101,000000 0,000000 0,000000
985 1675562672 6,000000 -1,000000 -101,000000 0,000000 0,000000
985 1675562673 2,200000 -1,000000 -101,000000 0,000000 0,000000
985 1675562674 2,200000 -1,000000 -101,000000 0,000000 0,000000
985 1675562675 2,200000 -1,000000 -101,000000 0,000000 0,000000
985 1675562676 2,200000 -1,000000 -101,000000 0,000000 0,000000
985 1675562677 2,200000 -1,000000 -101,000000 0,000000 0,000000
985 1675562678 2,400000 -1,000000 -101,000000 0,000000 0,000000
985 1675562679 2,400000 -1,000000 -101,000000 0,000000 0,000000
985 1675562680 2,400000 -1,000000 -101,000000 0,000000 0,000000
985 1675562681 2,400000 -1,000000 -101,000000 0,000000 0,000000
985 1675562682 2,400000 -1,000000 -101,000000 0,000000 0,000000
985 1675562683 1,400000 -1,000000 -101,000000 0,000000 0,000000
985 1675562684 1,400000 -1,000000 -101,000000 0,000000 0,000000
985 1675562685 1,400000 -1,000000 -101,000000 0,000000 0,000000
985 1675562686 1,400000 -1,000000 -101,000000 0,000000 0,000000
985 1675562687 1,400000 -1,000000 -101,000000 0,000000 0,000000
985 1675562688 3,800000 -1,000000 -101,000000 0,000000 0,000000
985 1675562689 3,800000 -1,000000 -101,000000 0,000000 0,000000
985 1675562690 3,800000 -1,000000 -101,000000 0,000000 0,000000
985 1675562691 3,800000 -1,000000 -101,000000 0,000000 0,000000
985 1675562692 3,800000 -1,000000 -101,000000 0,000000 0,000000
985 1675562693 2,600000 -1,000000 -101,000000 0,000000 0,000000
985 1675562694 2,600000 -1,000000 -101,000000 0,000000 0,000000
985 1675562695 2,600000 -1,000000 -101,000000 0,000000 0,000000
985 1675562696 2,600000 -1,000000 -101,000000 0,000000 0,000000
985 1675562697 2,600000 -1,000000 -101,000000 0,000000 0,000000
985 1675562698 3,000000 -1,000000 -101,000000 0,000000 0,000000
985 1675562699 3,000000 -1,000000 -101,000000 0,000000 0,000000
985 1675562700 3,000000 -1,000000 -101,000000 0,000000 0,000000
985 1675562701 3,000000 -1,000000 -101,000000 0,000000 0,000000
985 1675562702 3,000000 -1,000000 -101,000000 0,000000 0,000000
985 1675562703 4,400000 -1,000000 -101,000000 0,000000 0,000000
985 1675562704 4,400000 -1,000000 -101,000000 0,000000 0,000000
985 1675562705 4,400000 -1,000000 -101,000000 0,000000 0,000000
985 1675562706 4,400000 -1,000000 -101,000000 0,000000 0,000000
985 1675562707 4,400000 -1,000000 -101,000000 0,000000 0,000000
985 1675562708 4,400000 -1,000000 -101,000000 0,000000 0,000000
985 1675562709 4,400000 -1,000000 -101,000000 0,000000 0,000000
985 1675562710 4,400000 -1,000000 -101,000000 0,000000 0,000000
985 1675562711 4,400000 -1,000000 -101,000000 0,000000 0,000000
985 1675562712 4,400000 -1,000000 -101,000000 0,000000 0,000000
985 1675562713 2,600000 -1,000000 -101,000000 0,000000 0,000000
985 1675562714 2,600000 -1,000000 -101,000000 0,000000 0,000000
985 1675562715 2,600000 -1,000000 -101,000000 0,000000 0,000000
985 1675562716 2,600000 -1,000000 -101,000000 0,000000 0,000000
985 1675562717 2,600000 -1,000000 -101,000000 0,000000 0,000000
985 1675562718 3,200000 -1,000000 -101,000000 0,000000 0,000000
985 1675562719 3,200000 -1,000000 -101,000000 0,000000 0,000000
985 1675562720 3,200000 -1,000000 -101,000000 0,000000 0,000000
985 1675562721 3,200000 -1,000000 -101,000000 0,000000 0,000000
985 1675562722 3,200000 -1,000000 -101,000000 0,000000 0,000000
985 1675562723 1,800000 -1,000000 -101,000000 0,000000 0,000000
985 1675562724 1,800000 -1,000000 -101,000000 0,000000 0,000000
985 1675562725 1,800000 -1,000000 -101,000000 0,000000 0,000000
985 1675562726 1,800000 -1,000000 -101,000000 0,000000 0,000000
985 1675562727 1,800000 -1,000000 -101,000000 0,000000 0,000000
985 1675562728 3,000000 -1,000000 -101,000000 0,000000 0,000000
985 1675562729 3,000000 -1,000000 -101,000000 0,000000 0,000000
985 1675562730 3,000000 -1,000000 -101,000000 0,000000 0,000000
985 1675562731 3,000000 -1,000000 -101,000000 0,000000 0,000000
985 1675562732 3,000000 -1,000000 -101,000000 0,000000 0,000000
985 1675562733 1,200000 -1,000000 -101,000000 0,000000 0,000000
985 1675562734 1,200000 -1,000000 -101,000000 0,000000 0,000000
985 1675562735 1,200000 -1,000000 -101,000000 0,000000 0,000000
985 1675562736 1,200000 -1,000000 -101,000000 0,000000 0,000000
985 1675562737 1,200000 -1,000000 -101,000000 0,000000 0,000000
985 1675562738 0,200000 -1,000000 -101,000000 0,000000 0,000000
985 1675562739 0,200000 -1,000000 -101,000000 0,000000 0,000000
985 1675562740 0,200000 -1,000000 -101,000000 0,000000 0,000000
985 1675562741 0,200000 -1,000000 -101,000000 0,000000 0,000000
985 1675562742 0,200000 -1,000000 -101,000000 0,000000 0,000000
985 1675562743 1,400000 -1,000000 -101,000000 0,000000 0,000000
985 1675562744 1,400000 -1,000000 -101,000000 0,000000 0,000000
985 1675562745 1,400000 -1,000000 -101,000000 0,000000 0,000000
985 1675562746 1,400000 -1,000000 -101,000000 0,000000 0,000000
985 1675562747 1,400000 -1,000000 -101,000000 0,000000 0,000000
985 1675562748 1,400000 -1,000000 -101,000000 0,000000 0,000000
985 1675562749 1,400000 -1,000000 -101,000000 0,000000 0,000000
985 1675562750 1,400000 -1,000000 -101,000000 0,000000 0,000000
985 1675562751 1,400000 -1,000000 -101,000000 0,000000 0,000000
985 1675562752 1,400000 -1,000000 -101,000000 0,000000 0,000000
985 1675562753 4,600000 -1,000000 -101,000000 0,000000 0,000000
985 1675562754 4,600000 -1,000000 -101,000000 0,000000 0,000000
985 1675562755 4,600000 -1,000000 -101,000000 0,000000 0,000000
985 1675562756 4,600000 -1,000000 -101,000000 0,000000 0,000000
985 1675562757 4,600000 -1,000000 -101,000000 0,000000 0,000000
985 1675562758 4,800000 -1,000000 -101,000000 0,000000 0,000000
985 1675562759 4,800000 -1,000000 -101,000000 0,000000 0,000000
985 1675562760 4,800000 -1,000000 -101,000000 0,000000 0,000000
985 1675562761 4,800000 -1,000000 -101,000000 0,000000 0,000000
985 1675562762 4,800000 -1,000000 -101,000000 0,000000 0,000000
985 1675562763 6,400000 -1,000000 -101,000000 0,000000 0,000000
985 1675562764 6,400000 -1,000000 -101,000000 0,000000 0,000000
985 1675562765 6,400000 -1,000000 -101,000000 0,000000 0,000000
985 1675562766 6,400000 -1,000000 -101,000000 0,000000 0,000000
985 1675562767 6,400000 -1,000000 -101,000000 0,000000 0,000000
985 1675562768 5,600000 -1,000000 -101,000000 0,000000 0,000000
985 1675562769 5,600000 -1,000000 -101,000000 0,000000 0,000000
985 1675562770 5,600000 -1,000000 -101,000000 0,000000 0,000000
985 1675562771 5,600000 -1,000000 -101,000000 0,000000 0,000000
985 1675562772 5,600000 -1,000000 -101,000000 0,000000 0,000000
985 1675562773 4,600000 -1,000000 -101,000000 0,000000 0,000000
985 1675562774 4,600000 -1,000000 -101,000000 0,000000 0,000000
985 1675562775 4,600000 -1,000000 -101,000000 0,000000 0,000000
985 1675562776 4,600000 -1,000000 -101,000000 0,000000 0,000000
985 1675562777 4,600000 -1,000000 -101,000000 0,000000 0,000000
985 1675562778 3,000000 -1,000000 -101,000000 0,000000 0,000000
985 1675562779 3,000000 -1,000000 -101,000000 0,000000 0,000000
985 1675562780 3,000000 -1,000000 -101,000000 0,000000 0,000000
985 1675562781 3,000000 -1,000000 -101,000000 0,000000 0,000000
985 1675562782 3,000000 -1,000000 -101,000000 0,000000 0,000000
985 1675562783 2,200000 -1,000000 -101,000000 0,000000 0,000000
985 1675562784 2,200000 -1,000000 -101,000000 0,000000 0,000000
985 1675562785 2,200000 -1,000000 -101,000000 0,000000 0,000000
985 1675562786 2,200000 -1,000000 -101,000000 0,000000 0,000000
985 1675562787 2,200000 -1,000000 -101,000000 0,000000 0,000000
985 1675562788 2,400000 -1,000000 -101,000000 0,000000 0,000000
985 1675562789 2,400000 -1,000000 -101,000000 0,000000 0,000000
985 1675562790 2,400000 -1,000000 -101,000000 0,000000 0,000000
985 1675562791 2,400000 -1,000000 -101,000000 0,000000 0,000000
985 1675562792 2,400000 -1,000000 -101,000000 0,000000 0,000000
985 1675562793 3,200000 -1,000000 -101,000000 0,000000 0,000000
985 1675562794 3,200000 -1,000000 -101,000000 0,000000 0,000000
985 1675562795 3,200000 -1,000000 -101,000000 0,000000 0,000000
985 1675562796 3,200000 -1,000000 -101,000000 0,000000 0,000000
985 1675562797 3,200000 -1,000000 -101,000000 0,000000 0,000000
985 1675562798 0,800000 -1,000000 -101,000000 0,000000 0,000000
985 1675562799 0,800000 -1,000000 -101,000000 0,000000 0,000000
985 1675562800 0,800000 -1,000000 -101,000000 0,000000 0,000000
985 1675562801 0,800000 -1,000000 -101,000000 0,000000 0,000000
985 1675562802 0,800000 -1,000000 -101,000000 0,000000 0,000000
985 1675562803 1,400000 -1,000000 -101,000000 0,000000 0,000000
985 1675562804 1,400000 -1,000000 -101,000000 0,000000 0,000000
985 1675562805 1,400000 -1,000000 -101,000000 0,000000 0,000000
985 1675562806 1,400000 -1,000000 -101,000000 0,000000 0,000000
985 1675562807 1,400000 -1,000000 -101,000000 0,000000 0,000000
985 1675562808 1,200000 -1,000000 -101,000000 0,000000 0,000000
985 1675562809 1,200000 -1,000000 -101,000000 0,000000 0,000000
985 1675562810 1,200000 -1,000000 -101,000000 0,000000 0,000000
985 1675562811 1,200000 -1,000000 -101,000000 0,000000 0,000000
985 1675562812 1,200000 -1,000000 -101,000000 0,000000 0,000000
985 1675562813 1,000000 -1,000000 -101,000000 0,000000 0,000000
985 1675562814 1,000000 -1,000000 -101,000000 0,000000 0,000000
985 1675562815 1,000000 -1,000000 -101,000000 0,000000 0,000000
985 1675562816 1,000000 -1,000000 -101,000000 0,000000 0,000000
985 1675562817 1,000000 -1,000000 -101,000000 0,000000 0,000000
985 1675562818 2,800000 -1,000000 -101,000000 0,000000 0,000000
985 1675562819 2,800000 -1,000000 -101,000000 0,000000 0,000000
985 1675562820 2,800000 -1,000000 -101,000000 0,000000 0,000000
985 1675562821 2,800000 -1,000000 -101,000000 0,000000 0,000000
985 1675562822 2,800000 -1,000000 -101,000000 0,000000 0,000000
985 1675562823 4,200000 -1,000000 -101,000000 0,000000 0,000000
985 1675562824 4,200000 -1,000000 -101,000000 0,000000 0,000000
985 1675562825 4,200000 -1,000000 -101,000000 0,000000 0,000000
985 1675562826 4,200000 -1,000000 -101,000000 0,000000 0,000000
985 1675562827 4,200000 -1,000000 -101,000000 0,000000 0,000000
985 1675562828 8,200000 -1,000000 -101,000000 0,000000 0,000000
985 1675562829 8,200000 -1,000000 -101,000000 0,000000 0,000000
985 1675562830 8,200000 -1,000000 -101,000000 0,000000 0,000000
985 1675562831 8,200000 -1,000000 -101,000000 0,000000 0,000000
985 1675562832 8,200000 -1,000000 -101,000000 0,000000 0,000000
985 1675562833 4,000000 -1,000000 -101,000000 0,000000 0,000000
985 1675562834 4,000000 -1,000000 -101,000000 0,000000 0,000000
985 1675562835 4,000000 -1,000000 -101,000000 0,000000 0,000000
985 1675562836 4,000000 -1,000000 -101,000000 0,000000 0,000000
985 1675562837 4,000000 -1,000000 -101,000000 0,000000 0,000000
985 1675562838 3,600000 -1,000000 -101,000000 0,000000 0,000000
985 1675562839 3,600000 -1,000000 -101,000000 0,000000 0,000000
985 1675562840 3,600000 -1,000000 -101,000000 0,000000 0,000000
985 1675562841 3,600000 -1,000000 -101,000000 0,000000 0,000000
985 1675562842 3,600000 -1,000000 -101,000000 0,000000 0,000000
985 1675562843 2,000000 -1,000000 -101,000000 0,000000 0,000000
985 1675562844 2,000000 -1,000000 -101,000000 0,000000 0,000000
985 1675562845 2,000000 -1,000000 -101,000000 0,000000 0,000000
985 1675562846 2,000000 -1,000000 -101,000000 0,000000 0,000000
985 1675562847 2,000000 -1,000000 -101,000000 0,000000 0,000000
985 1675562848 0,800000 -1,000000 -101,000000 0,000000 0,000000
985 1675562849 0,800000 -1,000000 -101,000000 0,000000 0,000000
985 1675562850 0,800000 -1,000000 -101,000000 0,000000 0,000000
985 1675562851 0,800000 -1,000000 -101,000000 0,000000 0,000000
985 1675562852 0,800000 -1,000000 -101,000000 0,000000 0,000000
985 1675562853 4,400000 -1,000000 -101,000000 0,000000 0,000000
985 1675562854 4,400000 -1,000000 -101,000000 0,000000 0,000000
985 1675562855 4,400000 -1,000000 -101,000000 0,000000 0,000000
985 1675562856 4,400000 -1,000000 -101,000000 0,000000 0,000000
985 1675562857 4,400000 -1,000000 -101,000000 0,000000 0,000000
985 1675562858 3,200000 -1,000000 -101,000000 0,000000 0,000000
985 1675562859 3,200000 -1,000000 -101,000000 0,000000 0,000000
985 1675562860 3,200000 -1,000000 -101,000000 0,000000 0,000000
985 1675562861 3,200000 -1,000000 -101,000000 0,000000 0,000000
985 1675562862 3,200000 -1,000000 -101,000000 0,000000 0,000000
985 1675562863 4,000000 -1,000000 -101,000000 0,000000 0,000000
985 1675562864 4,000000 -1,000000 -101,000000 0,000000 0,000000
985 1675562865 4,000000 -1,000000 -101,000000 0,000000 0,000000
985 1675562866 4,000000 -1,000000 -101,000000 0,000000 0,000000
985 1675562867 4,000000 -1,000000 -101,000000 0,000000 0,000000
985 1675562868 1,400000 -1,000000 -101,000000 0,000000 0,000000
985 1675562869 1,400000 -1,000000 -101,000000 0,000000 0,000000
985 1675562870 1,400000 -1,000000 -101,000000 0,000000 0,000000
985 1675562871 1,400000 -1,000000 -101,000000 0,000000 0,000000
985 1675562872 1,400000 -1,000000 -101,000000 0,000000 0,000000
985 1675562873 2,400000 -1,000000 -101,000000 0,000000 0,000000
985 1675562874 2,400000 -1,000000 -101,000000 0,000000 0,000000
985 1675562875 2,400000 -1,000000 -101,000000 0,000000 0,000000
985 1675562876 2,400000 -1,000000 -101,000000 0,000000 0,000000
985 1675562877 2,400000 -1,000000 -101,000000 0,000000 0,000000
985 1675562878 1,400000 -1,000000 -101,000000 0,000000 0,000000
985 1675562879 1,400000 -1,000000 -101,000000 0,000000 0,000000
985 1675562880 1,400000 -1,000000 -101,000000 0,000000 0,000000
985 1675562881 1,400000 -1,000000 -101,000000 0,000000 0,000000
985 1675562882 1,400000 -1,000000 -101,000000 0,000000 0,000000
985 1675562883 2,000000 -1,000000 -101,000000 0,000000 0,000000
985 1675562884 2,000000 -1,000000 -101,000000 0,000000 0,000000
985 1675562885 2,000000 -1,000000 -101,000000 0,000000 0,000000
985 1675562886 2,000000 -1,000000 -101,000000 0,000000 0,000000
985 1675562887 2,000000 -1,000000 -101,000000 0,000000 0,000000
985 1675562888 2,400000 -1,000000 -101,000000 0,000000 0,000000
985 1675562889 2,400000 -1,000000 -101,000000 0,000000 0,000000
985 1675562890 2,400000 -1,000000 -101,000000 0,000000 0,000000
985 1675562891 2,400000 -1,000000 -101,000000 0,000000 0,000000
985 1675562892 2,400000 -1,000000 -101,000000 0,000000 0,000000
985 1675562893 3,600000 -1,000000 -101,000000 0,000000 0,000000
985 1675562894 3,600000 -1,000000 -101,000000 0,000000 0,000000
985 1675562895 3,600000 -1,000000 -101,000000 0,000000 0,000000
985 1675562896 3,600000 -1,000000 -101,000000 0,000000 0,000000
985 1675562897 3,600000 -1,000000 -101,000000 0,000000 0,000000
985 1675562898 2,400000 -1,000000 -101,000000 0,000000 0,000000
985 1675562899 2,400000 -1,000000 -101,000000 0,000000 0,000000
985 1675562900 2,400000 -1,000000 -101,000000 0,000000 0,000000
985 1675562901 2,400000 -1,000000 -101,000000 0,000000 0,000000
985 1675562902 2,400000 -1,000000 -101,000000 0,000000 0,000000
985 1675562903 4,400000 -1,000000 -101,000000 0,000000 0,000000
985 1675562904 4,400000 -1,000000 -101,000000 0,000000 0,000000
985 1675562905 4,400000 -1,000000 -101,000000 0,000000 0,000000
985 1675562906 4,400000 -1,000000 -101,000000 0,000000 0,000000
985 1675562907 4,400000 -1,000000 -101,000000 0,000000 0,000000
985 1675562908 0,800000 -1,000000 -101,000000 0,000000 0,000000
985 1675562909 0,800000 -1,000000 -101,000000 0,000000 0,000000
985 1675562910 0,800000 -1,000000 -101,000000 0,000000 0,000000
985 1675562911 0,800000 -1,000000 -101,000000 0,000000 0,000000
985 1675562912 0,800000 -1,000000 -101,000000 0,000000 0,000000
985 1675562913 2,400000 -1,000000 -101,000000 0,000000 0,000000
985 1675562914 2,400000 -1,000000 -101,000000 0,000000 0,000000
985 1675562915 2,400000 -1,000000 -101,000000 0,000000 0,000000
985 1675562916 2,400000 -1,000000 -101,000000 0,000000 0,000000
985 1675562917 2,400000 -1,000000 -101,000000 0,000000 0,000000
985 1675562918 3,200000 -1,000000 -101,000000 0,000000 0,000000
985 1675562919 3,200000 -1,000000 -101,000000 0,000000 0,000000
985 1675562920 3,200000 -1,000000 -101,000000 0,000000 0,000000
985 1675562921 3,200000 -1,000000 -101,000000 0,000000 0,000000
985 1675562922 3,200000 -1,000000 -101,000000 0,000000 0,000000
985 1675562928 0,800000 -1,000000 -101,000000 0,000000 0,000000
985 1675562929 0,800000 -1,000000 -101,000000 0,000000 0,000000
985 1675562930 0,800000 -1,000000 -101,000000 0,000000 0,000000
985 1675562931 0,800000 -1,000000 -101,000000 0,000000 0,000000
985 1675562932 0,800000 -1,000000 -101,000000 0,000000 0,000000
985 1675562933 3,000000 -1,000000 -101,000000 0,000000 0,000000
985 1675562934 3,000000 -1,000000 -101,000000 0,000000 0,000000
985 1675562935 3,000000 -1,000000 -101,000000 0,000000 0,000000
985 1675562936 3,000000 -1,000000 -101,000000 0,000000 0,000000
985 1675562937 3,000000 -1,000000 -101,000000 0,000000 0,000000
985 1675562938 5,800000 -1,000000 -101,000000 0,000000 0,000000
985 1675562939 5,800000 -1,000000 -101,000000 0,000000 0,000000
985 1675562940 5,800000 -1,000000 -101,000000 0,000000 0,000000
985 1675562941 5,800000 -1,000000 -101,000000 0,000000 0,000000
985 1675562942 5,800000 -1,000000 -101,000000 0,000000 0,000000
985 1675562943 1,200000 -1,000000 -101,000000 0,000000 0,000000
985 1675562944 1,200000 -1,000000 -101,000000 0,000000 0,000000
985 1675562945 1,200000 -1,000000 -101,000000 0,000000 0,000000
985 1675562946 1,200000 -1,000000 -101,000000 0,000000 0,000000
985 1675562947 1,200000 -1,000000 -101,000000 0,000000 0,000000
985 1675562948 1,600000 -1,000000 -101,000000 0,000000 0,000000
985 1675562949 1,600000 -1,000000 -101,000000 0,000000 0,000000
985 1675562950 1,600000 -1,000000 -101,000000 0,000000 0,000000
985 1675562951 1,600000 -1,000000 -101,000000 0,000000 0,000000
985 1675562952 1,600000 -1,000000 -101,000000 0,000000 0,000000
985 1675562953 3,800000 -1,000000 -101,000000 0,000000 0,000000
985 1675562954 3,800000 -1,000000 -101,000000 0,000000 0,000000
985 1675562955 3,800000 -1,000000 -101,000000 0,000000 0,000000
985 1675562956 3,800000 -1,000000 -101,000000 0,000000 0,000000
985 1675562957 3,800000 -1,000000 -101,000000 0,000000 0,000000
985 1675562958 4,800000 -1,000000 -101,000000 0,000000 0,000000
985 1675562959 4,800000 -1,000000 -101,000000 0,000000 0,000000
985 1675562960 4,800000 -1,000000 -101,000000 0,000000 0,000000
985 1675562961 4,800000 -1,000000 -101,000000 0,000000 0,000000
985 1675562962 4,800000 -1,000000 -101,000000 0,000000 0,000000
985 1675562963 4,600000 -1,000000 -101,000000 0,000000 0,000000
985 1675562964 4,600000 -1,000000 -101,000000 0,000000 0,000000
985 1675562965 4,600000 -1,000000 -101,000000 0,000000 0,000000
985 1675562966 4,600000 -1,000000 -101,000000 0,000000 0,000000
985 1675562967 4,600000 -1,000000 -101,000000 0,000000 0,000000
985 1675562968 4,200000 -1,000000 -101,000000 0,000000 0,000000
985 1675562969 4,200000 -1,000000 -101,000000 0,000000 0,000000
985 1675562970 4,200000 -1,000000 -101,000000 0,000000 0,000000
985 1675562971 4,200000 -1,000000 -101,000000 0,000000 0,000000
985 1675562972 4,200000 -1,000000 -101,000000 0,000000 0,000000
985 1675562973 4,200000 -1,000000 -101,000000 0,000000 0,000000
985 1675562974 4,200000 -1,000000 -101,000000 0,000000 0,000000
985 1675562975 4,200000 -1,000000 -101,000000 0,000000 0,000000
985 1675562976 4,200000 -1,000000 -101,000000 0,000000 0,000000
985 1675562977 4,200000 -1,000000 -101,000000 0,000000 0,000000
985 1675562978 5,800000 -1,000000 -101,000000 0,000000 0,000000
985 1675562979 5,800000 -1,000000 -101,000000 0,000000 0,000000
985 1675562980 5,800000 -1,000000 -101,000000 0,000000 0,000000
985 1675562981 5,800000 -1,000000 -101,000000 0,000000 0,000000
985 1675562982 5,800000 -1,000000 -101,000000 0,000000 0,000000
985 1675562983 1,200000 -1,000000 -101,000000 0,000000 0,000000
985 1675562984 1,200000 -1,000000 -101,000000 0,000000 0,000000
985 1675562985 1,200000 -1,000000 -101,000000 0,000000 0,000000
985 1675562986 1,200000 -1,000000 -101,000000 0,000000 0,000000
985 1675562987 1,200000 -1,000000 -101,000000 0,000000 0,000000
985 1675562988 1,600000 -1,000000 -101,000000 0,000000 0,000000
985 1675562989 1,600000 -1,000000 -101,000000 0,000000 0,000000
985 1675562990 1,600000 -1,000000 -101,000000 0,000000 0,000000
985 1675562991 1,600000 -1,000000 -101,000000 0,000000 0,000000
985 1675562992 1,600000 -1,000000 -101,000000 0,000000 0,000000
985 1675562998 1,600000 -1,000000 -101,000000 0,000000 0,000000
985 1675562999 1,600000 -1,000000 -101,000000 0,000000 0,000000
985 1675563000 1,600000 -1,000000 -101,000000 0,000000 0,000000
985 1675563001 1,600000 -1,000000 -101,000000 0,000000 0,000000
985 1675563002 1,600000 -1,000000 -101,000000 0,000000 0,000000
985 1675563003 3,600000 -1,000000 -101,000000 0,000000 0,000000
985 1675563004 3,600000 -1,000000 -101,000000 0,000000 0,000000
985 1675563005 3,600000 -1,000000 -101,000000 0,000000 0,000000
985 1675563006 3,600000 -1,000000 -101,000000 0,000000 0,000000
985 1675563007 3,600000 -1,000000 -101,000000 0,000000 0,000000
985 1675563008 5,400000 -1,000000 -101,000000 0,000000 0,000000
985 1675563009 5,400000 -1,000000 -101,000000 0,000000 0,000000
985 1675563010 5,400000 -1,000000 -101,000000 0,000000 0,000000
985 1675563011 5,400000 -1,000000 -101,000000 0,000000 0,000000
985 1675563012 5,400000 -1,000000 -101,000000 0,000000 0,000000
985 1675563013 4,800000 -1,000000 -101,000000 0,000000 0,000000
985 1675563014 4,800000 -1,000000 -101,000000 0,000000 0,000000
985 1675563015 4,800000 -1,000000 -101,000000 0,000000 0,000000
985 1675563016 4,800000 -1,000000 -101,000000 0,000000 0,000000
985 1675563017 4,800000 -1,000000 -101,000000 0,000000 0,000000
985 1675563018 2,600000 -1,000000 -101,000000 0,000000 0,000000
985 1675563019 2,600000 -1,000000 -101,000000 0,000000 0,000000
985 1675563020 2,600000 -1,000000 -101,000000 0,000000 0,000000
985 1675563021 2,600000 -1,000000 -101,000000 0,000000 0,000000
985 1675563022 2,600000 -1,000000 -101,000000 0,000000 0,000000
985 1675563023 0,600000 -1,000000 -101,000000 0,000000 0,000000
985 1675563024 0,600000 -1,000000 -101,000000 0,000000 0,000000
985 1675563025 0,600000 -1,000000 -101,000000 0,000000 0,000000
985 1675563026 0,600000 -1,000000 -101,000000 0,000000 0,000000
985 1675563027 0,600000 -1,000000 -101,000000 0,000000 0,000000
985 1675563028 2,000000 -1,000000 -101,000000 0,000000 0,000000
985 1675563029 2,000000 -1,000000 -101,000000 0,000000 0,000000
985 1675563030 2,000000 -1,000000 -101,000000 0,000000 0,000000
985 1675563031 2,000000 -1,000000 -101,000000 0,000000 0,000000
985 1675563032 2,000000 -1,000000 -101,000000 0,000000 0,000000
985 1675563033 0,600000 -1,000000 -101,000000 0,000000 0,000000
985 1675563034 0,600000 -1,000000 -101,000000 0,000000 0,000000
985 1675563035 0,600000 -1,000000 -101,000000 0,000000 0,000000
985 1675563036 0,600000 -1,000000 -101,000000 0,000000 0,000000
985 1675563037 0,600000 -1,000000 -101,000000 0,000000 0,000000
985 1675563038 2,000000 -1,000000 -101,000000 0,000000 0,000000
985 1675563039 2,000000 -1,000000 -101,000000 0,000000 0,000000
985 1675563040 2,000000 -1,000000 -101,000000 0,000000 0,000000
985 1675563041 2,000000 -1,000000 -101,000000 0,000000 0,000000
985 1675563042 2,000000 -1,000000 -101,000000 0,000000 0,000000
985 1675563043 3,200000 -1,000000 -101,000000 0,000000 0,000000
985 1675563044 3,200000 -1,000000 -101,000000 0,000000 0,000000
985 1675563045 3,200000 -1,000000 -101,000000 0,000000 0,000000
985 1675563046 3,200000 -1,000000 -101,000000 0,000000 0,000000
985 1675563047 3,200000 -1,000000 -101,000000 0,000000 0,000000
