971 1675561628 1,000000 -1,000000 -101,000000 0,000000 0,000000
971 1675561629 1,000000 -1,000000 -101,000000 0,000000 0,000000
971 1675561630 1,000000 -1,000000 -101,000000 0,000000 0,000000
971 1675561628 0,200000 -1,000000 0,200000 0,200000 0,008000
971 1675561629 0,200000 -1,000000 0,200000 0,200000 0,008000
971 1675561630 0,200000 -1,000000 0,200000 0,200000 0,008000
971 1675561631 1,200000 -1,000000 -101,000000 0,000000 0,000000
971 1675561632 1,200000 -1,000000 -101,000000 0,000000 0,000000
971 1675561633 0,200000 -1,000000 -101,000000 0,000000 0,000000
971 1675561634 0,200000 -1,000000 -101,000000 0,000000 0,000000
971 1675561635 0,200000 -1,000000 -101,000000 0,000000 0,000000
971 1675561636 0,200000 -1,000000 -101,000000 0,000000 0,000000
971 1675561637 0,200000 -1,000000 -101,000000 0,000000 0,000000
971 1675561643 0,400000 -1,000000 -101,000000 0,000000 0,000000
971 1675561644 0,400000 -1,000000 -101,000000 0,000000 0,000000
971 1675561645 0,400000 -1,000000 -101,000000 0,000000 0,000000
971 1675561628 0,200000 -1,000000 0,200000 0,200000 0,008000
971 1675561629 0,200000 -1,000000 0,200000 0,200000 0,008000
971 1675561630 0,200000 -1,000000 0,200000 0,200000 0,008000
971 1675561631 0,200000 -1,000000 0,200000 0,200000 0,008000
971 1675561632 0,200000 -1,000000 0,200000 0,200000 0,008000
971 1675561646 0,400000 -1,000000 -101,000000 0,000000 0,000000
971 1675561647 0,400000 -1,000000 -101,000000 0,000000 0,000000
971 1675561648 0,400000 -1,000000 -101,000000 0,000000 0,000000
971 1675561649 0,400000 -1,000000 -101,000000 0,000000 0,000000
971 1675561650 0,400000 -1,000000 -101,000000 0,000000 0,000000
971 1675561651 0,400000 -1,000000 -101,000000 0,000000 0,000000
971 1675561652 0,400000 -1,000000 -101,000000 0,000000 0,000000
971 1675561653 0,400000 -1,000000 -101,000000 0,000000 0,000000
971 1675561654 0,400000 -1,000000 -101,000000 0,000000 0,000000
971 1675561655 0,400000 -1,000000 -101,000000 0,000000 0,000000
971 1675561656 0,400000 -1,000000 -101,000000 0,000000 0,000000
971 1675561657 0,400000 -1,000000 -101,000000 0,000000 0,000000
971 1675561658 1,000000 -1,000000 -101,000000 0,000000 0,000000
971 1675561659 1,000000 -1,000000 -101,000000 0,000000 0,000000
971 1675561660 1,000000 -1,000000 -101,000000 0,000000 0,000000
971 1675561628 0,200000 -1,000000 0,200000 0,200000 0,008000
971 1675561629 0,200000 -1,000000 0,200000 0,200000 0,008000
971 1675561630 0,200000 -1,000000 0,200000 0,200000 0,008000
971 1675561631 0,200000 -1,000000 0,200000 0,200000 0,008000
971 1675561632 0,200000 -1,000000 0,200000 0,200000 0,008000
971 1675561661 1,000000 -1,000000 -101,000000 0,000000 0,000000
971 1675561662 1,000000 -1,000000 -101,000000 0,000000 0,000000
971 1675561663 0,400000 -1,000000 -101,000000 0,000000 0,000000
971 1675561664 0,400000 -1,000000 -101,000000 0,000000 0,000000
971 1675561665 0,400000 -1,000000 -101,000000 0,000000 0,000000
971 1675561666 0,400000 -1,000000 -101,000000 0,000000 0,000000
971 1675561667 0,400000 -1,000000 -101,000000 0,000000 0,000000
971 1675561668 0,800000 -1,000000 -101,000000 0,000000 0,000000
971 1675561669 0,800000 -1,000000 -101,000000 0,000000 0,000000
971 1675561670 0,800000 -1,000000 -101,000000 0,000000 0,000000
971 1675561671 0,800000 -1,000000 -101,000000 0,000000 0,000000
971 1675561672 0,800000 -1,000000 -101,000000 0,000000 0,000000
971 1675561673 0,800000 -1,000000 -101,000000 0,000000 0,000000
971 1675561674 0,800000 -1,000000 -101,000000 0,000000 0,000000
971 1675561675 0,800000 -1,000000 -101,000000 0,000000 0,000000
971 1675561628 0,200000 -1,000000 0,200000 0,200000 0,008000
971 1675561629 0,200000 -1,000000 0,200000 0,200000 0,008000
971 1675561630 0,200000 -1,000000 0,200000 0,200000 0,008000
971 1675561631 0,200000 -1,000000 0,200000 0,200000 0,008000
971 1675561632 0,200000 -1,000000 0,200000 0,200000 0,008000
971 1675561676 0,800000 -1,000000 -101,000000 0,000000 0,000000
971 1675561677 0,800000 -1,000000 -101,000000 0,000000 0,000000
971 1675561678 0,200000 -1,000000 -101,000000 0,000000 0,000000
971 1675561679 0,200000 -1,000000 -101,000000 0,000000 0,000000
971 1675561680 0,200000 -1,000000 -101,000000 0,000000 0,000000
971 1675561681 0,200000 -1,000000 -101,000000 0,000000 0,000000
971 1675561682 0,200000 -1,000000 -101,000000 0,000000 0,000000
971 1675561683 0,200000 -1,000000 -101,000000 0,000000 0,000000
971 1675561684 0,200000 -1,000000 -101,000000 0,000000 0,000000
971 1675561685 0,200000 -1,000000 -101,000000 0,000000 0,000000
971 1675561686 0,200000 -1,000000 -101,000000 0,000000 0,000000
971 1675561687 0,200000 -1,000000 -101,000000 0,000000 0,000000
971 1675561688 0,600000 -1,000000 -101,000000 0,000000 0,000000
971 1675561689 0,600000 -1,000000 -101,000000 0,000000 0,000000
971 1675561690 0,600000 -1,000000 -101,000000 0,000000 0,000000
971 1675561628 0,200000 -1,000000 0,200000 0,200000 0,008000
971 1675561629 0,200000 -1,000000 0,200000 0,200000 0,008000
971 1675561630 0,200000 -1,000000 0,200000 0,200000 0,008000
971 1675561631 0,200000 -1,000000 0,200000 0,200000 0,008000
971 1675561632 0,200000 -1,000000 0,200000 0,200000 0,008000
971 1675561691 0,600000 -1,000000 -101,000000 0,000000 0,000000
971 1675561692 0,600000 -1,000000 -101,000000 0,000000 0,000000
971 1675561693 0,200000 -1,000000 -101,000000 0,000000 0,000000
971 1675561694 0,200000 -1,000000 -101,000000 0,000000 0,000000
971 1675561695 0,200000 -1,000000 -101,000000 0,000000 0,000000
971 1675561696 0,200000 -1,000000 -101,000000 0,000000 0,000000
971 1675561697 0,200000 -1,000000 -101,000000 0,000000 0,000000
971 1675561698 0,800000 -1,000000 -101,000000 0,000000 0,000000
971 1675561699 0,800000 -1,000000 -101,000000 0,000000 0,000000
971 1675561700 0,800000 -1,000000 -101,000000 0,000000 0,000000
971 1675561701 0,800000 -1,000000 -101,000000 0,000000 0,000000
971 1675561702 0,800000 -1,000000 -101,000000 0,000000 0,000000
971 1675561703 0,400000 -1,000000 -101,000000 0,000000 0,000000
971 1675561704 0,400000 -1,000000 -101,000000 0,000000 0,000000
971 1675561705 0,400000 -1,000000 -101,000000 0,000000 0,000000
971 1675561628 0,200000 -1,000000 0,200000 0,200000 0,008000
971 1675561629 0,200000 -1,000000 0,200000 0,200000 0,008000
971 1675561630 0,200000 -1,000000 0,200000 0,200000 0,008000
971 1675561631 0,200000 -1,000000 0,200000 0,200000 0,008000
971 1675561632 0,200000 -1,000000 0,200000 0,200000 0,008000
971 1675561706 0,400000 -1,000000 -101,000000 0,000000 0,000000
971 1675561707 0,400000 -1,000000 -101,000000 0,000000 0,000000
971 1675561708 0,400000 -1,000000 -101,000000 0,000000 0,000000
971 1675561709 0,400000 -1,000000 -101,000000 0,000000 0,000000
971 1675561710 0,400000 -1,000000 -101,000000 0,000000 0,000000
971 1675561711 0,400000 -1,000000 -101,000000 0,000000 0,000000
971 1675561712 0,400000 -1,000000 -101,000000 0,000000 0,000000
971 1675561713 0,600000 -1,000000 -101,000000 0,000000 0,000000
971 1675561714 0,600000 -1,000000 -101,000000 0,000000 0,000000
971 1675561715 0,600000 -1,000000 -101,000000 0,000000 0,000000
971 1675561716 0,600000 -1,000000 -101,000000 0,000000 0,000000
971 1675561717 0,600000 -1,000000 -101,000000 0,000000 0,000000
971 1675561718 1,400000 -1,000000 -101,000000 0,000000 0,000000
971 1675561719 1,400000 -1,000000 -101,000000 0,000000 0,000000
971 1675561720 1,400000 -1,000000 -101,000000 0,000000 0,000000
971 1675561721 1,400000 -1,000000 -101,000000 0,000000 0,000000
971 1675561722 1,400000 -1,000000 -101,000000 0,000000 0,000000
971 1675561723 0,800000 -1,000000 -101,000000 0,000000 0,000000
971 1675561724 0,800000 -1,000000 -101,000000 0,000000 0,000000
971 1675561725 0,800000 -1,000000 -101,000000 0,000000 0,000000
971 1675561726 0,800000 -1,000000 -101,000000 0,000000 0,000000
971 1675561727 0,800000 -1,000000 -101,000000 0,000000 0,000000
971 1675561728 1,600000 -1,000000 -101,000000 0,000000 0,000000
971 1675561729 1,600000 -1,000000 -101,000000 0,000000 0,000000
971 1675561730 1,600000 -1,000000 -101,000000 0,000000 0,000000
971 1675561731 1,600000 -1,000000 -101,000000 0,000000 0,000000
971 1675561732 1,600000 -1,000000 -101,000000 0,000000 0,000000
971 1675561733 1,000000 -1,000000 -101,000000 0,000000 0,000000
971 1675561734 1,000000 -1,000000 -101,000000 0,000000 0,000000
971 1675561735 1,000000 -1,000000 -101,000000 0,000000 0,000000
971 1675561736 1,000000 -1,000000 -101,000000 0,000000 0,000000
971 1675561737 1,000000 -1,000000 -101,000000 0,000000 0,000000
971 1675561738 0,800000 -1,000000 -101,000000 0,000000 0,000000
971 1675561739 0,800000 -1,000000 -101,000000 0,000000 0,000000
971 1675561740 0,800000 -1,000000 -101,000000 0,000000 0,000000
971 1675561741 0,800000 -1,000000 -101,000000 0,000000 0,000000
971 1675561742 0,800000 -1,000000 -101,000000 0,000000 0,000000
971 1675561743 0,200000 -1,000000 -101,000000 0,000000 0,000000
971 1675561744 0,200000 -1,000000 -101,000000 0,000000 0,000000
971 1675561745 0,200000 -1,000000 -101,000000 0,000000 0,000000
971 1675561746 0,200000 -1,000000 -101,000000 0,000000 0,000000
971 1675561747 0,200000 -1,000000 -101,000000 0,000000 0,000000
971 1675561748 1,000000 -1,000000 -101,000000 0,000000 0,000000
971 1675561749 1,000000 -1,000000 -101,000000 0,000000 0,000000
971 1675561750 1,000000 -1,000000 -101,000000 0,000000 0,000000
971 1675561751 1,000000 -1,000000 -101,000000 0,000000 0,000000
971 1675561752 1,000000 -1,000000 -101,000000 0,000000 0,000000
971 1675561753 0,600000 -1,000000 -101,000000 0,000000 0,000000
971 1675561754 0,600000 -1,000000 -101,000000 0,000000 0,000000
971 1675561755 0,600000 -1,000000 -101,000000 0,000000 0,000000
971 1675561756 0,600000 -1,000000 -101,000000 0,000000 0,000000
971 1675561757 0,600000 -1,000000 -101,000000 0,000000 0,000000
971 1675561758 0,800000 -1,000000 -101,000000 0,000000 0,000000
971 1675561759 0,800000 -1,000000 -101,000000 0,000000 0,000000
971 1675561760 0,800000 -1,000000 -101,000000 0,000000 0,000000
971 1675561761 0,800000 -1,000000 -101,000000 0,000000 0,000000
971 1675561762 0,800000 -1,000000 -101,000000 0,000000 0,000000
971 1675561763 1,400000 -1,000000 -101,000000 0,000000 0,000000
971 1675561764 1,400000 -1,000000 -101,000000 0,000000 0,000000
971 1675561765 1,400000 -1,000000 -101,000000 0,000000 0,000000
971 1675561766 1,400000 -1,000000 -101,000000 0,000000 0,000000
971 1675561767 1,400000 -1,000000 -101,000000 0,000000 0,000000
971 1675561768 0,800000 -1,000000 -101,000000 0,000000 0,000000
971 1675561769 0,800000 -1,000000 -101,000000 0,000000 0,000000
971 1675561770 0,800000 -1,000000 -101,000000 0,000000 0,000000
971 1675561771 0,800000 -1,000000 -101,000000 0,000000 0,000000
971 1675561772 0,800000 -1,000000 -101,000000 0,000000 0,000000
971 1675561773 1,000000 -1,000000 -101,000000 0,000000 0,000000
971 1675561774 1,000000 -1,000000 -101,000000 0,000000 0,000000
971 1675561775 1,000000 -1,000000 -101,000000 0,000000 0,000000
971 1675561776 1,000000 -1,000000 -101,000000 0,000000 0,000000
971 1675561777 1,000000 -1,000000 -101,000000 0,000000 0,000000
971 1675561778 1,200000 -1,000000 -101,000000 0,000000 0,000000
971 1675561779 1,200000 -1,000000 -101,000000 0,000000 0,000000
971 1675561780 1,200000 -1,000000 -101,000000 0,000000 0,000000
971 1675561781 1,200000 -1,000000 -101,000000 0,000000 0,000000
971 1675561782 1,200000 -1,000000 -101,000000 0,000000 0,000000
971 1675561783 0,600000 -1,000000 -101,000000 0,000000 0,000000
971 1675561784 0,600000 -1,000000 -101,000000 0,000000 0,000000
971 1675561785 0,600000 -1,000000 -101,000000 0,000000 0,000000
971 1675561786 0,600000 -1,000000 -101,000000 0,000000 0,000000
971 1675561787 0,600000 -1,000000 -101,000000 0,000000 0,000000
971 1675561788 1,200000 -1,000000 -101,000000 0,000000 0,000000
971 1675561789 1,200000 -1,000000 -101,000000 0,000000 0,000000
971 1675561790 1,200000 -1,000000 -101,000000 0,000000 0,000000
971 1675561791 1,200000 -1,000000 -101,000000 0,000000 0,000000
971 1675561792 1,200000 -1,000000 -101,000000 0,000000 0,000000
971 1675561793 1,200000 -1,000000 -101,000000 0,000000 0,000000
971 1675561794 1,200000 -1,000000 -101,000000 0,000000 0,000000
971 1675561795 1,200000 -1,000000 -101,000000 0,000000 0,000000
971 1675561796 1,200000 -1,000000 -101,000000 0,000000 0,000000
971 1675561797 1,200000 -1,000000 -101,000000 0,000000 0,000000
971 1675561798 1,000000 -1,000000 -101,000000 0,000000 0,000000
971 1675561799 1,000000 -1,000000 -101,000000 0,000000 0,000000
971 1675561800 1,000000 -1,000000 -101,000000 0,000000 0,000000
971 1675561801 1,000000 -1,000000 -101,000000 0,000000 0,000000
971 1675561802 1,000000 -1,000000 -101,000000 0,000000 0,000000
971 1675561803 0,400000 -1,000000 -101,000000 0,000000 0,000000
971 1675561804 0,400000 -1,000000 -101,000000 0,000000 0,000000
971 1675561805 0,400000 -1,000000 -101,000000 0,000000 0,000000
971 1675561806 0,400000 -1,000000 -101,000000 0,000000 0,000000
971 1675561807 0,400000 -1,000000 -101,000000 0,000000 0,000000
971 1675561808 1,000000 -1,000000 -101,000000 0,000000 0,000000
971 1675561809 1,000000 -1,000000 -101,000000 0,000000 0,000000
971 1675561810 1,000000 -1,000000 -101,000000 0,000000 0,000000
971 1675561811 1,000000 -1,000000 -101,000000 0,000000 0,000000
971 1675561812 1,000000 -1,000000 -101,000000 0,000000 0,000000
971 1675561813 1,200000 -1,000000 -101,000000 0,000000 0,000000
971 1675561814 1,200000 -1,000000 -101,000000 0,000000 0,000000
971 1675561815 1,200000 -1,000000 -101,000000 0,000000 0,000000
971 1675561816 1,200000 -1,000000 -101,000000 0,000000 0,000000
971 1675561817 1,200000 -1,000000 -101,000000 0,000000 0,000000
971 1675561818 0,600000 -1,000000 -101,000000 0,000000 0,000000
971 1675561819 0,600000 -1,000000 -101,000000 0,000000 0,000000
971 1675561820 0,600000 -1,000000 -101,000000 0,000000 0,000000
971 1675561821 0,600000 -1,000000 -101,000000 0,000000 0,000000
971 1675561822 0,600000 -1,000000 -101,000000 0,000000 0,000000
971 1675561823 1,400000 -1,000000 -101,000000 0,000000 0,000000
971 1675561824 1,400000 -1,000000 -101,000000 0,000000 0,000000
971 1675561825 1,400000 -1,000000 -101,000000 0,000000 0,000000
971 1675561826 1,400000 -1,000000 -101,000000 0,000000 0,000000
971 1675561827 1,400000 -1,000000 -101,000000 0,000000 0,000000
971 1675561828 0,600000 -1,000000 -101,000000 0,000000 0,000000
971 1675561829 0,600000 -1,000000 -101,000000 0,000000 0,000000
971 1675561830 0,600000 -1,000000 -101,000000 0,000000 0,000000
971 1675561831 0,600000 -1,000000 -101,000000 0,000000 0,000000
971 1675561832 0,600000 -1,000000 -101,000000 0,000000 0,000000
971 1675561833 1,000000 -1,000000 -101,000000 0,000000 0,000000
971 1675561834 1,000000 -1,000000 -101,000000 0,000000 0,000000
971 1675561835 1,000000 -1,000000 -101,000000 0,000000 0,000000
971 1675561836 1,000000 -1,000000 -101,000000 0,000000 0,000000
971 1675561837 1,000000 -1,000000 -101,000000 0,000000 0,000000
971 1675561838 1,400000 -1,000000 -101,000000 0,000000 0,000000
971 1675561839 1,400000 -1,000000 -101,000000 0,000000 0,000000
971 1675561840 1,400000 -1,000000 -101,000000 0,000000 0,000000
971 1675561841 1,400000 -1,000000 -101,000000 0,000000 0,000000
971 1675561842 1,400000 -1,000000 -101,000000 0,000000 0,000000
971 1675561843 0,600000 -1,000000 -101,000000 0,000000 0,000000
971 1675561844 0,600000 -1,000000 -101,000000 0,000000 0,000000
971 1675561845 0,600000 -1,000000 -101,000000 0,000000 0,000000
971 1675561846 0,600000 -1,000000 -101,000000 0,000000 0,000000
971 1675561847 0,600000 -1,000000 -101,000000 0,000000 0,000000
971 1675561848 1,400000 -1,000000 -101,000000 0,000000 0,000000
971 1675561849 1,400000 -1,000000 -101,000000 0,000000 0,000000
971 1675561850 1,400000 -1,000000 -101,000000 0,000000 0,000000
971 1675561851 1,400000 -1,000000 -101,000000 0,000000 0,000000
971 1675561852 1,400000 -1,000000 -101,000000 0,000000 0,000000
971 1675561853 1,800000 -1,000000 -101,000000 0,000000 0,000000
971 1675561854 1,800000 -1,000000 -101,000000 0,000000 0,000000
971 1675561855 1,800000 -1,000000 -101,000000 0,000000 0,000000
971 1675561856 1,800000 -1,000000 -101,000000 0,000000 0,000000
971 1675561857 1,800000 -1,000000 -101,000000 0,000000 0,000000
971 1675561858 0,800000 -1,000000 -101,000000 0,000000 0,000000
971 1675561859 0,800000 -1,000000 -101,000000 0,000000 0,000000
971 1675561860 0,800000 -1,000000 -101,000000 0,000000 0,000000
971 1675561861 0,800000 -1,000000 -101,000000 0,000000 0,000000
971 1675561862 0,800000 -1,000000 -101,000000 0,000000 0,000000
971 1675561863 1,800000 -1,000000 -101,000000 0,000000 0,000000
971 1675561864 1,800000 -1,000000 -101,000000 0,000000 0,000000
971 1675561865 1,800000 -1,000000 -101,000000 0,000000 0,000000
971 1675561866 1,800000 -1,000000 -101,000000 0,000000 0,000000
971 1675561867 1,800000 -1,000000 -101,000000 0,000000 0,000000
971 1675561868 1,200000 -1,000000 -101,000000 0,000000 0,000000
971 1675561869 1,200000 -1,000000 -101,000000 0,000000 0,000000
971 1675561870 1,200000 -1,000000 -101,000000 0,000000 0,000000
971 1675561871 1,200000 -1,000000 -101,000000 0,000000 0,000000
971 1675561872 1,200000 -1,000000 -101,000000 0,000000 0,000000
971 1675561873 1,000000 -1,000000 -101,000000 0,000000 0,000000
971 1675561874 1,000000 -1,000000 -101,000000 0,000000 0,000000
971 1675561875 1,000000 -1,000000 -101,000000 0,000000 0,000000
971 1675561876 1,000000 -1,000000 -101,000000 0,000000 0,000000
971 1675561877 1,000000 -1,000000 -101,000000 0,000000 0,000000
971 1675561878 0,800000 -1,000000 -101,000000 0,000000 0,000000
971 1675561879 0,800000 -1,000000 -101,000000 0,000000 0,000000
971 1675561880 0,800000 -1,000000 -101,000000 0,000000 0,000000
971 1675561881 0,800000 -1,000000 -101,000000 0,000000 0,000000
971 1675561882 0,800000 -1,000000 -101,000000 0,000000 0,000000
971 1675561883 1,400000 -1,000000 -101,000000 0,000000 0,000000
971 1675561884 1,400000 -1,000000 -101,000000 0,000000 0,000000
971 1675561885 1,400000 -1,000000 -101,000000 0,000000 0,000000
971 1675561886 1,400000 -1,000000 -101,000000 0,000000 0,000000
971 1675561887 1,400000 -1,000000 -101,000000 0,000000 0,000000
971 1675561888 1,400000 -1,000000 -101,000000 0,000000 0,000000
971 1675561889 1,400000 -1,000000 -101,000000 0,000000 0,000000
971 1675561890 1,400000 -1,000000 -101,000000 0,000000 0,000000
971 1675561891 1,400000 -1,000000 -101,000000 0,000000 0,000000
971 1675561892 1,400000 -1,000000 -101,000000 0,000000 0,000000
971 1675561893 0,800000 -1,000000 -101,000000 0,000000 0,000000
971 1675561894 0,800000 -1,000000 -101,000000 0,000000 0,000000
971 1675561895 0,800000 -1,000000 -101,000000 0,000000 0,000000
971 1675561896 0,800000 -1,000000 -101,000000 0,000000 0,000000
971 1675561897 0,800000 -1,000000 -101,000000 0,000000 0,000000
971 1675561898 0,600000 -1,000000 -101,000000 0,000000 0,000000
971 1675561899 0,600000 -1,000000 -101,000000 0,000000 0,000000
971 1675561900 0,600000 -1,000000 -101,000000 0,000000 0,000000
971 1675561901 0,600000 -1,000000 -101,000000 0,000000 0,000000
971 1675561902 0,600000 -1,000000 -101,000000 0,000000 0,000000
971 1675561903 0,800000 -1,000000 -101,000000 0,000000 0,000000
971 1675561904 0,800000 -1,000000 -101,000000 0,000000 0,000000
971 1675561905 0,800000 -1,000000 -101,000000 0,000000 0,000000
971 1675561906 0,800000 -1,000000 -101,000000 0,000000 0,000000
971 1675561907 0,800000 -1,000000 -101,000000 0,000000 0,000000
971 1675561908 0,800000 -1,000000 -101,000000 0,000000 0,000000
971 1675561909 0,800000 -1,000000 -101,000000 0,000000 0,000000
971 1675561910 0,800000 -1,000000 -101,000000 0,000000 0,000000
971 1675561911 0,800000 -1,000000 -101,000000 0,000000 0,000000
971 1675561912 0,800000 -1,000000 -101,000000 0,000000 0,000000
971 1675561913 1,600000 -1,000000 -101,000000 0,000000 0,000000
971 1675561914 1,600000 -1,000000 -101,000000 0,000000 0,000000
971 1675561915 1,600000 -1,000000 -101,000000 0,000000 0,000000
971 1675561916 1,600000 -1,000000 -101,000000 0,000000 0,000000
971 1675561917 1,600000 -1,000000 -101,000000 0,000000 0,000000
971 1675561918 0,400000 -1,000000 -101,000000 0,000000 0,000000
971 1675561919 0,400000 -1,000000 -101,000000 0,000000 0,000000
971 1675561920 0,400000 -1,000000 -101,000000 0,000000 0,000000
971 1675561921 0,400000 -1,000000 -101,000000 0,000000 0,000000
971 1675561922 0,400000 -1,000000 -101,000000 0,000000 0,000000
971 1675561923 0,800000 -1,000000 -101,000000 0,000000 0,000000
971 1675561924 0,800000 -1,000000 -101,000000 0,000000 0,000000
971 1675561925 0,800000 -1,000000 -101,000000 0,000000 0,000000
971 1675561926 0,800000 -1,000000 -101,000000 0,000000 0,000000
971 1675561927 0,800000 -1,000000 -101,000000 0,000000 0,000000
971 1675561928 0,800000 -1,000000 -101,000000 0,000000 0,000000
971 1675561929 0,800000 -1,000000 -101,000000 0,000000 0,000000
971 1675561930 0,800000 -1,000000 -101,000000 0,000000 0,000000
971 1675561931 0,800000 -1,000000 -101,000000 0,000000 0,000000
971 1675561932 0,800000 -1,000000 -101,000000 0,000000 0,000000
971 1675561933 0,200000 -1,000000 -101,000000 0,000000 0,000000
971 1675561934 0,200000 -1,000000 -101,000000 0,000000 0,000000
971 1675561935 0,200000 -1,000000 -101,000000 0,000000 0,000000
971 1675561936 0,200000 -1,000000 -101,000000 0,000000 0,000000
971 1675561937 0,200000 -1,000000 -101,000000 0,000000 0,000000
971 1675561938 1,000000 -1,000000 -101,000000 0,000000 0,000000
971 1675561939 1,000000 -1,000000 -101,000000 0,000000 0,000000
971 1675561940 1,000000 -1,000000 -101,000000 0,000000 0,000000
971 1675561941 1,000000 -1,000000 -101,000000 0,000000 0,000000
971 1675561942 1,000000 -1,000000 -101,000000 0,000000 0,000000
971 1675561943 1,400000 -1,000000 -101,000000 0,000000 0,000000
971 1675561944 1,400000 -1,000000 -101,000000 0,000000 0,000000
971 1675561945 1,400000 -1,000000 -101,000000 0,000000 0,000000
971 1675561946 1,400000 -1,000000 -101,000000 0,000000 0,000000
971 1675561947 1,400000 -1,000000 -101,000000 0,000000 0,000000
971 1675561948 1,600000 -1,000000 -101,000000 0,000000 0,000000
971 1675561949 1,600000 -1,000000 -101,000000 0,000000 0,000000
971 1675561950 1,600000 -1,000000 -101,000000 0,000000 0,000000
971 1675561951 1,600000 -1,000000 -101,000000 0,000000 0,000000
971 1675561952 1,600000 -1,000000 -101,000000 0,000000 0,000000
971 1675561953 1,000000 -1,000000 -101,000000 0,000000 0,000000
971 1675561954 1,000000 -1,000000 -101,000000 0,000000 0,000000
971 1675561955 1,000000 -1,000000 -101,000000 0,000000 0,000000
971 1675561956 1,000000 -1,000000 -101,000000 0,000000 0,000000
971 1675561957 1,000000 -1,000000 -101,000000 0,000000 0,000000
971 1675561958 1,600000 -1,000000 -101,000000 0,000000 0,000000
971 1675561959 1,600000 -1,000000 -101,000000 0,000000 0,000000
971 1675561960 1,600000 -1,000000 -101,000000 0,000000 0,000000
971 1675561961 1,600000 -1,000000 -101,000000 0,000000 0,000000
971 1675561962 1,600000 -1,000000 -101,000000 0,000000 0,000000
971 1675561963 1,800000 -1,000000 -101,000000 0,000000 0,000000
971 1675561964 1,800000 -1,000000 -101,000000 0,000000 0,000000
971 1675561965 1,800000 -1,000000 -101,000000 0,000000 0,000000
971 1675561966 1,800000 -1,000000 -101,000000 0,000000 0,000000
971 1675561967 1,800000 -1,000000 -101,000000 0,000000 0,000000
971 1675561968 0,400000 -1,000000 -101,000000 0,000000 0,000000
971 1675561969 0,400000 -1,000000 -101,000000 0,000000 0,000000
971 1675561970 0,400000 -1,000000 -101,000000 0,000000 0,000000
971 1675561971 0,400000 -1,000000 -101,000000 0,000000 0,000000
971 1675561972 0,400000 -1,000000 -101,000000 0,000000 0,000000
971 1675561973 0,800000 -1,000000 -101,000000 0,000000 0,000000
971 1675561974 0,800000 -1,000000 -101,000000 0,000000 0,000000
971 1675561975 0,800000 -1,000000 -101,000000 0,000000 0,000000
971 1675561976 0,800000 -1,000000 -101,000000 0,000000 0,000000
971 1675561977 0,800000 -1,000000 -101,000000 0,000000 0,000000
971 1675561978 0,200000 -1,000000 -101,000000 0,000000 0,000000
971 1675561979 0,200000 -1,000000 -101,000000 0,000000 0,000000
971 1675561980 0,200000 -1,000000 -101,000000 0,000000 0,000000
971 1675561981 0,200000 -1,000000 -101,000000 0,000000 0,000000
971 1675561982 0,200000 -1,000000 -101,000000 0,000000 0,000000
971 1675561983 0,400000 -1,000000 -101,000000 0,000000 0,000000
971 1675561984 0,400000 -1,000000 -101,000000 0,000000 0,000000
971 1675561985 0,400000 -1,000000 -101,000000 0,000000 0,000000
971 1675561986 0,400000 -1,000000 -101,000000 0,000000 0,000000
971 1675561987 0,400000 -1,000000 -101,000000 0,000000 0,000000
971 1675561988 0,800000 -1,000000 -101,000000 0,000000 0,000000
971 1675561989 0,800000 -1,000000 -101,000000 0,000000 0,000000
971 1675561990 0,800000 -1,000000 -101,000000 0,000000 0,000000
971 1675561991 0,800000 -1,000000 -101,000000 0,000000 0,000000
971 1675561992 0,800000 -1,000000 -101,000000 0,000000 0,000000
971 1675561993 0,200000 -1,000000 -101,000000 0,000000 0,000000
971 1675561994 0,200000 -1,000000 -101,000000 0,000000 0,000000
971 1675561995 0,200000 -1,000000 -101,000000 0,000000 0,000000
971 1675561996 0,200000 -1,000000 -101,000000 0,000000 0,000000
971 1675561997 0,200000 -1,000000 -101,000000 0,000000 0,000000
971 1675561998 0,200000 -1,000000 -101,000000 0,000000 0,000000
971 1675561999 0,200000 -1,000000 -101,000000 0,000000 0,000000
971 1675562000 0,200000 -1,000000 -101,000000 0,000000 0,000000
971 1675562001 0,200000 -1,000000 -101,000000 0,000000 0,000000
971 1675562002 0,200000 -1,000000 -101,000000 0,000000 0,000000
971 1675562003 0,800000 -1,000000 -101,000000 0,000000 0,000000
971 1675562004 0,800000 -1,000000 -101,000000 0,000000 0,000000
971 1675562005 0,800000 -1,000000 -101,000000 0,000000 0,000000
971 1675562006 0,800000 -1,000000 -101,000000 0,000000 0,000000
971 1675562007 0,800000 -1,000000 -101,000000 0,000000 0,000000
971 1675562008 0,200000 -1,000000 -101,000000 0,000000 0,000000
971 1675562009 0,200000 -1,000000 -101,000000 0,000000 0,000000
971 1675562010 0,200000 -1,000000 -101,000000 0,000000 0,000000
971 1675562011 0,200000 -1,000000 -101,000000 0,000000 0,000000
971 1675562012 0,200000 -1,000000 -101,000000 0,000000 0,000000
971 1675562013 0,600000 -1,000000 -101,000000 0,000000 0,000000
971 1675562014 0,600000 -1,000000 -101,000000 0,000000 0,000000
971 1675562015 0,600000 -1,000000 -101,000000 0,000000 0,000000
971 1675562016 0,600000 -1,000000 -101,000000 0,000000 0,000000
971 1675562017 0,600000 -1,000000 -101,000000 0,000000 0,000000
971 1675562018 1,200000 -1,000000 -101,000000 0,000000 0,000000
971 1675562019 1,200000 -1,000000 -101,000000 0,000000 0,000000
971 1675562020 1,200000 -1,000000 -101,000000 0,000000 0,000000
971 1675562021 1,200000 -1,000000 -101,000000 0,000000 0,000000
971 1675562022 1,200000 -1,000000 -101,000000 0,000000 0,000000
971 1675562023 0,800000 -1,000000 -101,000000 0,000000 0,000000
971 1675562024 0,800000 -1,000000 -101,000000 0,000000 0,000000
971 1675562025 0,800000 -1,000000 -101,000000 0,000000 0,000000
971 1675562026 0,800000 -1,000000 -101,000000 0,000000 0,000000
971 1675562027 0,800000 -1,000000 -101,000000 0,000000 0,000000
971 1675562028 0,600000 -1,000000 -101,000000 0,000000 0,000000
971 1675562029 0,600000 -1,000000 -101,000000 0,000000 0,000000
971 1675562030 0,600000 -1,000000 -101,000000 0,000000 0,000000
971 1675562031 0,600000 -1,000000 -101,000000 0,000000 0,000000
971 1675562032 0,600000 -1,000000 -101,000000 0,000000 0,000000
971 1675562033 1,000000 -1,000000 -101,000000 0,000000 0,000000
971 1675562034 1,000000 -1,000000 -101,000000 0,000000 0,000000
971 1675562035 1,000000 -1,000000 -101,000000 0,000000 0,000000
971 1675562036 1,000000 -1,000000 -101,000000 0,000000 0,000000
971 1675562037 1,000000 -1,000000 -101,000000 0,000000 0,000000
971 1675562038 0,400000 -1,000000 -101,000000 0,000000 0,000000
971 1675562039 0,400000 -1,000000 -101,000000 0,000000 0,000000
971 1675562040 0,400000 -1,000000 -101,000000 0,000000 0,000000
971 1675562041 0,400000 -1,000000 -101,000000 0,000000 0,000000
971 1675562042 0,400000 -1,000000 -101,000000 0,000000 0,000000
971 1675562043 0,800000 -1,000000 -101,000000 0,000000 0,000000
971 1675562044 0,800000 -1,000000 -101,000000 0,000000 0,000000
971 1675562045 0,800000 -1,000000 -101,000000 0,000000 0,000000
971 1675562046 0,800000 -1,000000 -101,000000 0,000000 0,000000
971 1675562047 0,800000 -1,000000 -101,000000 0,000000 0,000000
971 1675562048 1,000000 -1,000000 -101,000000 0,000000 0,000000
971 1675562049 1,000000 -1,000000 -101,000000 0,000000 0,000000
971 1675562050 1,000000 -1,000000 -101,000000 0,000000 0,000000
971 1675562051 1,000000 -1,000000 -101,000000 0,000000 0,000000
971 1675562052 1,000000 -1,000000 -101,000000 0,000000 0,000000
971 1675562053 0,600000 -1,000000 -101,000000 0,000000 0,000000
971 1675562054 0,600000 -1,000000 -101,000000 0,000000 0,000000
971 1675562055 0,600000 -1,000000 -101,000000 0,000000 0,000000
971 1675562056 0,600000 -1,000000 -101,000000 0,000000 0,000000
971 1675562057 0,600000 -1,000000 -101,000000 0,000000 0,000000
971 1675562058 1,200000 -1,000000 -101,000000 0,000000 0,000000
971 1675562059 1,200000 -1,000000 -101,000000 0,000000 0,000000
971 1675562060 1,200000 -1,000000 -101,000000 0,000000 0,000000
971 1675562061 1,200000 -1,000000 -101,000000 0,000000 0,000000
971 1675562062 1,200000 -1,000000 -101,000000 0,000000 0,000000
971 1675562063 1,200000 -1,000000 -101,000000 0,000000 0,000000
971 1675562064 1,200000 -1,000000 -101,000000 0,000000 0,000000
971 1675562065 1,200000 -1,000000 -101,000000 0,000000 0,000000
971 1675562066 1,200000 -1,000000 -101,000000 0,000000 0,000000
971 1675562067 1,200000 -1,000000 -101,000000 0,000000 0,000000
971 1675562068 0,600000 -1,000000 -101,000000 0,000000 0,000000
971 1675562069 0,600000 -1,000000 -101,000000 0,000000 0,000000
971 1675562070 0,600000 -1,000000 -101,000000 0,000000 0,000000
971 1675562071 0,600000 -1,000000 -101,000000 0,000000 0,000000
971 1675562072 0,600000 -1,000000 -101,000000 0,000000 0,000000
971 1675562073 1,200000 -1,000000 -101,000000 0,000000 0,000000
971 1675562074 1,200000 -1,000000 -101,000000 0,000000 0,000000
971 1675562075 1,200000 -1,000000 -101,000000 0,000000 0,000000
971 1675562076 1,200000 -1,000000 -101,000000 0,000000 0,000000
971 1675562077 1,200000 -1,000000 -101,000000 0,000000 0,000000
971 1675562078 1,200000 -1,000000 -101,000000 0,000000 0,000000
971 1675562079 1,200000 -1,000000 -101,000000 0,000000 0,000000
971 1675562080 1,200000 -1,000000 -101,000000 0,000000 0,000000
971 1675562081 1,200000 -1,000000 -101,000000 0,000000 0,000000
971 1675562082 1,200000 -1,000000 -101,000000 0,000000 0,000000
971 1675562083 0,400000 -1,000000 -101,000000 0,000000 0,000000
971 1675562084 0,400000 -1,000000 -101,000000 0,000000 0,000000
971 1675562085 0,400000 -1,000000 -101,000000 0,000000 0,000000
971 1675562086 0,400000 -1,000000 -101,000000 0,000000 0,000000
971 1675562087 0,400000 -1,000000 -101,000000 0,000000 0,000000
971 1675562088 0,600000 -1,000000 -101,000000 0,000000 0,000000
971 1675562089 0,600000 -1,000000 -101,000000 0,000000 0,000000
971 1675562090 0,600000 -1,000000 -101,000000 0,000000 0,000000
971 1675562091 0,600000 -1,000000 -101,000000 0,000000 0,000000
971 1675562092 0,600000 -1,000000 -101,000000 0,000000 0,000000
971 1675562093 1,200000 -1,000000 -101,000000 0,000000 0,000000
971 1675562094 1,200000 -1,000000 -101,000000 0,000000 0,000000
971 1675562095 1,200000 -1,000000 -101,000000 0,000000 0,000000
971 1675562096 1,200000 -1,000000 -101,000000 0,000000 0,000000
971 1675562097 1,200000 -1,000000 -101,000000 0,000000 0,000000
971 1675562098 1,400000 -1,000000 -101,000000 0,000000 0,000000
971 1675562099 1,400000 -1,000000 -101,000000 0,000000 0,000000
971 1675562100 1,400000 -1,000000 -101,000000 0,000000 0,000000
971 1675562101 1,400000 -1,000000 -101,000000 0,000000 0,000000
971 1675562102 1,400000 -1,000000 -101,000000 0,000000 0,000000
971 1675562103 0,600000 -1,000000 -101,000000 0,000000 0,000000
971 1675562104 0,600000 -1,000000 -101,000000 0,000000 0,000000
971 1675562105 0,600000 -1,000000 -101,000000 0,000000 0,000000
971 1675562106 0,600000 -1,000000 -101,000000 0,000000 0,000000
971 1675562107 0,600000 -1,000000 -101,000000 0,000000 0,000000
971 1675562108 1,600000 -1,000000 -101,000000 0,000000 0,000000
971 1675562109 1,600000 -1,000000 -101,000000 0,000000 0,000000
971 1675562110 1,600000 -1,000000 -101,000000 0,000000 0,000000
971 1675562111 1,600000 -1,000000 -101,000000 0,000000 0,000000
971 1675562112 1,600000 -1,000000 -101,000000 0,000000 0,000000
971 1675562113 0,400000 -1,000000 -101,000000 0,000000 0,000000
971 1675562114 0,400000 -1,000000 -101,000000 0,000000 0,000000
971 1675562115 0,400000 -1,000000 -101,000000 0,000000 0,000000
971 1675562116 0,400000 -1,000000 -101,000000 0,000000 0,000000
971 1675562117 0,400000 -1,000000 -101,000000 0,000000 0,000000
971 1675562118 0,800000 -1,000000 -101,000000 0,000000 0,000000
971 1675562119 0,800000 -1,000000 -101,000000 0,000000 0,000000
971 1675562120 0,800000 -1,000000 -101,000000 0,000000 0,000000
971 1675562121 0,800000 -1,000000 -101,000000 0,000000 0,000000
971 1675562122 0,800000 -1,000000 -101,000000 0,000000 0,000000
971 1675562123 0,200000 -1,000000 -101,000000 0,000000 0,000000
971 1675562124 0,200000 -1,000000 -101,000000 0,000000 0,000000
971 1675562125 0,200000 -1,000000 -101,000000 0,000000 0,000000
971 1675562126 0,200000 -1,000000 -101,000000 0,000000 0,000000
971 1675562127 0,200000 -1,000000 -101,000000 0,000000 0,000000
971 1675562128 0,400000 -1,000000 -101,000000 0,000000 0,000000
971 1675562129 0,400000 -1,000000 -101,000000 0,000000 0,000000
971 1675562130 0,400000 -1,000000 -101,000000 0,000000 0,000000
971 1675562131 0,400000 -1,000000 -101,000000 0,000000 0,000000
971 1675562132 0,400000 -1,000000 -101,000000 0,000000 0,000000
971 1675562133 0,400000 -1,000000 -101,000000 0,000000 0,000000
971 1675562134 0,400000 -1,000000 -101,000000 0,000000 0,000000
971 1675562135 0,400000 -1,000000 -101,000000 0,000000 0,000000
971 1675562136 0,400000 -1,000000 -101,000000 0,000000 0,000000
971 1675562137 0,400000 -1,000000 -101,000000 0,000000 0,000000
971 1675562138 0,400000 -1,000000 -101,000000 0,000000 0,000000
971 1675562139 0,400000 -1,000000 -101,000000 0,000000 0,000000
971 1675562140 0,400000 -1,000000 -101,000000 0,000000 0,000000
971 1675562141 0,400000 -1,000000 -101,000000 0,000000 0,000000
971 1675562142 0,400000 -1,000000 -101,000000 0,000000 0,000000
971 1675562143 0,600000 -1,000000 -101,000000 0,000000 0,000000
971 1675562144 0,600000 -1,000000 -101,000000 0,000000 0,000000
971 1675562145 0,600000 -1,000000 -101,000000 0,000000 0,000000
971 1675562146 0,600000 -1,000000 -101,000000 0,000000 0,000000
971 1675562147 0,600000 -1,000000 -101,000000 0,000000 0,000000
971 1675562148 0,800000 -1,000000 -101,000000 0,000000 0,000000
971 1675562149 0,800000 -1,000000 -101,000000 0,000000 0,000000
971 1675562150 0,800000 -1,000000 -101,000000 0,000000 0,000000
971 1675562151 0,800000 -1,000000 -101,000000 0,000000 0,000000
971 1675562152 0,800000 -1,000000 -101,000000 0,000000 0,000000
971 1675562153 1,200000 -1,000000 -101,000000 0,000000 0,000000
971 1675562154 1,200000 -1,000000 -101,000000 0,000000 0,000000
971 1675562155 1,200000 -1,000000 -101,000000 0,000000 0,000000
971 1675562156 1,200000 -1,000000 -101,000000 0,000000 0,000000
971 1675562217 0,800000 -1,000000 0,800000 0,800000 0,128000
971 1675562216 0,800000 -1,000000 0,800000 0,800000 0,128000
971 1675562215 0,800000 -1,000000 0,800000 0,800000 0,128000
971 1675562214 0,800000 -1,000000 0,800000 0,800000 0,128000
971 1675562213 0,800000 -1,000000 0,800000 0,800000 0,128000
971 1675562212 0,600000 -1,000000 0,600000 0,600000 0,072000
971 1675562211 0,600000 -1,000000 0,600000 0,600000 0,072000
971 1675562210 0,600000 -1,000000 0,600000 0,600000 0,072000
971 1675562209 0,600000 -1,000000 0,600000 0,600000 0,072000
971 1675562208 0,600000 -1,000000 0,600000 0,600000 0,072000
971 1675562207 0,800000 -1,000000 0,800000 0,800000 0,128000
971 1675562206 0,800000 -1,000000 0,800000 0,800000 0,128000
971 1675562205 0,800000 -1,000000 0,800000 0,800000 0,128000
971 1675562204 0,800000 -1,000000 0,800000 0,800000 0,128000
971 1675562203 0,800000 -1,000000 0,800000 0,800000 0,128000
971 1675562202 0,400000 -1,000000 0,400000 0,400000 0,032000
971 1675562201 0,400000 -1,000000 0,400000 0,400000 0,032000
971 1675562200 0,400000 -1,000000 0,400000 0,400000 0,032000
971 1675562199 0,400000 -1,000000 0,400000 0,400000 0,032000
971 1675562198 0,400000 -1,000000 0,400000 0,400000 0,032000
971 1675562197 0,800000 -1,000000 0,800000 0,800000 0,128000
971 1675562196 0,800000 -1,000000 0,800000 0,800000 0,128000
971 1675562195 0,800000 -1,000000 0,800000 0,800000 0,128000
971 1675562194 0,800000 -1,000000 0,800000 0,800000 0,128000
971 1675562193 0,800000 -1,000000 0,800000 0,800000 0,128000
971 1675562192 0,400000 -1,000000 0,400000 0,400000 0,032000
971 1675562191 0,400000 -1,000000 0,400000 0,400000 0,032000
971 1675562190 0,400000 -1,000000 0,400000 0,400000 0,032000
971 1675562189 0,400000 -1,000000 0,400000 0,400000 0,032000
971 1675562188 0,400000 -1,000000 0,400000 0,400000 0,032000
971 1675562187 1,400000 -1,000000 1,400000 1,400000 0,392000
971 1675562186 1,400000 -1,000000 1,400000 1,400000 0,392000
971 1675562185 1,400000 -1,000000 1,400000 1,400000 0,392000
971 1675562184 1,400000 -1,000000 1,400000 1,400000 0,392000
971 1675562183 1,400000 -1,000000 1,400000 1,400000 0,392000
971 1675562182 0,600000 -1,000000 0,600000 0,600000 0,072000
971 1675562181 0,600000 -1,000000 0,600000 0,600000 0,072000
971 1675562180 0,600000 -1,000000 0,600000 0,600000 0,072000
971 1675562179 0,600000 -1,000000 0,600000 0,600000 0,072000
971 1675562178 0,600000 -1,000000 0,600000 0,600000 0,072000
971 1675562177 1,800000 -1,000000 1,800000 1,800000 0,648000
971 1675562176 1,800000 -1,000000 1,800000 1,800000 0,648000
971 1675562175 1,800000 -1,000000 1,800000 1,800000 0,648000
971 1675562174 1,800000 -1,000000 1,800000 1,800000 0,648000
971 1675562173 1,800000 -1,000000 1,800000 1,800000 0,648000
971 1675562172 1,600000 -1,000000 1,600000 1,600000 0,512000
971 1675562171 1,600000 -1,000000 1,600000 1,600000 0,512000
971 1675562170 1,600000 -1,000000 1,600000 1,600000 0,512000
971 1675562169 1,600000 -1,000000 1,600000 1,600000 0,512000
971 1675562168 1,600000 -1,000000 1,600000 1,600000 0,512000
971 1675562167 1,800000 -1,000000 1,800000 1,800000 0,648000
971 1675562166 1,800000 -1,000000 1,800000 1,800000 0,648000
971 1675562165 1,800000 -1,000000 1,800000 1,800000 0,648000
971 1675562164 1,800000 -1,000000 1,800000 1,800000 0,648000
971 1675562163 1,800000 -1,000000 1,800000 1,800000 0,648000
971 1675562162 1,000000 -1,000000 1,000000 1,000000 0,200000
971 1675562161 1,000000 -1,000000 1,000000 1,000000 0,200000
971 1675562160 1,000000 -1,000000 1,000000 1,000000 0,200000
971 1675562159 1,000000 -1,000000 1,000000 1,000000 0,200000
971 1675562158 1,000000 -1,000000 1,000000 1,000000 0,200000
971 1675562157 1,200000 -1,000000 1,200000 1,200000 0,288000
971 1675562157 1,200000 -1,000000 -101,000000 0,000000 0,000000
971 1675562158 1,000000 -1,000000 -101,000000 0,000000 0,000000
971 1675562159 1,000000 -1,000000 -101,000000 0,000000 0,000000
971 1675562160 1,000000 -1,000000 -101,000000 0,000000 0,000000
971 1675562161 1,000000 -1,000000 -101,000000 0,000000 0,000000
971 1675562162 1,000000 -1,000000 -101,000000 0,000000 0,000000
971 1675562163 1,800000 -1,000000 -101,000000 0,000000 0,000000
971 1675562164 1,800000 -1,000000 -101,000000 0,000000 0,000000
971 1675562165 1,800000 -1,000000 -101,000000 0,000000 0,000000
971 1675562166 1,800000 -1,000000 -101,000000 0,000000 0,000000
971 1675562167 1,800000 -1,000000 -101,000000 0,000000 0,000000
971 1675562168 1,600000 -1,000000 -101,000000 0,000000 0,000000
971 1675562169 1,600000 -1,000000 -101,000000 0,000000 0,000000
971 1675562170 1,600000 -1,000000 -101,000000 0,000000 0,000000
971 1675562171 1,600000 -1,000000 -101,000000 0,000000 0,000000
971 1675562172 1,600000 -1,000000 -101,000000 0,000000 0,000000
971 1675562173 1,800000 -1,000000 -101,000000 0,000000 0,000000
971 1675562174 1,800000 -1,000000 -101,000000 0,000000 0,000000
971 1675562175 1,800000 -1,000000 -101,000000 0,000000 0,000000
971 1675562176 1,800000 -1,000000 -101,000000 0,000000 0,000000
971 1675562177 1,800000 -1,000000 -101,000000 0,000000 0,000000
971 1675562178 0,600000 -1,000000 -101,000000 0,000000 0,000000
971 1675562179 0,600000 -1,000000 -101,000000 0,000000 0,000000
971 1675562180 0,600000 -1,000000 -101,000000 0,000000 0,000000
971 1675562181 0,600000 -1,000000 -101,000000 0,000000 0,000000
971 1675562182 0,600000 -1,000000 -101,000000 0,000000 0,000000
971 1675562183 1,400000 -1,000000 -101,000000 0,000000 0,000000
971 1675562184 1,400000 -1,000000 -101,000000 0,000000 0,000000
971 1675562185 1,400000 -1,000000 -101,000000 0,000000 0,000000
971 1675562186 1,400000 -1,000000 -101,000000 0,000000 0,000000
971 1675562187 1,400000 -1,000000 -101,000000 0,000000 0,000000
971 1675562188 0,400000 -1,000000 -101,000000 0,000000 0,000000
971 1675562189 0,400000 -1,000000 -101,000000 0,000000 0,000000
971 1675562190 0,400000 -1,000000 -101,000000 0,000000 0,000000
971 1675562191 0,400000 -1,000000 -101,000000 0,000000 0,000000
971 1675562192 0,400000 -1,000000 -101,000000 0,000000 0,000000
971 1675562193 0,800000 -1,000000 -101,000000 0,000000 0,000000
971 1675562194 0,800000 -1,000000 -101,000000 0,000000 0,000000
971 1675562195 0,800000 -1,000000 -101,000000 0,000000 0,000000
971 1675562196 0,800000 -1,000000 -101,000000 0,000000 0,000000
971 1675562197 0,800000 -1,000000 -101,000000 0,000000 0,000000
971 1675562198 0,400000 -1,000000 -101,000000 0,000000 0,000000
971 1675562199 0,400000 -1,000000 -101,000000 0,000000 0,000000
971 1675562200 0,400000 -1,000000 -101,000000 0,000000 0,000000
971 1675562201 0,400000 -1,000000 -101,000000 0,000000 0,000000
971 1675562202 0,400000 -1,000000 -101,000000 0,000000 0,000000
971 1675562203 0,800000 -1,000000 -101,000000 0,000000 0,000000
971 1675562204 0,800000 -1,000000 -101,000000 0,000000 0,000000
971 1675562205 0,800000 -1,000000 -101,000000 0,000000 0,000000
971 1675562206 0,800000 -1,000000 -101,000000 0,000000 0,000000
971 1675562207 0,800000 -1,000000 -101,000000 0,000000 0,000000
971 1675562208 0,600000 -1,000000 -101,000000 0,000000 0,000000
971 1675562209 0,600000 -1,000000 -101,000000 0,000000 0,000000
971 1675562210 0,600000 -1,000000 -101,000000 0,000000 0,000000
971 1675562211 0,600000 -1,000000 -101,000000 0,000000 0,000000
971 1675562212 0,600000 -1,000000 -101,000000 0,000000 0,000000
971 1675562213 0,800000 -1,000000 -101,000000 0,000000 0,000000
971 1675562214 0,800000 -1,000000 -101,000000 0,000000 0,000000
971 1675562215 0,800000 -1,000000 -101,000000 0,000000 0,000000
971 1675562216 0,800000 -1,000000 -101,000000 0,000000 0,000000
971 1675562217 0,800000 -1,000000 -101,000000 0,000000 0,000000
971 1675562218 1,200000 -1,000000 -101,000000 0,000000 0,000000
971 1675562219 1,200000 -1,000000 -101,000000 0,000000 0,000000
971 1675562220 1,200000 -1,000000 -101,000000 0,000000 0,000000
971 1675562221 1,200000 -1,000000 -101,000000 0,000000 0,000000
971 1675562222 1,200000 -1,000000 -101,000000 0,000000 0,000000
971 1675562223 1,000000 -1,000000 -101,000000 0,000000 0,000000
971 1675562224 1,000000 -1,000000 -101,000000 0,000000 0,000000
971 1675562225 1,000000 -1,000000 -101,000000 0,000000 0,000000
971 1675562226 1,000000 -1,000000 -101,000000 0,000000 0,000000
971 1675562227 1,000000 -1,000000 -101,000000 0,000000 0,000000
971 1675562228 0,400000 -1,000000 -101,000000 0,000000 0,000000
971 1675562229 0,400000 -1,000000 -101,000000 0,000000 0,000000
971 1675562230 0,400000 -1,000000 -101,000000 0,000000 0,000000
971 1675562231 0,400000 -1,000000 -101,000000 0,000000 0,000000
971 1675562232 0,400000 -1,000000 -101,000000 0,000000 0,000000
971 1675562233 1,200000 -1,000000 -101,000000 0,000000 0,000000
971 1675562234 1,200000 -1,000000 -101,000000 0,000000 0,000000
971 1675562235 1,200000 -1,000000 -101,000000 0,000000 0,000000
971 1675562236 1,200000 -1,000000 -101,000000 0,000000 0,000000
971 1675562237 1,200000 -1,000000 -101,000000 0,000000 0,000000
971 1675562243 0,800000 -1,000000 -101,000000 0,000000 0,000000
971 1675562244 0,800000 -1,000000 -101,000000 0,000000 0,000000
971 1675562245 0,800000 -1,000000 -101,000000 0,000000 0,000000
971 1675562246 0,800000 -1,000000 -101,000000 0,000000 0,000000
971 1675562247 0,800000 -1,000000 -101,000000 0,000000 0,000000
971 1675562248 1,200000 -1,000000 -101,000000 0,000000 0,000000
971 1675562249 1,200000 -1,000000 -101,000000 0,000000 0,000000
971 1675562250 1,200000 -1,000000 -101,000000 0,000000 0,000000
971 1675562251 1,200000 -1,000000 -101,000000 0,000000 0,000000
971 1675562252 1,200000 -1,000000 -101,000000 0,000000 0,000000
971 1675562253 0,800000 -1,000000 -101,000000 0,000000 0,000000
971 1675562254 0,800000 -1,000000 -101,000000 0,000000 0,000000
971 1675562255 0,800000 -1,000000 -101,000000 0,000000 0,000000
971 1675562256 0,800000 -1,000000 -101,000000 0,000000 0,000000
971 1675562257 0,800000 -1,000000 -101,000000 0,000000 0,000000
971 1675562258 1,600000 -1,000000 -101,000000 0,000000 0,000000
971 1675562259 1,600000 -1,000000 -101,000000 0,000000 0,000000
971 1675562260 1,600000 -1,000000 -101,000000 0,000000 0,000000
971 1675562261 1,600000 -1,000000 -101,000000 0,000000 0,000000
971 1675562262 1,600000 -1,000000 -101,000000 0,000000 0,000000
971 1675562263 1,200000 -1,000000 -101,000000 0,000000 0,000000
971 1675562264 1,200000 -1,000000 -101,000000 0,000000 0,000000
971 1675562265 1,200000 -1,000000 -101,000000 0,000000 0,000000
971 1675562266 1,200000 -1,000000 -101,000000 0,000000 0,000000
971 1675562267 1,200000 -1,000000 -101,000000 0,000000 0,000000
971 1675562268 0,800000 -1,000000 -101,000000 0,000000 0,000000
971 1675562269 0,800000 -1,000000 -101,000000 0,000000 0,000000
971 1675562270 0,800000 -1,000000 -101,000000 0,000000 0,000000
971 1675562271 0,800000 -1,000000 -101,000000 0,000000 0,000000
971 1675562272 0,800000 -1,000000 -101,000000 0,000000 0,000000
971 1675562273 1,200000 -1,000000 -101,000000 0,000000 0,000000
971 1675562274 1,200000 -1,000000 -101,000000 0,000000 0,000000
971 1675562275 1,200000 -1,000000 -101,000000 0,000000 0,000000
971 1675562276 1,200000 -1,000000 -101,000000 0,000000 0,000000
971 1675562277 1,200000 -1,000000 -101,000000 0,000000 0,000000
971 1675562278 1,600000 -1,000000 -101,000000 0,000000 0,000000
971 1675562279 1,600000 -1,000000 -101,000000 0,000000 0,000000
971 1675562280 1,600000 -1,000000 -101,000000 0,000000 0,000000
971 1675562281 1,600000 -1,000000 -101,000000 0,000000 0,000000
971 1675562282 1,600000 -1,000000 -101,000000 0,000000 0,000000
971 1675562283 0,200000 -1,000000 -101,000000 0,000000 0,000000
971 1675562284 0,200000 -1,000000 -101,000000 0,000000 0,000000
971 1675562285 0,200000 -1,000000 -101,000000 0,000000 0,000000
971 1675562286 0,200000 -1,000000 -101,000000 0,000000 0,000000
971 1675562287 0,200000 -1,000000 -101,000000 0,000000 0,000000
971 1675562288 0,400000 -1,000000 -101,000000 0,000000 0,000000
971 1675562289 0,400000 -1,000000 -101,000000 0,000000 0,000000
971 1675562290 0,400000 -1,000000 -101,000000 0,000000 0,000000
971 1675562291 0,400000 -1,000000 -101,000000 0,000000 0,000000
971 1675562292 0,400000 -1,000000 -101,000000 0,000000 0,000000
971 1675562293 0,800000 -1,000000 -101,000000 0,000000 0,000000
971 1675562294 0,800000 -1,000000 -101,000000 0,000000 0,000000
971 1675562295 0,800000 -1,000000 -101,000000 0,000000 0,000000
971 1675562296 0,800000 -1,000000 -101,000000 0,000000 0,000000
971 1675562297 0,800000 -1,000000 -101,000000 0,000000 0,000000
971 1675562298 0,600000 -1,000000 -101,000000 0,000000 0,000000
971 1675562299 0,600000 -1,000000 -101,000000 0,000000 0,000000
971 1675562300 0,600000 -1,000000 -101,000000 0,000000 0,000000
971 1675562301 0,600000 -1,000000 -101,000000 0,000000 0,000000
971 1675562302 0,600000 -1,000000 -101,000000 0,000000 0,000000
971 1675562303 0,200000 -1,000000 -101,000000 0,000000 0,000000
971 1675562304 0,200000 -1,000000 -101,000000 0,000000 0,000000
971 1675562305 0,200000 -1,000000 -101,000000 0,000000 0,000000
971 1675562306 0,200000 -1,000000 -101,000000 0,000000 0,000000
971 1675562307 0,200000 -1,000000 -101,000000 0,000000 0,000000
971 1675562308 0,200000 -1,000000 -101,000000 0,000000 0,000000
971 1675562309 0,200000 -1,000000 -101,000000 0,000000 0,000000
971 1675562310 0,200000 -1,000000 -101,000000 0,000000 0,000000
971 1675562311 0,200000 -1,000000 -101,000000 0,000000 0,000000
971 1675562312 0,200000 -1,000000 -101,000000 0,000000 0,000000
971 1675562313 0,200000 -1,000000 -101,000000 0,000000 0,000000
971 1675562314 0,200000 -1,000000 -101,000000 0,000000 0,000000
971 1675562315 0,200000 -1,000000 -101,000000 0,000000 0,000000
971 1675562316 0,200000 -1,000000 -101,000000 0,000000 0,000000
971 1675562317 0,200000 -1,000000 -101,000000 0,000000 0,000000
971 1675562318 0,400000 -1,000000 -101,000000 0,000000 0,000000
971 1675562319 0,400000 -1,000000 -101,000000 0,000000 0,000000
971 1675562320 0,400000 -1,000000 -101,000000 0,000000 0,000000
971 1675562321 0,400000 -1,000000 -101,000000 0,000000 0,000000
971 1675562322 0,400000 -1,000000 -101,000000 0,000000 0,000000
971 1675562323 0,600000 -1,000000 -101,000000 0,000000 0,000000
971 1675562324 0,600000 -1,000000 -101,000000 0,000000 0,000000
971 1675562325 0,600000 -1,000000 -101,000000 0,000000 0,000000
971 1675562326 0,600000 -1,000000 -101,000000 0,000000 0,000000
971 1675562327 0,600000 -1,000000 -101,000000 0,000000 0,000000
971 1675562328 0,600000 -1,000000 -101,000000 0,000000 0,000000
971 1675562329 0,600000 -1,000000 -101,000000 0,000000 0,000000
971 1675562330 0,600000 -1,000000 -101,000000 0,000000 0,000000
971 1675562331 0,600000 -1,000000 -101,000000 0,000000 0,000000
971 1675562332 0,600000 -1,000000 -101,000000 0,000000 0,000000
971 1675562333 1,000000 -1,000000 -101,000000 0,000000 0,000000
971 1675562334 1,000000 -1,000000 -101,000000 0,000000 0,000000
971 1675562335 1,000000 -1,000000 -101,000000 0,000000 0,000000
971 1675562336 1,000000 -1,000000 -101,000000 0,000000 0,000000
971 1675562337 1,000000 -1,000000 -101,000000 0,000000 0,000000
971 1675562338 0,800000 -1,000000 -101,000000 0,000000 0,000000
971 1675562339 0,800000 -1,000000 -101,000000 0,000000 0,000000
971 1675562340 0,800000 -1,000000 -101,000000 0,000000 0,000000
971 1675562341 0,800000 -1,000000 -101,000000 0,000000 0,000000
971 1675562342 0,800000 -1,000000 -101,000000 0,000000 0,000000
971 1675562343 0,200000 -1,000000 -101,000000 0,000000 0,000000
971 1675562344 0,200000 -1,000000 -101,000000 0,000000 0,000000
971 1675562345 0,200000 -1,000000 -101,000000 0,000000 0,000000
971 1675562346 0,200000 -1,000000 -101,000000 0,000000 0,000000
971 1675562347 0,200000 -1,000000 -101,000000 0,000000 0,000000
971 1675562348 0,400000 -1,000000 -101,000000 0,000000 0,000000
971 1675562349 0,400000 -1,000000 -101,000000 0,000000 0,000000
971 1675562350 0,400000 -1,000000 -101,000000 0,000000 0,000000
971 1675562351 0,400000 -1,000000 -101,000000 0,000000 0,000000
971 1675562352 0,400000 -1,000000 -101,000000 0,000000 0,000000
971 1675562353 0,400000 -1,000000 -101,000000 0,000000 0,000000
971 1675562354 0,400000 -1,000000 -101,000000 0,000000 0,000000
971 1675562355 0,400000 -1,000000 -101,000000 0,000000 0,000000
971 1675562356 0,400000 -1,000000 -101,000000 0,000000 0,000000
971 1675562357 0,400000 -1,000000 -101,000000 0,000000 0,000000
971 1675562358 1,000000 -1,000000 -101,000000 0,000000 0,000000
971 1675562359 1,000000 -1,000000 -101,000000 0,000000 0,000000
971 1675562360 1,000000 -1,000000 -101,000000 0,000000 0,000000
971 1675562361 1,000000 -1,000000 -101,000000 0,000000 0,000000
971 1675562362 1,000000 -1,000000 -101,000000 0,000000 0,000000
971 1675562363 1,000000 -1,000000 -101,000000 0,000000 0,000000
971 1675562364 1,000000 -1,000000 -101,000000 0,000000 0,000000
971 1675562365 1,000000 -1,000000 -101,000000 0,000000 0,000000
971 1675562366 1,000000 -1,000000 -101,000000 0,000000 0,000000
971 1675562367 1,000000 -1,000000 -101,000000 0,000000 0,000000
971 1675562368 0,200000 -1,000000 -101,000000 0,000000 0,000000
971 1675562369 0,200000 -1,000000 -101,000000 0,000000 0,000000
971 1675562370 0,200000 -1,000000 -101,000000 0,000000 0,000000
971 1675562371 0,200000 -1,000000 -101,000000 0,000000 0,000000
971 1675562372 0,200000 -1,000000 -101,000000 0,000000 0,000000
971 1675562373 1,200000 -1,000000 -101,000000 0,000000 0,000000
971 1675562374 1,200000 -1,000000 -101,000000 0,000000 0,000000
971 1675562375 1,200000 -1,000000 -101,000000 0,000000 0,000000
971 1675562376 1,200000 -1,000000 -101,000000 0,000000 0,000000
971 1675562377 1,200000 -1,000000 -101,000000 0,000000 0,000000
971 1675562378 0,800000 -1,000000 -101,000000 0,000000 0,000000
971 1675562379 0,800000 -1,000000 -101,000000 0,000000 0,000000
971 1675562380 0,800000 -1,000000 -101,000000 0,000000 0,000000
971 1675562381 0,800000 -1,000000 -101,000000 0,000000 0,000000
971 1675562382 0,800000 -1,000000 -101,000000 0,000000 0,000000
971 1675562383 1,200000 -1,000000 -101,000000 0,000000 0,000000
971 1675562384 1,200000 -1,000000 -101,000000 0,000000 0,000000
971 1675562385 1,200000 -1,000000 -101,000000 0,000000 0,000000
971 1675562386 1,200000 -1,000000 -101,000000 0,000000 0,000000
971 1675562387 1,200000 -1,000000 -101,000000 0,000000 0,000000
971 1675562388 2,000000 -1,000000 -101,000000 0,000000 0,000000
971 1675562389 2,000000 -1,000000 -101,000000 0,000000 0,000000
971 1675562390 2,000000 -1,000000 -101,000000 0,000000 0,000000
971 1675562391 2,000000 -1,000000 -101,000000 0,000000 0,000000
971 1675562392 2,000000 -1,000000 -101,000000 0,000000 0,000000
971 1675562393 0,800000 -1,000000 -101,000000 0,000000 0,000000
971 1675562394 0,800000 -1,000000 -101,000000 0,000000 0,000000
971 1675562395 0,800000 -1,000000 -101,000000 0,000000 0,000000
971 1675562396 0,800000 -1,000000 -101,000000 0,000000 0,000000
971 1675562397 0,800000 -1,000000 -101,000000 0,000000 0,000000
971 1675562398 1,000000 -1,000000 -101,000000 0,000000 0,000000
971 1675562399 1,000000 -1,000000 -101,000000 0,000000 0,000000
971 1675562400 1,000000 -1,000000 -101,000000 0,000000 0,000000
971 1675562401 1,000000 -1,000000 -101,000000 0,000000 0,000000
971 1675562402 1,000000 -1,000000 -101,000000 0,000000 0,000000
971 1675562403 1,000000 -1,000000 -101,000000 0,000000 0,000000
971 1675562404 1,000000 -1,000000 -101,000000 0,000000 0,000000
971 1675562405 1,000000 -1,000000 -101,000000 0,000000 0,000000
971 1675562406 1,000000 -1,000000 -101,000000 0,000000 0,000000
971 1675562407 1,000000 -1,000000 -101,000000 0,000000 0,000000
971 1675562408 0,400000 -1,000000 -101,000000 0,000000 0,000000
971 1675562409 0,400000 -1,000000 -101,000000 0,000000 0,000000
971 1675562410 0,400000 -1,000000 -101,000000 0,000000 0,000000
971 1675562411 0,400000 -1,000000 -101,000000 0,000000 0,000000
971 1675562412 0,400000 -1,000000 -101,000000 0,000000 0,000000
971 1675562413 0,600000 -1,000000 -101,000000 0,000000 0,000000
971 1675562414 0,600000 -1,000000 -101,000000 0,000000 0,000000
971 1675562415 0,600000 -1,000000 -101,000000 0,000000 0,000000
971 1675562416 0,600000 -1,000000 -101,000000 0,000000 0,000000
971 1675562417 0,600000 -1,000000 -101,000000 0,000000 0,000000
971 1675562418 1,000000 -1,000000 -101,000000 0,000000 0,000000
971 1675562419 1,000000 -1,000000 -101,000000 0,000000 0,000000
971 1675562420 1,000000 -1,000000 -101,000000 0,000000 0,000000
971 1675562421 1,000000 -1,000000 -101,000000 0,000000 0,000000
971 1675562422 1,000000 -1,000000 -101,000000 0,000000 0,000000
971 1675562423 0,800000 -1,000000 -101,000000 0,000000 0,000000
971 1675562424 0,800000 -1,000000 -101,000000 0,000000 0,000000
971 1675562425 0,800000 -1,000000 -101,000000 0,000000 0,000000
971 1675562426 0,800000 -1,000000 -101,000000 0,000000 0,000000
971 1675562427 0,800000 -1,000000 -101,000000 0,000000 0,000000
971 1675562428 0,400000 -1,000000 -101,000000 0,000000 0,000000
971 1675562429 0,400000 -1,000000 -101,000000 0,000000 0,000000
971 1675562430 0,400000 -1,000000 -101,000000 0,000000 0,000000
971 1675562431 0,400000 -1,000000 -101,000000 0,000000 0,000000
971 1675562432 0,400000 -1,000000 -101,000000 0,000000 0,000000
971 1675562433 0,400000 -1,000000 -101,000000 0,000000 0,000000
971 1675562434 0,400000 -1,000000 -101,000000 0,000000 0,000000
971 1675562435 0,400000 -1,000000 -101,000000 0,000000 0,000000
971 1675562436 0,400000 -1,000000 -101,000000 0,000000 0,000000
971 1675562437 0,400000 -1,000000 -101,000000 0,000000 0,000000
971 1675562438 0,600000 -1,000000 -101,000000 0,000000 0,000000
971 1675562439 0,600000 -1,000000 -101,000000 0,000000 0,000000
971 1675562440 0,600000 -1,000000 -101,000000 0,000000 0,000000
971 1675562441 0,600000 -1,000000 -101,000000 0,000000 0,000000
971 1675562442 0,600000 -1,000000 -101,000000 0,000000 0,000000
971 1675562443 0,200000 -1,000000 -101,000000 0,000000 0,000000
971 1675562444 0,200000 -1,000000 -101,000000 0,000000 0,000000
971 1675562445 0,200000 -1,000000 -101,000000 0,000000 0,000000
971 1675562446 0,200000 -1,000000 -101,000000 0,000000 0,000000
971 1675562447 0,200000 -1,000000 -101,000000 0,000000 0,000000
971 1675562448 0,800000 -1,000000 -101,000000 0,000000 0,000000
971 1675562449 0,800000 -1,000000 -101,000000 0,000000 0,000000
971 1675562450 0,800000 -1,000000 -101,000000 0,000000 0,000000
971 1675562451 0,800000 -1,000000 -101,000000 0,000000 0,000000
971 1675562452 0,800000 -1,000000 -101,000000 0,000000 0,000000
971 1675562453 1,000000 -1,000000 -101,000000 0,000000 0,000000
971 1675562454 1,000000 -1,000000 -101,000000 0,000000 0,000000
971 1675562455 1,000000 -1,000000 -101,000000 0,000000 0,000000
971 1675562456 1,000000 -1,000000 -101,000000 0,000000 0,000000
971 1675562457 1,000000 -1,000000 -101,000000 0,000000 0,000000
971 1675562458 1,000000 -1,000000 -101,000000 0,000000 0,000000
971 1675562459 1,000000 -1,000000 -101,000000 0,000000 0,000000
971 1675562460 1,000000 -1,000000 -101,000000 0,000000 0,000000
971 1675562461 1,000000 -1,000000 -101,000000 0,000000 0,000000
971 1675562462 1,000000 -1,000000 -101,000000 0,000000 0,000000
971 1675562463 2,000000 -1,000000 -101,000000 0,000000 0,000000
971 1675562464 2,000000 -1,000000 -101,000000 0,000000 0,000000
971 1675562465 2,000000 -1,000000 -101,000000 0,000000 0,000000
971 1675562466 2,000000 -1,000000 -101,000000 0,000000 0,000000
971 1675562467 2,000000 -1,000000 -101,000000 0,000000 0,000000
971 1675562468 0,800000 -1,000000 -101,000000 0,000000 0,000000
971 1675562469 0,800000 -1,000000 -101,000000 0,000000 0,000000
971 1675562470 0,800000 -1,000000 -101,000000 0,000000 0,000000
971 1675562471 0,800000 -1,000000 -101,000000 0,000000 0,000000
971 1675562472 0,800000 -1,000000 -101,000000 0,000000 0,000000
971 1675562473 1,400000 -1,000000 -101,000000 0,000000 0,000000
971 1675562474 1,400000 -1,000000 -101,000000 0,000000 0,000000
971 1675562475 1,400000 -1,000000 -101,000000 0,000000 0,000000
971 1675562476 1,400000 -1,000000 -101,000000 0,000000 0,000000
971 1675562477 1,400000 -1,000000 -101,000000 0,000000 0,000000
971 1675562478 1,200000 -1,000000 -101,000000 0,000000 0,000000
971 1675562479 1,200000 -1,000000 -101,000000 0,000000 0,000000
971 1675562480 1,200000 -1,000000 -101,000000 0,000000 0,000000
971 1675562481 1,200000 -1,000000 -101,000000 0,000000 0,000000
971 1675562482 1,200000 -1,000000 -101,000000 0,000000 0,000000
971 1675562483 1,400000 -1,000000 -101,000000 0,000000 0,000000
971 1675562484 1,400000 -1,000000 -101,000000 0,000000 0,000000
971 1675562485 1,400000 -1,000000 -101,000000 0,000000 0,000000
971 1675562486 1,400000 -1,000000 -101,000000 0,000000 0,000000
971 1675562487 1,400000 -1,000000 -101,000000 0,000000 0,000000
971 1675562488 1,000000 -1,000000 -101,000000 0,000000 0,000000
971 1675562489 1,000000 -1,000000 -101,000000 0,000000 0,000000
971 1675562490 1,000000 -1,000000 -101,000000 0,000000 0,000000
971 1675562491 1,000000 -1,000000 -101,000000 0,000000 0,000000
971 1675562492 1,000000 -1,000000 -101,000000 0,000000 0,000000
971 1675562493 0,400000 -1,000000 -101,000000 0,000000 0,000000
971 1675562494 0,400000 -1,000000 -101,000000 0,000000 0,000000
971 1675562495 0,400000 -1,000000 -101,000000 0,000000 0,000000
971 1675562496 0,400000 -1,000000 -101,000000 0,000000 0,000000
971 1675562497 0,400000 -1,000000 -101,000000 0,000000 0,000000
971 1675562498 0,800000 -1,000000 -101,000000 0,000000 0,000000
971 1675562499 0,800000 -1,000000 -101,000000 0,000000 0,000000
971 1675562500 0,800000 -1,000000 -101,000000 0,000000 0,000000
971 1675562501 0,800000 -1,000000 -101,000000 0,000000 0,000000
971 1675562502 0,800000 -1,000000 -101,000000 0,000000 0,000000
971 1675562503 0,200000 -1,000000 -101,000000 0,000000 0,000000
971 1675562504 0,200000 -1,000000 -101,000000 0,000000 0,000000
971 1675562505 0,200000 -1,000000 -101,000000 0,000000 0,000000
971 1675562506 0,200000 -1,000000 -101,000000 0,000000 0,000000
971 1675562507 0,200000 -1,000000 -101,000000 0,000000 0,000000
971 1675562508 0,600000 -1,000000 -101,000000 0,000000 0,000000
971 1675562509 0,600000 -1,000000 -101,000000 0,000000 0,000000
971 1675562510 0,600000 -1,000000 -101,000000 0,000000 0,000000
971 1675562511 0,600000 -1,000000 -101,000000 0,000000 0,000000
971 1675562512 0,600000 -1,000000 -101,000000 0,000000 0,000000
971 1675562513 1,200000 -1,000000 -101,000000 0,000000 0,000000
971 1675562514 1,200000 -1,000000 -101,000000 0,000000 0,000000
971 1675562515 1,200000 -1,000000 -101,000000 0,000000 0,000000
971 1675562516 1,200000 -1,000000 -101,000000 0,000000 0,000000
971 1675562517 1,200000 -1,000000 -101,000000 0,000000 0,000000
971 1675562518 0,600000 -1,000000 -101,000000 0,000000 0,000000
971 1675562519 0,600000 -1,000000 -101,000000 0,000000 0,000000
971 1675562520 0,600000 -1,000000 -101,000000 0,000000 0,000000
971 1675562521 0,600000 -1,000000 -101,000000 0,000000 0,000000
971 1675562522 0,600000 -1,000000 -101,000000 0,000000 0,000000
971 1675562523 0,800000 -1,000000 -101,000000 0,000000 0,000000
971 1675562524 0,800000 -1,000000 -101,000000 0,000000 0,000000
971 1675562525 0,800000 -1,000000 -101,000000 0,000000 0,000000
971 1675562526 0,800000 -1,000000 -101,000000 0,000000 0,000000
971 1675562527 0,800000 -1,000000 -101,000000 0,000000 0,000000
971 1675562528 1,400000 -1,000000 -101,000000 0,000000 0,000000
971 1675562529 1,400000 -1,000000 -101,000000 0,000000 0,000000
971 1675562530 1,400000 -1,000000 -101,000000 0,000000 0,000000
971 1675562531 1,400000 -1,000000 -101,000000 0,000000 0,000000
971 1675562532 1,400000 -1,000000 -101,000000 0,000000 0,000000
971 1675562533 0,800000 -1,000000 -101,000000 0,000000 0,000000
971 1675562534 0,800000 -1,000000 -101,000000 0,000000 0,000000
971 1675562535 0,800000 -1,000000 -101,000000 0,000000 0,000000
971 1675562536 0,800000 -1,000000 -101,000000 0,000000 0,000000
971 1675562537 0,800000 -1,000000 -101,000000 0,000000 0,000000
971 1675562538 1,200000 -1,000000 -101,000000 0,000000 0,000000
971 1675562539 1,200000 -1,000000 -101,000000 0,000000 0,000000
971 1675562540 1,200000 -1,000000 -101,000000 0,000000 0,000000
971 1675562541 1,200000 -1,000000 -101,000000 0,000000 0,000000
971 1675562542 1,200000 -1,000000 -101,000000 0,000000 0,000000
971 1675562543 0,800000 -1,000000 -101,000000 0,000000 0,000000
971 1675562544 0,800000 -1,000000 -101,000000 0,000000 0,000000
971 1675562545 0,800000 -1,000000 -101,000000 0,000000 0,000000
971 1675562546 0,800000 -1,000000 -101,000000 0,000000 0,000000
971 1675562547 0,800000 -1,000000 -101,000000 0,000000 0,000000
971 1675562548 1,200000 -1,000000 -101,000000 0,000000 0,000000
971 1675562549 1,200000 -1,000000 -101,000000 0,000000 0,000000
971 1675562550 1,200000 -1,000000 -101,000000 0,000000 0,000000
971 1675562551 1,200000 -1,000000 -101,000000 0,000000 0,000000
971 1675562552 1,200000 -1,000000 -101,000000 0,000000 0,000000
971 1675562553 1,000000 -1,000000 -101,000000 0,000000 0,000000
971 1675562554 1,000000 -1,000000 -101,000000 0,000000 0,000000
971 1675562555 1,000000 -1,000000 -101,000000 0,000000 0,000000
971 1675562556 1,000000 -1,000000 -101,000000 0,000000 0,000000
971 1675562557 1,000000 -1,000000 -101,000000 0,000000 0,000000
971 1675562558 0,800000 -1,000000 -101,000000 0,000000 0,000000
971 1675562559 0,800000 -1,000000 -101,000000 0,000000 0,000000
971 1675562560 0,800000 -1,000000 -101,000000 0,000000 0,000000
971 1675562561 0,800000 -1,000000 -101,000000 0,000000 0,000000
971 1675562562 0,800000 -1,000000 -101,000000 0,000000 0,000000
971 1675562563 1,800000 -1,000000 -101,000000 0,000000 0,000000
971 1675562564 1,800000 -1,000000 -101,000000 0,000000 0,000000
971 1675562565 1,800000 -1,000000 -101,000000 0,000000 0,000000
971 1675562566 1,800000 -1,000000 -101,000000 0,000000 0,000000
971 1675562567 1,800000 -1,000000 -101,000000 0,000000 0,000000
971 1675562568 0,800000 -1,000000 -101,000000 0,000000 0,000000
971 1675562569 0,800000 -1,000000 -101,000000 0,000000 0,000000
971 1675562570 0,800000 -1,000000 -101,000000 0,000000 0,000000
971 1675562571 0,800000 -1,000000 -101,000000 0,000000 0,000000
971 1675562572 0,800000 -1,000000 -101,000000 0,000000 0,000000
971 1675562573 1,400000 -1,000000 -101,000000 0,000000 0,000000
971 1675562574 1,400000 -1,000000 -101,000000 0,000000 0,000000
971 1675562575 1,400000 -1,000000 -101,000000 0,000000 0,000000
971 1675562576 1,400000 -1,000000 -101,000000 0,000000 0,000000
971 1675562577 1,400000 -1,000000 -101,000000 0,000000 0,000000
971 1675562578 0,800000 -1,000000 -101,000000 0,000000 0,000000
971 1675562579 0,800000 -1,000000 -101,000000 0,000000 0,000000
971 1675562580 0,800000 -1,000000 -101,000000 0,000000 0,000000
971 1675562581 0,800000 -1,000000 -101,000000 0,000000 0,000000
971 1675562582 0,800000 -1,000000 -101,000000 0,000000 0,000000
971 1675562583 0,800000 -1,000000 -101,000000 0,000000 0,000000
971 1675562584 0,800000 -1,000000 -101,000000 0,000000 0,000000
971 1675562585 0,800000 -1,000000 -101,000000 0,000000 0,000000
971 1675562586 0,800000 -1,000000 -101,000000 0,000000 0,000000
971 1675562587 0,800000 -1,000000 -101,000000 0,000000 0,000000
971 1675562588 1,400000 -1,000000 -101,000000 0,000000 0,000000
971 1675562589 1,400000 -1,000000 -101,000000 0,000000 0,000000
971 1675562590 1,400000 -1,000000 -101,000000 0,000000 0,000000
971 1675562591 1,400000 -1,000000 -101,000000 0,000000 0,000000
971 1675562592 1,400000 -1,000000 -101,000000 0,000000 0,000000
971 1675562593 1,200000 -1,000000 -101,000000 0,000000 0,000000
971 1675562594 1,200000 -1,000000 -101,000000 0,000000 0,000000
971 1675562595 1,200000 -1,000000 -101,000000 0,000000 0,000000
971 1675562596 1,200000 -1,000000 -101,000000 0,000000 0,000000
971 1675562597 1,200000 -1,000000 -101,000000 0,000000 0,000000
971 1675562598 0,600000 -1,000000 -101,000000 0,000000 0,000000
971 1675562599 0,600000 -1,000000 -101,000000 0,000000 0,000000
971 1675562600 0,600000 -1,000000 -101,000000 0,000000 0,000000
971 1675562601 0,600000 -1,000000 -101,000000 0,000000 0,000000
971 1675562602 0,600000 -1,000000 -101,000000 0,000000 0,000000
971 1675562603 1,400000 -1,000000 -101,000000 0,000000 0,000000
971 1675562604 1,400000 -1,000000 -101,000000 0,000000 0,000000
971 1675562605 1,400000 -1,000000 -101,000000 0,000000 0,000000
971 1675562606 1,400000 -1,000000 -101,000000 0,000000 0,000000
971 1675562607 1,400000 -1,000000 -101,000000 0,000000 0,000000
971 1675562608 1,600000 -1,000000 -101,000000 0,000000 0,000000
971 1675562609 1,600000 -1,000000 -101,000000 0,000000 0,000000
971 1675562610 1,600000 -1,000000 -101,000000 0,000000 0,000000
971 1675562611 1,600000 -1,000000 -101,000000 0,000000 0,000000
971 1675562612 1,600000 -1,000000 -101,000000 0,000000 0,000000
971 1675562613 0,800000 -1,000000 -101,000000 0,000000 0,000000
971 1675562614 0,800000 -1,000000 -101,000000 0,000000 0,000000
971 1675562615 0,800000 -1,000000 -101,000000 0,000000 0,000000
971 1675562616 0,800000 -1,000000 -101,000000 0,000000 0,000000
971 1675562617 0,800000 -1,000000 -101,000000 0,000000 0,000000
971 1675562618 0,400000 -1,000000 -101,000000 0,000000 0,000000
971 1675562619 0,400000 -1,000000 -101,000000 0,000000 0,000000
971 1675562620 0,400000 -1,000000 -101,000000 0,000000 0,000000
971 1675562621 0,400000 -1,000000 -101,000000 0,000000 0,000000
971 1675562622 0,400000 -1,000000 -101,000000 0,000000 0,000000
971 1675562623 0,600000 -1,000000 -101,000000 0,000000 0,000000
971 1675562624 0,600000 -1,000000 -101,000000 0,000000 0,000000
971 1675562625 0,600000 -1,000000 -101,000000 0,000000 0,000000
971 1675562626 0,600000 -1,000000 -101,000000 0,000000 0,000000
971 1675562627 0,600000 -1,000000 -101,000000 0,000000 0,000000
971 1675562628 0,800000 -1,000000 -101,000000 0,000000 0,000000
971 1675562629 0,800000 -1,000000 -101,000000 0,000000 0,000000
971 1675562630 0,800000 -1,000000 -101,000000 0,000000 0,000000
971 1675562631 0,800000 -1,000000 -101,000000 0,000000 0,000000
971 1675562632 0,800000 -1,000000 -101,000000 0,000000 0,000000
971 1675562633 0,800000 -1,000000 -101,000000 0,000000 0,000000
971 1675562634 0,800000 -1,000000 -101,000000 0,000000 0,000000
971 1675562635 0,800000 -1,000000 -101,000000 0,000000 0,000000
971 1675562636 0,800000 -1,000000 -101,000000 0,000000 0,000000
971 1675562637 0,800000 -1,000000 -101,000000 0,000000 0,000000
971 1675562638 1,400000 -1,000000 -101,000000 0,000000 0,000000
971 1675562639 1,400000 -1,000000 -101,000000 0,000000 0,000000
971 1675562640 1,400000 -1,000000 -101,000000 0,000000 0,000000
971 1675562641 1,400000 -1,000000 -101,000000 0,000000 0,000000
971 1675562642 1,400000 -1,000000 -101,000000 0,000000 0,000000
971 1675562643 0,800000 -1,000000 -101,000000 0,000000 0,000000
971 1675562644 0,800000 -1,000000 -101,000000 0,000000 0,000000
971 1675562645 0,800000 -1,000000 -101,000000 0,000000 0,000000
971 1675562646 0,800000 -1,000000 -101,000000 0,000000 0,000000
971 1675562647 0,800000 -1,000000 -101,000000 0,000000 0,000000
971 1675562648 0,800000 -1,000000 -101,000000 0,000000 0,000000
971 1675562649 0,800000 -1,000000 -101,000000 0,000000 0,000000
971 1675562650 0,800000 -1,000000 -101,000000 0,000000 0,000000
971 1675562651 0,800000 -1,000000 -101,000000 0,000000 0,000000
971 1675562652 0,800000 -1,000000 -101,000000 0,000000 0,000000
971 1675562653 1,000000 -1,000000 -101,000000 0,000000 0,000000
971 1675562654 1,000000 -1,000000 -101,000000 0,000000 0,000000
971 1675562655 1,000000 -1,000000 -101,000000 0,000000 0,000000
971 1675562656 1,000000 -1,000000 -101,000000 0,000000 0,000000
971 1675562657 1,000000 -1,000000 -101,000000 0,000000 0,000000
971 1675562658 1,600000 -1,000000 -101,000000 0,000000 0,000000
971 1675562659 1,600000 -1,000000 -101,000000 0,000000 0,000000
971 1675562660 1,600000 -1,000000 -101,000000 0,000000 0,000000
971 1675562661 1,600000 -1,000000 -101,000000 0,000000 0,000000
971 1675562662 1,600000 -1,000000 -101,000000 0,000000 0,000000
971 1675562663 1,600000 -1,000000 -101,000000 0,000000 0,000000
971 1675562664 1,600000 -1,000000 -101,000000 0,000000 0,000000
971 1675562665 1,600000 -1,000000 -101,000000 0,000000 0,000000
971 1675562666 1,600000 -1,000000 -101,000000 0,000000 0,000000
971 1675562667 1,600000 -1,000000 -101,000000 0,000000 0,000000
971 1675562668 2,200000 -1,000000 -101,000000 0,000000 0,000000
971 1675562669 2,200000 -1,000000 -101,000000 0,000000 0,000000
971 1675562670 2,200000 -1,000000 -101,000000 0,000000 0,000000
971 1675562671 2,200000 -1,000000 -101,000000 0,000000 0,000000
971 1675562672 2,200000 -1,000000 -101,000000 0,000000 0,000000
971 1675562673 1,000000 -1,000000 -101,000000 0,000000 0,000000
971 1675562674 1,000000 -1,000000 -101,000000 0,000000 0,000000
971 1675562675 1,000000 -1,000000 -101,000000 0,000000 0,000000
971 1675562676 1,000000 -1,000000 -101,000000 0,000000 0,000000
971 1675562677 1,000000 -1,000000 -101,000000 0,000000 0,000000
971 1675562678 1,000000 -1,000000 -101,000000 0,000000 0,000000
971 1675562679 1,000000 -1,000000 -101,000000 0,000000 0,000000
971 1675562680 1,000000 -1,000000 -101,000000 0,000000 0,000000
971 1675562681 1,000000 -1,000000 -101,000000 0,000000 0,000000
971 1675562682 1,000000 -1,000000 -101,000000 0,000000 0,000000
971 1675562683 0,600000 -1,000000 -101,000000 0,000000 0,000000
971 1675562684 0,600000 -1,000000 -101,000000 0,000000 0,000000
971 1675562685 0,600000 -1,000000 -101,000000 0,000000 0,000000
971 1675562686 0,600000 -1,000000 -101,000000 0,000000 0,000000
971 1675562687 0,600000 -1,000000 -101,000000 0,000000 0,000000
971 1675562688 1,000000 -1,000000 -101,000000 0,000000 0,000000
971 1675562689 1,000000 -1,000000 -101,000000 0,000000 0,000000
971 1675562690 1,000000 -1,000000 -101,000000 0,000000 0,000000
971 1675562691 1,000000 -1,000000 -101,000000 0,000000 0,000000
971 1675562692 1,000000 -1,000000 -101,000000 0,000000 0,000000
971 1675562693 0,800000 -1,000000 -101,000000 0,000000 0,000000
971 1675562694 0,800000 -1,000000 -101,000000 0,000000 0,000000
971 1675562695 0,800000 -1,000000 -101,000000 0,000000 0,000000
971 1675562696 0,800000 -1,000000 -101,000000 0,000000 0,000000
971 1675562697 0,800000 -1,000000 -101,000000 0,000000 0,000000
971 1675562698 1,000000 -1,000000 -101,000000 0,000000 0,000000
971 1675562699 1,000000 -1,000000 -101,000000 0,000000 0,000000
971 1675562700 1,000000 -1,000000 -101,000000 0,000000 0,000000
971 1675562701 1,000000 -1,000000 -101,000000 0,000000 0,000000
971 1675562702 1,000000 -1,000000 -101,000000 0,000000 0,000000
971 1675562703 1,200000 -1,000000 -101,000000 0,000000 0,000000
971 1675562704 1,200000 -1,000000 -101,000000 0,000000 0,000000
971 1675562705 1,200000 -1,000000 -101,000000 0,000000 0,000000
971 1675562706 1,200000 -1,000000 -101,000000 0,000000 0,000000
971 1675562707 1,200000 -1,000000 -101,000000 0,000000 0,000000
971 1675562708 0,800000 -1,000000 -101,000000 0,000000 0,000000
971 1675562709 0,800000 -1,000000 -101,000000 0,000000 0,000000
971 1675562710 0,800000 -1,000000 -101,000000 0,000000 0,000000
971 1675562711 0,800000 -1,000000 -101,000000 0,000000 0,000000
971 1675562712 0,800000 -1,000000 -101,000000 0,000000 0,000000
971 1675562713 1,200000 -1,000000 -101,000000 0,000000 0,000000
971 1675562714 1,200000 -1,000000 -101,000000 0,000000 0,000000
971 1675562715 1,200000 -1,000000 -101,000000 0,000000 0,000000
971 1675562716 1,200000 -1,000000 -101,000000 0,000000 0,000000
971 1675562717 1,200000 -1,000000 -101,000000 0,000000 0,000000
971 1675562718 1,200000 -1,000000 -101,000000 0,000000 0,000000
971 1675562719 1,200000 -1,000000 -101,000000 0,000000 0,000000
971 1675562720 1,200000 -1,000000 -101,000000 0,000000 0,000000
971 1675562721 1,200000 -1,000000 -101,000000 0,000000 0,000000
971 1675562722 1,200000 -1,000000 -101,000000 0,000000 0,000000
971 1675562723 0,400000 -1,000000 -101,000000 0,000000 0,000000
971 1675562724 0,400000 -1,000000 -101,000000 0,000000 0,000000
971 1675562725 0,400000 -1,000000 -101,000000 0,000000 0,000000
971 1675562726 0,400000 -1,000000 -101,000000 0,000000 0,000000
971 1675562727 0,400000 -1,000000 -101,000000 0,000000 0,000000
971 1675562728 0,800000 -1,000000 -101,000000 0,000000 0,000000
971 1675562729 0,800000 -1,000000 -101,000000 0,000000 0,000000
971 1675562730 0,800000 -1,000000 -101,000000 0,000000 0,000000
971 1675562731 0,800000 -1,000000 -101,000000 0,000000 0,000000
971 1675562732 0,800000 -1,000000 -101,000000 0,000000 0,000000
971 1675562733 0,200000 -1,000000 -101,000000 0,000000 0,000000
971 1675562734 0,200000 -1,000000 -101,000000 0,000000 0,000000
971 1675562735 0,200000 -1,000000 -101,000000 0,000000 0,000000
971 1675562736 0,200000 -1,000000 -101,000000 0,000000 0,000000
971 1675562737 0,200000 -1,000000 -101,000000 0,000000 0,000000
971 1675562738 0,400000 -1,000000 -101,000000 0,000000 0,000000
971 1675562739 0,400000 -1,000000 -101,000000 0,000000 0,000000
971 1675562740 0,400000 -1,000000 -101,000000 0,000000 0,000000
971 1675562741 0,400000 -1,000000 -101,000000 0,000000 0,000000
971 1675562742 0,400000 -1,000000 -101,000000 0,000000 0,000000
971 1675562743 1,000000 -1,000000 -101,000000 0,000000 0,000000
971 1675562744 1,000000 -1,000000 -101,000000 0,000000 0,000000
971 1675562745 1,000000 -1,000000 -101,000000 0,000000 0,000000
971 1675562746 1,000000 -1,000000 -101,000000 0,000000 0,000000
971 1675562747 1,000000 -1,000000 -101,000000 0,000000 0,000000
971 1675562748 0,800000 -1,000000 -101,000000 0,000000 0,000000
971 1675562749 0,800000 -1,000000 -101,000000 0,000000 0,000000
971 1675562750 0,800000 -1,000000 -101,000000 0,000000 0,000000
971 1675562751 0,800000 -1,000000 -101,000000 0,000000 0,000000
971 1675562752 0,800000 -1,000000 -101,000000 0,000000 0,000000
971 1675562753 1,600000 -1,000000 -101,000000 0,000000 0,000000
971 1675562754 1,600000 -1,000000 -101,000000 0,000000 0,000000
971 1675562755 1,600000 -1,000000 -101,000000 0,000000 0,000000
971 1675562756 1,600000 -1,000000 -101,000000 0,000000 0,000000
971 1675562757 1,600000 -1,000000 -101,000000 0,000000 0,000000
971 1675562758 1,200000 -1,000000 -101,000000 0,000000 0,000000
971 1675562759 1,200000 -1,000000 -101,000000 0,000000 0,000000
971 1675562760 1,200000 -1,000000 -101,000000 0,000000 0,000000
971 1675562761 1,200000 -1,000000 -101,000000 0,000000 0,000000
971 1675562762 1,200000 -1,000000 -101,000000 0,000000 0,000000
971 1675562763 2,200000 -1,000000 -101,000000 0,000000 0,000000
971 1675562764 2,200000 -1,000000 -101,000000 0,000000 0,000000
971 1675562765 2,200000 -1,000000 -101,000000 0,000000 0,000000
971 1675562766 2,200000 -1,000000 -101,000000 0,000000 0,000000
971 1675562767 2,200000 -1,000000 -101,000000 0,000000 0,000000
971 1675562768 1,000000 -1,000000 -101,000000 0,000000 0,000000
971 1675562769 1,000000 -1,000000 -101,000000 0,000000 0,000000
971 1675562770 1,000000 -1,000000 -101,000000 0,000000 0,000000
971 1675562771 1,000000 -1,000000 -101,000000 0,000000 0,000000
971 1675562772 1,000000 -1,000000 -101,000000 0,000000 0,000000
971 1675562773 1,600000 -1,000000 -101,000000 0,000000 0,000000
971 1675562774 1,600000 -1,000000 -101,000000 0,000000 0,000000
971 1675562775 1,600000 -1,000000 -101,000000 0,000000 0,000000
971 1675562776 1,600000 -1,000000 -101,000000 0,000000 0,000000
971 1675562777 1,600000 -1,000000 -101,000000 0,000000 0,000000
971 1675562778 1,200000 -1,000000 -101,000000 0,000000 0,000000
971 1675562779 1,200000 -1,000000 -101,000000 0,000000 0,000000
971 1675562780 1,200000 -1,000000 -101,000000 0,000000 0,000000
971 1675562781 1,200000 -1,000000 -101,000000 0,000000 0,000000
971 1675562782 1,200000 -1,000000 -101,000000 0,000000 0,000000
971 1675562783 1,200000 -1,000000 -101,000000 0,000000 0,000000
971 1675562784 1,200000 -1,000000 -101,000000 0,000000 0,000000
971 1675562785 1,200000 -1,000000 -101,000000 0,000000 0,000000
971 1675562786 1,200000 -1,000000 -101,000000 0,000000 0,000000
971 1675562787 1,200000 -1,000000 -101,000000 0,000000 0,000000
971 1675562788 1,000000 -1,000000 -101,000000 0,000000 0,000000
971 1675562789 1,000000 -1,000000 -101,000000 0,000000 0,000000
971 1675562790 1,000000 -1,000000 -101,000000 0,000000 0,000000
971 1675562791 1,000000 -1,000000 -101,000000 0,000000 0,000000
971 1675562792 1,000000 -1,000000 -101,000000 0,000000 0,000000
971 1675562793 1,400000 -1,000000 -101,000000 0,000000 0,000000
971 1675562794 1,400000 -1,000000 -101,000000 0,000000 0,000000
971 1675562795 1,400000 -1,000000 -101,000000 0,000000 0,000000
971 1675562796 1,400000 -1,000000 -101,000000 0,000000 0,000000
971 1675562797 1,400000 -1,000000 -101,000000 0,000000 0,000000
971 1675562798 0,200000 -1,000000 -101,000000 0,000000 0,000000
971 1675562799 0,200000 -1,000000 -101,000000 0,000000 0,000000
971 1675562800 0,200000 -1,000000 -101,000000 0,000000 0,000000
971 1675562801 0,200000 -1,000000 -101,000000 0,000000 0,000000
971 1675562802 0,200000 -1,000000 -101,000000 0,000000 0,000000
971 1675562803 0,200000 -1,000000 -101,000000 0,000000 0,000000
971 1675562804 0,200000 -1,000000 -101,000000 0,000000 0,000000
971 1675562805 0,200000 -1,000000 -101,000000 0,000000 0,000000
971 1675562806 0,200000 -1,000000 -101,000000 0,000000 0,000000
971 1675562807 0,200000 -1,000000 -101,000000 0,000000 0,000000
971 1675562808 0,400000 -1,000000 -101,000000 0,000000 0,000000
971 1675562809 0,400000 -1,000000 -101,000000 0,000000 0,000000
971 1675562810 0,400000 -1,000000 -101,000000 0,000000 0,000000
971 1675562811 0,400000 -1,000000 -101,000000 0,000000 0,000000
971 1675562812 0,400000 -1,000000 -101,000000 0,000000 0,000000
971 1675562813 0,600000 -1,000000 -101,000000 0,000000 0,000000
971 1675562814 0,600000 -1,000000 -101,000000 0,000000 0,000000
971 1675562815 0,600000 -1,000000 -101,000000 0,000000 0,000000
971 1675562816 0,600000 -1,000000 -101,000000 0,000000 0,000000
971 1675562817 0,600000 -1,000000 -101,000000 0,000000 0,000000
971 1675562818 1,600000 -1,000000 -101,000000 0,000000 0,000000
971 1675562819 1,600000 -1,000000 -101,000000 0,000000 0,000000
971 1675562820 1,600000 -1,000000 -101,000000 0,000000 0,000000
971 1675562821 1,600000 -1,000000 -101,000000 0,000000 0,000000
971 1675562822 1,600000 -1,000000 -101,000000 0,000000 0,000000
971 1675562823 1,200000 -1,000000 -101,000000 0,000000 0,000000
971 1675562824 1,200000 -1,000000 -101,000000 0,000000 0,000000
971 1675562825 1,200000 -1,000000 -101,000000 0,000000 0,000000
971 1675562826 1,200000 -1,000000 -101,000000 0,000000 0,000000
971 1675562827 1,200000 -1,000000 -101,000000 0,000000 0,000000
971 1675562828 2,200000 -1,000000 -101,000000 0,000000 0,000000
971 1675562829 2,200000 -1,000000 -101,000000 0,000000 0,000000
971 1675562830 2,200000 -1,000000 -101,000000 0,000000 0,000000
971 1675562831 2,200000 -1,000000 -101,000000 0,000000 0,000000
971 1675562832 2,200000 -1,000000 -101,000000 0,000000 0,000000
971 1675562833 0,800000 -1,000000 -101,000000 0,000000 0,000000
971 1675562834 0,800000 -1,000000 -101,000000 0,000000 0,000000
971 1675562835 0,800000 -1,000000 -101,000000 0,000000 0,000000
971 1675562836 0,800000 -1,000000 -101,000000 0,000000 0,000000
971 1675562837 0,800000 -1,000000 -101,000000 0,000000 0,000000
971 1675562838 1,200000 -1,000000 -101,000000 0,000000 0,000000
971 1675562839 1,200000 -1,000000 -101,000000 0,000000 0,000000
971 1675562840 1,200000 -1,000000 -101,000000 0,000000 0,000000
971 1675562841 1,200000 -1,000000 -101,000000 0,000000 0,000000
971 1675562842 1,200000 -1,000000 -101,000000 0,000000 0,000000
971 1675562843 1,000000 -1,000000 -101,000000 0,000000 0,000000
971 1675562844 1,000000 -1,000000 -101,000000 0,000000 0,000000
971 1675562845 1,000000 -1,000000 -101,000000 0,000000 0,000000
971 1675562846 1,000000 -1,000000 -101,000000 0,000000 0,000000
971 1675562847 1,000000 -1,000000 -101,000000 0,000000 0,000000
971 1675562848 0,800000 -1,000000 -101,000000 0,000000 0,000000
971 1675562849 0,800000 -1,000000 -101,000000 0,000000 0,000000
971 1675562850 0,800000 -1,000000 -101,000000 0,000000 0,000000
971 1675562851 0,800000 -1,000000 -101,000000 0,000000 0,000000
971 1675562852 0,800000 -1,000000 -101,000000 0,000000 0,000000
971 1675562853 1,000000 -1,000000 -101,000000 0,000000 0,000000
971 1675562854 1,000000 -1,000000 -101,000000 0,000000 0,000000
971 1675562855 1,000000 -1,000000 -101,000000 0,000000 0,000000
971 1675562856 1,000000 -1,000000 -101,000000 0,000000 0,000000
971 1675562857 1,000000 -1,000000 -101,000000 0,000000 0,000000
971 1675562858 1,200000 -1,000000 -101,000000 0,000000 0,000000
971 1675562859 1,200000 -1,000000 -101,000000 0,000000 0,000000
971 1675562860 1,200000 -1,000000 -101,000000 0,000000 0,000000
971 1675562861 1,200000 -1,000000 -101,000000 0,000000 0,000000
971 1675562862 1,200000 -1,000000 -101,000000 0,000000 0,000000
971 1675562863 1,400000 -1,000000 -101,000000 0,000000 0,000000
971 1675562864 1,400000 -1,000000 -101,000000 0,000000 0,000000
971 1675562865 1,400000 -1,000000 -101,000000 0,000000 0,000000
971 1675562866 1,400000 -1,000000 -101,000000 0,000000 0,000000
971 1675562867 1,400000 -1,000000 -101,000000 0,000000 0,000000
971 1675562868 0,400000 -1,000000 -101,000000 0,000000 0,000000
971 1675562869 0,400000 -1,000000 -101,000000 0,000000 0,000000
971 1675562870 0,400000 -1,000000 -101,000000 0,000000 0,000000
971 1675562871 0,400000 -1,000000 -101,000000 0,000000 0,000000
971 1675562872 0,400000 -1,000000 -101,000000 0,000000 0,000000
971 1675562873 0,800000 -1,000000 -101,000000 0,000000 0,000000
971 1675562874 0,800000 -1,000000 -101,000000 0,000000 0,000000
971 1675562875 0,800000 -1,000000 -101,000000 0,000000 0,000000
971 1675562876 0,800000 -1,000000 -101,000000 0,000000 0,000000
971 1675562877 0,800000 -1,000000 -101,000000 0,000000 0,000000
971 1675562878 0,400000 -1,000000 -101,000000 0,000000 0,000000
971 1675562879 0,400000 -1,000000 -101,000000 0,000000 0,000000
971 1675562880 0,400000 -1,000000 -101,000000 0,000000 0,000000
971 1675562881 0,400000 -1,000000 -101,000000 0,000000 0,000000
971 1675562882 0,400000 -1,000000 -101,000000 0,000000 0,000000
971 1675562883 0,600000 -1,000000 -101,000000 0,000000 0,000000
971 1675562884 0,600000 -1,000000 -101,000000 0,000000 0,000000
971 1675562885 0,600000 -1,000000 -101,000000 0,000000 0,000000
971 1675562886 0,600000 -1,000000 -101,000000 0,000000 0,000000
971 1675562887 0,600000 -1,000000 -101,000000 0,000000 0,000000
971 1675562888 0,800000 -1,000000 -101,000000 0,000000 0,000000
971 1675562889 0,800000 -1,000000 -101,000000 0,000000 0,000000
971 1675562890 0,800000 -1,000000 -101,000000 0,000000 0,000000
971 1675562891 0,800000 -1,000000 -101,000000 0,000000 0,000000
971 1675562892 0,800000 -1,000000 -101,000000 0,000000 0,000000
971 1675562893 0,800000 -1,000000 -101,000000 0,000000 0,000000
971 1675562894 0,800000 -1,000000 -101,000000 0,000000 0,000000
971 1675562895 0,800000 -1,000000 -101,000000 0,000000 0,000000
971 1675562896 0,800000 -1,000000 -101,000000 0,000000 0,000000
971 1675562897 0,800000 -1,000000 -101,000000 0,000000 0,000000
971 1675562898 1,000000 -1,000000 -101,000000 0,000000 0,000000
971 1675562899 1,000000 -1,000000 -101,000000 0,000000 0,000000
971 1675562900 1,000000 -1,000000 -101,000000 0,000000 0,000000
971 1675562901 1,000000 -1,000000 -101,000000 0,000000 0,000000
971 1675562902 1,000000 -1,000000 -101,000000 0,000000 0,000000
971 1675562903 1,600000 -1,000000 -101,000000 0,000000 0,000000
971 1675562904 1,600000 -1,000000 -101,000000 0,000000 0,000000
971 1675562905 1,600000 -1,000000 -101,000000 0,000000 0,000000
971 1675562906 1,600000 -1,000000 -101,000000 0,000000 0,000000
971 1675562907 1,600000 -1,000000 -101,000000 0,000000 0,000000
971 1675562908 0,600000 -1,000000 -101,000000 0,000000 0,000000
971 1675562909 0,600000 -1,000000 -101,000000 0,000000 0,000000
971 1675562910 0,600000 -1,000000 -101,000000 0,000000 0,000000
971 1675562911 0,600000 -1,000000 -101,000000 0,000000 0,000000
971 1675562912 0,600000 -1,000000 -101,000000 0,000000 0,000000
971 1675562913 1,000000 -1,000000 -101,000000 0,000000 0,000000
971 1675562914 1,000000 -1,000000 -101,000000 0,000000 0,000000
971 1675562915 1,000000 -1,000000 -101,000000 0,000000 0,000000
971 1675562916 1,000000 -1,000000 -101,000000 0,000000 0,000000
971 1675562917 1,000000 -1,000000 -101,000000 0,000000 0,000000
971 1675562918 1,200000 -1,000000 -101,000000 0,000000 0,000000
971 1675562919 1,200000 -1,000000 -101,000000 0,000000 0,000000
971 1675562920 1,200000 -1,000000 -101,000000 0,000000 0,000000
971 1675562921 1,200000 -1,000000 -101,000000 0,000000 0,000000
971 1675562922 1,200000 -1,000000 -101,000000 0,000000 0,000000
971 1675562923 0,200000 -1,000000 -101,000000 0,000000 0,000000
971 1675562924 0,200000 -1,000000 -101,000000 0,000000 0,000000
971 1675562925 0,200000 -1,000000 -101,000000 0,000000 0,000000
971 1675562926 0,200000 -1,000000 -101,000000 0,000000 0,000000
971 1675562927 0,200000 -1,000000 -101,000000 0,000000 0,000000
971 1675562928 0,600000 -1,000000 -101,000000 0,000000 0,000000
971 1675562929 0,600000 -1,000000 -101,000000 0,000000 0,000000
971 1675562930 0,600000 -1,000000 -101,000000 0,000000 0,000000
971 1675562931 0,600000 -1,000000 -101,000000 0,000000 0,000000
971 1675562932 0,600000 -1,000000 -101,000000 0,000000 0,000000
971 1675562933 0,600000 -1,000000 -101,000000 0,000000 0,000000
971 1675562934 0,600000 -1,000000 -101,000000 0,000000 0,000000
971 1675562935 0,600000 -1,000000 -101,000000 0,000000 0,000000
971 1675562936 0,600000 -1,000000 -101,000000 0,000000 0,000000
971 1675562937 0,600000 -1,000000 -101,000000 0,000000 0,000000
971 1675562938 1,200000 -1,000000 -101,000000 0,000000 0,000000
971 1675562939 1,200000 -1,000000 -101,000000 0,000000 0,000000
971 1675562940 1,200000 -1,000000 -101,000000 0,000000 0,000000
971 1675562941 1,200000 -1,000000 -101,000000 0,000000 0,000000
971 1675562942 1,200000 -1,000000 -101,000000 0,000000 0,000000
971 1675562943 0,600000 -1,000000 -101,000000 0,000000 0,000000
971 1675562944 0,600000 -1,000000 -101,000000 0,000000 0,000000
971 1675562945 0,600000 -1,000000 -101,000000 0,000000 0,000000
971 1675562946 0,600000 -1,000000 -101,000000 0,000000 0,000000
971 1675562947 0,600000 -1,000000 -101,000000 0,000000 0,000000
971 1675562948 0,800000 -1,000000 -101,000000 0,000000 0,000000
971 1675562949 0,800000 -1,000000 -101,000000 0,000000 0,000000
971 1675562950 0,800000 -1,000000 -101,000000 0,000000 0,000000
971 1675562951 0,800000 -1,000000 -101,000000 0,000000 0,000000
971 1675562952 0,800000 -1,000000 -101,000000 0,000000 0,000000
971 1675562953 1,000000 -1,000000 -101,000000 0,000000 0,000000
971 1675562954 1,000000 -1,000000 -101,000000 0,000000 0,000000
971 1675562955 1,000000 -1,000000 -101,000000 0,000000 0,000000
971 1675562956 1,000000 -1,000000 -101,000000 0,000000 0,000000
971 1675562957 1,000000 -1,000000 -101,000000 0,000000 0,000000
971 1675562958 1,000000 -1,000000 -101,000000 0,000000 0,000000
971 1675562959 1,000000 -1,000000 -101,000000 0,000000 0,000000
971 1675562960 1,000000 -1,000000 -101,000000 0,000000 0,000000
971 1675562961 1,000000 -1,000000 -101,000000 0,000000 0,000000
971 1675562962 1,000000 -1,000000 -101,000000 0,000000 0,000000
971 1675562963 1,800000 -1,000000 -101,000000 0,000000 0,000000
971 1675562964 1,800000 -1,000000 -101,000000 0,000000 0,000000
971 1675562965 1,800000 -1,000000 -101,000000 0,000000 0,000000
971 1675562966 1,800000 -1,000000 -101,000000 0,000000 0,000000
971 1675562967 1,800000 -1,000000 -101,000000 0,000000 0,000000
971 1675562968 1,600000 -1,000000 -101,000000 0,000000 0,000000
971 1675562969 1,600000 -1,000000 -101,000000 0,000000 0,000000
971 1675562970 1,600000 -1,000000 -101,000000 0,000000 0,000000
971 1675562971 1,600000 -1,000000 -101,000000 0,000000 0,000000
971 1675562972 1,600000 -1,000000 -101,000000 0,000000 0,000000
971 1675562973 1,600000 -1,000000 -101,000000 0,000000 0,000000
971 1675562974 1,600000 -1,000000 -101,000000 0,000000 0,000000
971 1675562975 1,600000 -1,000000 -101,000000 0,000000 0,000000
971 1675562976 1,600000 -1,000000 -101,000000 0,000000 0,000000
971 1675562977 1,600000 -1,000000 -101,000000 0,000000 0,000000
971 1675562978 2,200000 -1,000000 -101,000000 0,000000 0,000000
971 1675562979 2,200000 -1,000000 -101,000000 0,000000 0,000000
971 1675562980 2,200000 -1,000000 -101,000000 0,000000 0,000000
971 1675562981 2,200000 -1,000000 -101,000000 0,000000 0,000000
971 1675562982 2,200000 -1,000000 -101,000000 0,000000 0,000000
971 1675562983 0,800000 -1,000000 -101,000000 0,000000 0,000000
971 1675562984 0,800000 -1,000000 -101,000000 0,000000 0,000000
971 1675562985 0,800000 -1,000000 -101,000000 0,000000 0,000000
971 1675562986 0,800000 -1,000000 -101,000000 0,000000 0,000000
971 1675562987 0,800000 -1,000000 -101,000000 0,000000 0,000000
971 1675562988 0,600000 -1,000000 -101,000000 0,000000 0,000000
971 1675562989 0,600000 -1,000000 -101,000000 0,000000 0,000000
971 1675562990 0,600000 -1,000000 -101,000000 0,000000 0,000000
971 1675562991 0,600000 -1,000000 -101,000000 0,000000 0,000000
971 1675562992 0,600000 -1,000000 -101,000000 0,000000 0,000000
971 1675562993 0,400000 -1,000000 -101,000000 0,000000 0,000000
971 1675562994 0,400000 -1,000000 -101,000000 0,000000 0,000000
971 1675562995 0,400000 -1,000000 -101,000000 0,000000 0,000000
971 1675562996 0,400000 -1,000000 -101,000000 0,000000 0,000000
971 1675562997 0,400000 -1,000000 -101,000000 0,000000 0,000000
971 1675562998 0,600000 -1,000000 -101,000000 0,000000 0,000000
971 1675562999 0,600000 -1,000000 -101,000000 0,000000 0,000000
971 1675563000 0,600000 -1,000000 -101,000000 0,000000 0,000000
971 1675563001 0,600000 -1,000000 -101,000000 0,000000 0,000000
971 1675563002 0,600000 -1,000000 -101,000000 0,000000 0,000000
971 1675563003 1,000000 -1,000000 -101,000000 0,000000 0,000000
971 1675563004 1,000000 -1,000000 -101,000000 0,000000 0,000000
971 1675563005 1,000000 -1,000000 -101,000000 0,000000 0,000000
971 1675563006 1,000000 -1,000000 -101,000000 0,000000 0,000000
971 1675563007 1,000000 -1,000000 -101,000000 0,000000 0,000000
971 1675563008 1,000000 -1,000000 -101,000000 0,000000 0,000000
971 1675563009 1,000000 -1,000000 -101,000000 0,000000 0,000000
971 1675563010 1,000000 -1,000000 -101,000000 0,000000 0,000000
971 1675563011 1,000000 -1,000000 -101,000000 0,000000 0,000000
971 1675563012 1,000000 -1,000000 -101,000000 0,000000 0,000000
971 1675563013 1,000000 -1,000000 -101,000000 0,000000 0,000000
971 1675563014 1,000000 -1,000000 -101,000000 0,000000 0,000000
971 1675563015 1,000000 -1,000000 -101,000000 0,000000 0,000000
971 1675563016 1,000000 -1,000000 -101,000000 0,000000 0,000000
971 1675563017 1,000000 -1,000000 -101,000000 0,000000 0,000000
971 1675563018 0,600000 -1,000000 -101,000000 0,000000 0,000000
971 1675563019 0,600000 -1,000000 -101,000000 0,000000 0,000000
971 1675563020 0,600000 -1,000000 -101,000000 0,000000 0,000000
971 1675563021 0,600000 -1,000000 -101,000000 0,000000 0,000000
971 1675563022 0,600000 -1,000000 -101,000000 0,000000 0,000000
971 1675563023 0,600000 -1,000000 -101,000000 0,000000 0,000000
971 1675563024 0,600000 -1,000000 -101,000000 0,000000 0,000000
971 1675563025 0,600000 -1,000000 -101,000000 0,000000 0,000000
971 1675563026 0,600000 -1,000000 -101,000000 0,000000 0,000000
971 1675563027 0,600000 -1,000000 -101,000000 0,000000 0,000000
971 1675563028 1,000000 -1,000000 -101,000000 0,000000 0,000000
971 1675563029 1,000000 -1,000000 -101,000000 0,000000 0,000000
971 1675563030 1,000000 -1,000000 -101,000000 0,000000 0,000000
971 1675563031 1,000000 -1,000000 -101,000000 0,000000 0,000000
971 1675563032 1,000000 -1,000000 -101,000000 0,000000 0,000000
971 1675563033 0,400000 -1,000000 -101,000000 0,000000 0,000000
971 1675563034 0,400000 -1,000000 -101,000000 0,000000 0,000000
971 1675563035 0,400000 -1,000000 -101,000000 0,000000 0,000000
971 1675563036 0,400000 -1,000000 -101,000000 0,000000 0,000000
971 1675563037 0,400000 -1,000000 -101,000000 0,000000 0,000000
971 1675563038 1,200000 -1,000000 -101,000000 0,000000 0,000000
971 1675563039 1,200000 -1,000000 -101,000000 0,000000 0,000000
971 1675563040 1,200000 -1,000000 -101,000000 0,000000 0,000000
971 1675563041 1,200000 -1,000000 -101,000000 0,000000 0,000000
971 1675563042 1,200000 -1,000000 -101,000000 0,000000 0,000000
971 1675563043 1,000000 -1,000000 -101,000000 0,000000 0,000000
971 1675563044 1,000000 -1,000000 -101,000000 0,000000 0,000000
971 1675563045 1,000000 -1,000000 -101,000000 0,000000 0,000000
971 1675563046 1,000000 -1,000000 -101,000000 0,000000 0,000000
971 1675563047 1,000000 -1,000000 -101,000000 0,000000 0,000000
971 1675563048 1,200000 -1,000000 -101,000000 0,000000 0,000000
971 1675563049 1,200000 -1,000000 -101,000000 0,000000 0,000000
971 1675563050 1,200000 -1,000000 -101,000000 0,000000 0,000000
971 1675563051 1,200000 -1,000000 -101,000000 0,000000 0,000000
971 1675563052 1,200000 -1,000000 -101,000000 0,000000 0,000000
971 1675563053 1,200000 -1,000000 -101,000000 0,000000 0,000000
971 1675563054 1,200000 -1,000000 -101,000000 0,000000 0,000000
971 1675563055 1,200000 -1,000000 -101,000000 0,000000 0,000000
971 1675563056 1,200000 -1,000000 -101,000000 0,000000 0,000000
971 1675563057 1,200000 -1,000000 -101,000000 0,000000 0,000000
971 1675563058 0,800000 -1,000000 -101,000000 0,000000 0,000000
971 1675563059 0,800000 -1,000000 -101,000000 0,000000 0,000000
971 1675563060 0,800000 -1,000000 -101,000000 0,000000 0,000000
971 1675563061 0,800000 -1,000000 -101,000000 0,000000 0,000000
971 1675563062 0,800000 -1,000000 -101,000000 0,000000 0,000000
971 1675563063 1,600000 -1,000000 -101,000000 0,000000 0,000000
971 1675563064 1,600000 -1,000000 -101,000000 0,000000 0,000000
971 1675563065 1,600000 -1,000000 -101,000000 0,000000 0,000000
971 1675563066 1,600000 -1,000000 -101,000000 0,000000 0,000000
971 1675563067 1,600000 -1,000000 -101,000000 0,000000 0,000000
971 1675563068 0,800000 -1,000000 -101,000000 0,000000 0,000000
971 1675563069 0,800000 -1,000000 -101,000000 0,000000 0,000000
971 1675563070 0,800000 -1,000000 -101,000000 0,000000 0,000000
971 1675563071 0,800000 -1,000000 -101,000000 0,000000 0,000000
971 1675563072 0,800000 -1,000000 -101,000000 0,000000 0,000000
971 1675563073 1,400000 -1,000000 -101,000000 0,000000 0,000000
971 1675563074 1,400000 -1,000000 -101,000000 0,000000 0,000000
