993 1675561624 0,000000 0,000000 -101,000000 0,000000 0,000000
993 1675561625 0,000000 0,000000 -101,000000 0,000000 0,000000
993 1675561626 0,000000 0,000000 -101,000000 0,000000 0,000000
993 1675561627 0,000000 0,000000 -101,000000 0,000000 0,000000
993 1675561628 0,000000 0,000000 -101,000000 0,000000 0,000000
993 1675561629 0,000000 0,000000 -101,000000 0,000000 0,000000
993 1675561630 0,000000 0,000000 -101,000000 0,000000 0,000000
993 1675561631 0,000000 0,000000 -101,000000 0,000000 0,000000
993 1675561632 0,000000 0,000000 -101,000000 0,000000 0,000000
993 1675561633 3,000000 0,200000 0,600000 0,600000 -20,200000
993 1675561634 3,000000 0,200000 1,200000 1,200000 -20,200000
993 1675561635 3,000000 0,200000 1,800000 1,800000 -20,200000
993 1675561636 3,000000 0,200000 2,400000 2,400000 -20,200000
993 1675561637 3,000000 0,200000 3,000000 3,000000 -20,200000
993 1675561638 1,500000 0,400000 3,600000 3,600000 -20,200000
993 1675561639 1,500000 0,400000 4,200000 4,200000 -20,200000
993 1675561640 1,500000 0,400000 4,800000 4,800000 -20,200000
993 1675561641 1,500000 0,400000 5,400000 5,400000 -20,200000
993 1675561642 1,500000 0,400000 6,000000 6,000000 -20,200000
993 1675561643 -0,666667 0,600000 5,600000 5,600000 -20,200000
993 1675561644 -0,666667 0,600000 5,200000 5,200000 -20,200000
993 1675561645 -0,666667 0,600000 4,800000 4,800000 -20,200000
993 1675561646 -0,666667 0,600000 4,400000 4,400000 -20,200000
993 1675561647 -0,666667 0,600000 4,000000 4,000000 -20,200000
993 1675561648 0,750000 0,800000 4,600000 4,600000 -20,200000
993 1675561649 0,750000 0,800000 5,200000 5,200000 -20,200000
993 1675561650 0,750000 0,800000 5,800000 5,800000 -20,200000
993 1675561651 0,750000 0,800000 6,400000 6,400000 -20,200000
993 1675561652 0,750000 0,800000 7,000000 7,000000 -20,200000
993 1675561653 -0,500000 1,200000 6,400000 6,400000 -20,200000
993 1675561654 -0,500000 1,200000 5,800000 5,800000 -20,200000
993 1675561655 -0,500000 1,200000 5,200000 5,200000 -20,200000
993 1675561656 -0,500000 1,200000 4,600000 4,600000 -20,200000
993 1675561657 -0,500000 1,200000 4,000000 4,000000 -20,200000
993 1675561658 0,333333 1,800000 4,600000 4,600000 -20,200000
993 1675561659 0,333333 1,800000 5,200000 5,200000 -20,200000
993 1675561660 0,333333 1,800000 5,800000 5,800000 -20,200000
993 1675561661 0,333333 1,800000 6,400000 6,400000 -20,200000
993 1675561662 0,333333 1,800000 7,000000 7,000000 -20,200000
993 1675561663 0,363636 2,200000 7,800000 7,800000 -20,200000
993 1675561664 0,363636 2,200000 8,600000 8,600000 -20,200000
993 1675561665 0,363636 2,200000 9,400000 9,400000 -20,200000
993 1675561666 0,363636 2,200000 10,200000 10,200000 -20,200000
993 1675561667 0,363636 2,200000 11,000000 11,000000 -20,200000
993 1675561668 0,142857 2,800000 11,400000 11,400000 -20,200000
993 1675561669 0,142857 2,800000 11,800000 11,800000 -20,200000
993 1675561670 0,142857 2,800000 12,200000 12,200000 -20,200000
993 1675561671 0,142857 2,800000 12,600000 12,600000 -20,200000
993 1675561672 0,142857 2,800000 13,000000 13,000000 -20,200000
993 1675561673 -0,187500 3,200000 12,400000 12,400000 -20,200000
993 1675561674 -0,187500 3,200000 11,800000 11,800000 -20,200000
993 1675561675 -0,187500 3,200000 11,200000 11,200000 -20,200000
993 1675561676 -0,187500 3,200000 10,600000 10,600000 -20,200000
993 1675561677 -0,187500 3,200000 10,000000 10,000000 -20,200000
993 1675561678 0,176471 3,400000 10,600000 10,600000 -20,200000
993 1675561679 0,176471 3,400000 11,200000 11,200000 -20,200000
993 1675561680 0,176471 3,400000 11,800000 11,800000 -20,200000
993 1675561681 0,176471 3,400000 12,400000 12,400000 -20,200000
993 1675561682 0,176471 3,400000 13,000000 13,000000 -20,200000
993 1675561683 0,166667 3,600000 13,600000 13,600000 -20,200000
993 1675561684 0,166667 3,600000 14,200000 14,200000 -20,200000
993 1675561685 0,166667 3,600000 14,800000 14,800000 -20,200000
993 1675561686 0,166667 3,600000 15,400000 15,400000 -20,200000
993 1675561687 0,166667 3,600000 16,000000 16,000000 -20,200000
993 1675561688 -0,105263 3,800000 15,600000 15,600000 -20,200000
993 1675561689 -0,105263 3,800000 15,200000 15,200000 -20,200000
993 1675561690 -0,105263 3,800000 14,800000 14,800000 -20,200000
993 1675561691 -0,105263 3,800000 14,400000 14,400000 -20,200000
993 1675561692 -0,105263 3,800000 14,000000 14,000000 -20,200000
993 1675561693 0,045455 4,400000 14,200000 14,200000 -20,200000
993 1675561694 0,045455 4,400000 14,400000 14,400000 -20,200000
993 1675561695 0,045455 4,400000 14,600000 14,600000 -20,200000
993 1675561696 0,045455 4,400000 14,800000 14,800000 -20,200000
993 1675561697 0,045455 4,400000 15,000000 15,000000 -20,200000
993 1675561698 0,160000 5,000000 15,800000 15,800000 -20,200000
993 1675561699 0,160000 5,000000 16,600000 16,600000 -20,200000
993 1675561700 0,160000 5,000000 17,400000 17,400000 -20,200000
993 1675561701 0,160000 5,000000 18,200000 18,200000 -20,200000
993 1675561702 0,160000 5,000000 19,000000 19,000000 -20,200000
993 1675561703 -0,076923 5,200000 18,600000 18,600000 -20,200000
993 1675561704 -0,076923 5,200000 18,200000 18,200000 -20,200000
993 1675561705 -0,076923 5,200000 17,800000 17,800000 -20,200000
993 1675561706 -0,076923 5,200000 17,400000 17,400000 -20,200000
993 1675561707 -0,076923 5,200000 17,000000 17,000000 -20,200000
993 1675561708 0,035714 5,600000 17,200000 17,200000 -20,200000
993 1675561709 0,035714 5,600000 17,400000 17,400000 -20,200000
993 1675561710 0,035714 5,600000 17,600000 17,600000 -20,200000
993 1675561711 0,035714 5,600000 17,800000 17,800000 -20,200000
993 1675561712 0,035714 5,600000 18,000000 18,000000 -20,200000
993 1675561713 0,000000 6,000000 18,000000 18,000000 -20,200000
993 1675561714 0,000000 6,000000 18,000000 18,000000 -20,200000
993 1675561715 0,000000 6,000000 18,000000 18,000000 -20,200000
993 1675561716 0,000000 6,000000 18,000000 18,000000 -20,200000
993 1675561717 0,000000 6,000000 18,000000 18,000000 -20,200000
993 1675561718 -0,090909 6,600000 17,400000 17,400000 -20,200000
993 1675561719 -0,090909 6,600000 16,800000 16,800000 -20,200000
993 1675561720 -0,090909 6,600000 16,200000 16,200000 -20,200000
993 1675561721 -0,090909 6,600000 15,600000 15,600000 -20,200000
993 1675561722 -0,090909 6,600000 15,000000 15,000000 -20,200000
993 1675561723 0,081081 7,400000 15,600000 15,600000 -20,200000
993 1675561724 0,081081 7,400000 16,200000 16,200000 -20,200000
993 1675561725 0,081081 7,400000 16,800000 16,800000 -20,200000
993 1675561726 0,081081 7,400000 17,400000 17,400000 -20,200000
993 1675561727 0,081081 7,400000 18,000000 18,000000 -20,200000
993 1675561728 0,000000 8,600000 18,000000 18,000000 -20,200000
993 1675561729 0,000000 8,600000 18,000000 18,000000 -20,200000
993 1675561730 0,000000 8,600000 18,000000 18,000000 -20,200000
993 1675561731 0,000000 8,600000 18,000000 18,000000 -20,200000
993 1675561732 0,000000 8,600000 18,000000 18,000000 -20,200000
993 1675561733 0,000000 9,200000 18,000000 18,000000 -20,200000
993 1675561734 0,000000 9,200000 18,000000 18,000000 -20,200000
993 1675561735 0,000000 9,200000 18,000000 18,000000 -20,200000
993 1675561736 0,000000 9,200000 18,000000 18,000000 -20,200000
993 1675561737 0,000000 9,200000 18,000000 18,000000 -20,200000
993 1675561738 0,083333 9,600000 18,800000 18,800000 -20,200000
993 1675561739 0,083333 9,600000 19,600000 19,600000 -20,200000
993 1675561740 0,083333 9,600000 20,400000 20,400000 -20,200000
993 1675561741 0,083333 9,600000 21,200000 21,200000 -20,200000
993 1675561742 0,083333 9,600000 22,000000 22,000000 -20,200000
993 1675561743 0,000000 9,800000 22,000000 22,000000 -20,200000
993 1675561744 0,000000 9,800000 22,000000 22,000000 -20,200000
993 1675561745 0,000000 9,800000 22,000000 22,000000 -20,200000
993 1675561746 0,000000 9,800000 22,000000 22,000000 -20,200000
993 1675561747 0,000000 9,800000 22,000000 22,000000 -20,200000
993 1675561748 0,058824 10,200000 22,600000 22,600000 -20,200000
993 1675561749 0,058824 10,200000 23,200000 23,200000 -20,200000
993 1675561750 0,058824 10,200000 23,800000 23,800000 -20,200000
993 1675561751 0,058824 10,200000 24,400000 24,400000 -20,200000
993 1675561752 0,058824 10,200000 25,000000 25,000000 -20,200000
993 1675561753 0,075472 10,600000 25,800000 25,800000 -20,200000
993 1675561754 0,075472 10,600000 26,600000 26,600000 -20,200000
993 1675561755 0,075472 10,600000 27,400000 27,400000 -20,200000
993 1675561756 0,075472 10,600000 28,200000 28,200000 -20,200000
993 1675561757 0,075472 10,600000 29,000000 29,000000 -20,200000
993 1675561758 0,125000 11,200000 30,400000 30,400000 -20,200000
993 1675561759 0,125000 11,200000 31,800000 31,800000 -20,200000
993 1675561760 0,125000 11,200000 33,200000 33,200000 -20,200000
993 1675561761 0,125000 11,200000 34,600000 34,600000 -20,200000
993 1675561762 0,125000 11,200000 36,000000 36,000000 -20,200000
993 1675561763 -0,049180 12,200000 35,400000 35,400000 -20,200000
993 1675561764 -0,049180 12,200000 34,800000 34,800000 -20,200000
993 1675561765 -0,049180 12,200000 34,200000 34,200000 -20,200000
993 1675561766 -0,049180 12,200000 33,600000 33,600000 -20,200000
993 1675561767 -0,049180 12,200000 33,000000 33,000000 -20,200000
993 1675561768 0,015385 13,000000 33,200000 33,200000 -20,200000
993 1675561769 0,015385 13,000000 33,400000 33,400000 -20,200000
993 1675561770 0,015385 13,000000 33,600000 33,600000 -20,200000
993 1675561771 0,015385 13,000000 33,800000 33,800000 -20,200000
993 1675561772 0,015385 13,000000 34,000000 34,000000 -20,200000
993 1675561773 -0,072464 13,800000 33,000000 33,000000 -20,200000
993 1675561774 -0,072464 13,800000 32,000000 32,000000 -20,200000
993 1675561775 -0,072464 13,800000 31,000000 31,000000 -20,200000
993 1675561776 -0,072464 13,800000 30,000000 30,000000 -20,200000
993 1675561777 -0,072464 13,800000 29,000000 29,000000 -20,200000
993 1675561778 -0,014085 14,200000 28,800000 28,800000 -20,200000
993 1675561779 -0,014085 14,200000 28,600000 28,600000 -20,200000
993 1675561780 -0,014085 14,200000 28,400000 28,400000 -20,200000
993 1675561781 -0,014085 14,200000 28,200000 28,200000 -20,200000
993 1675561782 -0,014085 14,200000 28,000000 28,000000 -20,200000
993 1675561783 -0,013514 14,800000 27,800000 27,800000 -20,200000
993 1675561784 -0,013514 14,800000 27,600000 27,600000 -20,200000
993 1675561785 -0,013514 14,800000 27,400000 27,400000 -20,200000
993 1675561786 -0,013514 14,800000 27,200000 27,200000 -20,200000
993 1675561787 -0,013514 14,800000 27,000000 27,000000 -20,200000
993 1675561788 0,025974 15,400000 27,400000 27,400000 -20,200000
993 1675561789 0,025974 15,400000 27,800000 27,800000 -20,200000
993 1675561790 0,025974 15,400000 28,200000 28,200000 -20,200000
993 1675561791 0,025974 15,400000 28,600000 28,600000 -20,200000
993 1675561792 0,025974 15,400000 29,000000 29,000000 -20,200000
993 1675561793 -0,012346 16,200000 28,800000 28,800000 -20,200000
993 1675561794 -0,012346 16,200000 28,600000 28,600000 -20,200000
993 1675561795 -0,012346 16,200000 28,400000 28,400000 -20,200000
993 1675561796 -0,012346 16,200000 28,200000 28,200000 -20,200000
993 1675561797 -0,012346 16,200000 28,000000 28,000000 -20,200000
993 1675561798 0,000000 17,000000 28,000000 28,000000 -20,200000
993 1675561799 0,000000 17,000000 28,000000 28,000000 -20,200000
993 1675561800 0,000000 17,000000 28,000000 28,000000 -20,200000
993 1675561801 0,000000 17,000000 28,000000 28,000000 -20,200000
993 1675561802 0,000000 17,000000 28,000000 28,000000 -20,200000
993 1675561803 -0,022989 17,400000 27,600000 27,600000 -20,200000
993 1675561804 -0,022989 17,400000 27,200000 27,200000 -20,200000
993 1675561805 -0,022989 17,400000 26,800000 26,800000 -20,200000
993 1675561806 -0,022989 17,400000 26,400000 26,400000 -20,200000
993 1675561807 -0,022989 17,400000 26,000000 26,000000 -20,200000
993 1675561808 0,000000 18,000000 26,000000 26,000000 -20,200000
993 1675561809 0,000000 18,000000 26,000000 26,000000 -20,200000
993 1675561810 0,000000 18,000000 26,000000 26,000000 -20,200000
993 1675561811 0,000000 18,000000 26,000000 26,000000 -20,200000
993 1675561812 0,000000 18,000000 26,000000 26,000000 -20,200000
993 1675561813 -0,021739 18,400000 25,600000 25,600000 -20,200000
993 1675561814 -0,021739 18,400000 25,200000 25,200000 -20,200000
993 1675561815 -0,021739 18,400000 24,800000 24,800000 -20,200000
993 1675561816 -0,021739 18,400000 24,400000 24,400000 -20,200000
993 1675561817 -0,021739 18,400000 24,000000 24,000000 -20,200000
993 1675561818 0,031579 19,000000 24,600000 24,600000 -20,200000
993 1675561819 0,031579 19,000000 25,200000 25,200000 -20,200000
993 1675561820 0,031579 19,000000 25,800000 25,800000 -20,200000
993 1675561821 0,031579 19,000000 26,400000 26,400000 -20,200000
993 1675561822 0,031579 19,000000 27,000000 27,000000 -20,200000
993 1675561823 0,080808 19,800000 28,600000 28,600000 -20,200000
993 1675561824 0,080808 19,800000 30,200000 30,200000 -20,200000
993 1675561825 0,080808 19,800000 31,800000 31,800000 -20,200000
993 1675561826 0,080808 19,800000 33,400000 33,400000 -20,200000
993 1675561827 0,080808 19,800000 35,000000 35,000000 -20,200000
993 1675561828 -0,009709 20,600000 34,800000 34,800000 -20,200000
993 1675561829 -0,009709 20,600000 34,600000 34,600000 -20,200000
993 1675561830 -0,009709 20,600000 34,400000 34,400000 -20,200000
993 1675561831 -0,009709 20,600000 34,200000 34,200000 -20,200000
993 1675561832 -0,009709 20,600000 34,000000 34,000000 -20,200000
993 1675561833 -0,009259 21,600000 33,800000 33,800000 -20,200000
993 1675561834 -0,009259 21,600000 33,600000 33,600000 -20,200000
993 1675561835 -0,009259 21,600000 33,400000 33,400000 -20,200000
993 1675561836 -0,009259 21,600000 33,200000 33,200000 -20,200000
993 1675561837 -0,009259 21,600000 33,000000 33,000000 -20,200000
993 1675561838 0,009091 22,000000 33,200000 33,200000 -20,200000
993 1675561839 0,009091 22,000000 33,400000 33,400000 -20,200000
993 1675561840 0,009091 22,000000 33,600000 33,600000 -20,200000
993 1675561841 0,009091 22,000000 33,800000 33,800000 -20,200000
993 1675561842 0,009091 22,000000 34,000000 34,000000 -20,200000
993 1675561843 -0,017544 22,800000 33,600000 33,600000 -20,200000
993 1675561844 -0,017544 22,800000 33,200000 33,200000 -20,200000
993 1675561845 -0,017544 22,800000 32,800000 32,800000 -20,200000
993 1675561846 -0,017544 22,800000 32,400000 32,400000 -20,200000
993 1675561847 -0,017544 22,800000 32,000000 32,000000 -20,200000
993 1675561848 -0,033613 23,800000 31,200000 31,200000 -20,200000
993 1675561849 -0,033613 23,800000 30,400000 30,400000 -20,200000
993 1675561850 -0,033613 23,800000 29,600000 29,600000 -20,200000
993 1675561851 -0,033613 23,800000 28,800000 28,800000 -20,200000
993 1675561852 -0,033613 23,800000 28,000000 28,000000 -20,200000
993 1675561853 0,008197 24,400000 28,200000 28,200000 -20,200000
993 1675561854 0,008197 24,400000 28,400000 28,400000 -20,200000
993 1675561855 0,008197 24,400000 28,600000 28,600000 -20,200000
993 1675561856 0,008197 24,400000 28,800000 28,800000 -20,200000
993 1675561857 0,008197 24,400000 29,000000 29,000000 -20,200000
993 1675561858 0,040000 25,000000 30,000000 30,000000 -20,200000
993 1675561859 0,040000 25,000000 31,000000 31,000000 -20,200000
993 1675561860 0,040000 25,000000 32,000000 32,000000 -20,200000
993 1675561861 0,040000 25,000000 33,000000 33,000000 -20,200000
993 1675561862 0,040000 25,000000 34,000000 34,000000 -20,200000
993 1675561863 0,000000 26,200000 34,000000 34,000000 -20,200000
993 1675561864 0,000000 26,200000 34,000000 34,000000 -20,200000
993 1675561865 0,000000 26,200000 34,000000 34,000000 -20,200000
993 1675561866 0,000000 26,200000 34,000000 34,000000 -20,200000
993 1675561867 0,000000 26,200000 34,000000 34,000000 -20,200000
993 1675561868 0,000000 27,000000 34,000000 34,000000 -20,200000
993 1675561869 0,000000 27,000000 34,000000 34,000000 -20,200000
993 1675561870 0,000000 27,000000 34,000000 34,000000 -20,200000
993 1675561871 0,000000 27,000000 34,000000 34,000000 -20,200000
993 1675561872 0,000000 27,000000 34,000000 34,000000 -20,200000
993 1675561873 -0,035971 27,800000 33,000000 33,000000 -20,200000
993 1675561874 -0,035971 27,800000 32,000000 32,000000 -20,200000
993 1675561875 -0,035971 27,800000 31,000000 31,000000 -20,200000
993 1675561876 -0,035971 27,800000 30,000000 30,000000 -20,200000
993 1675561877 -0,035971 27,800000 29,000000 29,000000 -20,200000
993 1675561878 -0,007042 28,400000 28,800000 28,800000 -20,200000
993 1675561879 -0,007042 28,400000 28,600000 28,600000 -20,200000
993 1675561880 -0,007042 28,400000 28,400000 28,400000 -20,200000
993 1675561881 -0,007042 28,400000 28,200000 28,200000 -20,200000
993 1675561882 -0,007042 28,400000 28,000000 28,000000 -20,200000
993 1675561883 0,013699 29,200000 28,400000 28,400000 -20,200000
993 1675561884 0,013699 29,200000 28,800000 28,800000 -20,200000
993 1675561885 0,013699 29,200000 29,200000 29,200000 -20,200000
993 1675561886 0,013699 29,200000 29,600000 29,600000 -20,200000
993 1675561887 0,013699 29,200000 30,000000 30,000000 -20,200000
993 1675561888 0,020000 30,000000 30,600000 30,600000 -20,200000
993 1675561889 0,020000 30,000000 31,200000 31,200000 -20,200000
993 1675561890 0,020000 30,000000 31,800000 31,800000 -20,200000
993 1675561891 0,020000 30,000000 32,400000 32,400000 -20,200000
993 1675561892 0,020000 30,000000 33,000000 33,000000 -20,200000
993 1675561893 -0,019481 30,800000 32,400000 32,400000 -20,200000
993 1675561894 -0,019481 30,800000 31,800000 31,800000 -20,200000
993 1675561895 -0,019481 30,800000 31,200000 31,200000 -20,200000
993 1675561896 -0,019481 30,800000 30,600000 30,600000 -20,200000
993 1675561897 -0,019481 30,800000 30,000000 30,000000 -20,200000
993 1675561898 -0,025316 31,600000 29,200000 29,200000 -20,200000
993 1675561899 -0,025316 31,600000 28,400000 28,400000 -20,200000
993 1675561900 -0,025316 31,600000 27,600000 27,600000 -20,200000
993 1675561901 -0,025316 31,600000 26,800000 26,800000 -20,200000
993 1675561902 -0,025316 31,600000 26,000000 26,000000 -20,200000
993 1675561903 0,000000 32,000000 26,000000 26,000000 -20,200000
993 1675561904 0,000000 32,000000 26,000000 26,000000 -20,200000
993 1675561905 0,000000 32,000000 26,000000 26,000000 -20,200000
993 1675561906 0,000000 32,000000 26,000000 26,000000 -20,200000
993 1675561907 0,000000 32,000000 26,000000 26,000000 -20,200000
993 1675561908 -0,018182 33,000000 25,400000 25,400000 -20,200000
993 1675561909 -0,018182 33,000000 24,800000 24,800000 -20,200000
993 1675561910 -0,018182 33,000000 24,200000 24,200000 -20,200000
993 1675561911 -0,018182 33,000000 23,600000 23,600000 -20,200000
993 1675561912 -0,018182 33,000000 23,000000 23,000000 -20,200000
993 1675561913 0,017647 34,000000 23,600000 23,600000 -20,200000
993 1675561914 0,017647 34,000000 24,200000 24,200000 -20,200000
993 1675561915 0,017647 34,000000 24,800000 24,800000 -20,200000
993 1675561916 0,017647 34,000000 25,400000 25,400000 -20,200000
993 1675561917 0,017647 34,000000 26,000000 26,000000 -20,200000
993 1675561918 -0,005814 34,400000 25,800000 25,800000 -20,200000
993 1675561919 -0,005814 34,400000 25,600000 25,600000 -20,200000
993 1675561920 -0,005814 34,400000 25,400000 25,400000 -20,200000
993 1675561921 -0,005814 34,400000 25,200000 25,200000 -20,200000
993 1675561922 -0,005814 34,400000 25,000000 25,000000 -20,200000
993 1675561923 -0,017143 35,000000 24,400000 24,400000 -20,200000
993 1675561924 -0,017143 35,000000 23,800000 23,800000 -20,200000
993 1675561925 -0,017143 35,000000 23,200000 23,200000 -20,200000
993 1675561926 -0,017143 35,000000 22,600000 22,600000 -20,200000
993 1675561927 -0,017143 35,000000 22,000000 22,000000 -20,200000
993 1675561928 0,005682 35,200000 22,200000 22,200000 -20,200000
993 1675561929 0,005682 35,200000 22,400000 22,400000 -20,200000
993 1675561930 0,005682 35,200000 22,600000 22,600000 -20,200000
993 1675561931 0,005682 35,200000 22,800000 22,800000 -20,200000
993 1675561932 0,005682 35,200000 23,000000 23,000000 -20,200000
993 1675561933 0,005650 35,400000 23,200000 23,200000 -20,200000
993 1675561934 0,005650 35,400000 23,400000 23,400000 -20,200000
993 1675561935 0,005650 35,400000 23,600000 23,600000 -20,200000
993 1675561936 0,005650 35,400000 23,800000 23,800000 -20,200000
993 1675561937 0,005650 35,400000 24,000000 24,000000 -20,200000
993 1675561938 0,016854 35,600000 24,600000 24,600000 -20,200000
993 1675561939 0,016854 35,600000 25,200000 25,200000 -20,200000
993 1675561940 0,016854 35,600000 25,800000 25,800000 -20,200000
993 1675561941 0,016854 35,600000 26,400000 26,400000 -20,200000
993 1675561942 0,016854 35,600000 27,000000 27,000000 -20,200000
993 1675561943 -0,010870 36,800000 26,600000 26,600000 -20,200000
993 1675561944 -0,010870 36,800000 26,200000 26,200000 -20,200000
993 1675561945 -0,010870 36,800000 25,800000 25,800000 -20,200000
993 1675561946 -0,010870 36,800000 25,400000 25,400000 -20,200000
993 1675561947 -0,010870 36,800000 25,000000 25,000000 -20,200000
993 1675561948 0,010526 38,000000 25,400000 25,400000 -20,200000
993 1675561949 0,010526 38,000000 25,800000 25,800000 -20,200000
993 1675561950 0,010526 38,000000 26,200000 26,200000 -20,200000
993 1675561951 0,010526 38,000000 26,600000 26,600000 -20,200000
993 1675561952 0,010526 38,000000 27,000000 27,000000 -20,200000
993 1675561953 -0,005128 39,000000 26,800000 26,800000 -20,200000
993 1675561954 -0,005128 39,000000 26,600000 26,600000 -20,200000
993 1675561955 -0,005128 39,000000 26,400000 26,400000 -20,200000
993 1675561956 -0,005128 39,000000 26,200000 26,200000 -20,200000
993 1675561957 -0,005128 39,000000 26,000000 26,000000 -20,200000
993 1675561958 0,019900 40,200000 26,800000 26,800000 -20,200000
993 1675561959 0,019900 40,200000 27,600000 27,600000 -20,200000
993 1675561960 0,019900 40,200000 28,400000 28,400000 -20,200000
993 1675561961 0,019900 40,200000 29,200000 29,200000 -20,200000
993 1675561962 0,019900 40,200000 30,000000 30,000000 -20,200000
993 1675561963 -0,019417 41,200000 29,200000 29,200000 -20,200000
993 1675561964 -0,019417 41,200000 28,400000 28,400000 -20,200000
993 1675561965 -0,019417 41,200000 27,600000 27,600000 -20,200000
993 1675561966 -0,019417 41,200000 26,800000 26,800000 -20,200000
993 1675561967 -0,019417 41,200000 26,000000 26,000000 -20,200000
993 1675561968 0,000000 41,800000 26,000000 26,000000 -20,200000
993 1675561969 0,000000 41,800000 26,000000 26,000000 -20,200000
993 1675561970 0,000000 41,800000 26,000000 26,000000 -20,200000
993 1675561971 0,000000 41,800000 26,000000 26,000000 -20,200000
993 1675561972 0,000000 41,800000 26,000000 26,000000 -20,200000
993 1675561973 -0,023697 42,200000 25,000000 25,000000 -20,200000
993 1675561974 -0,023697 42,200000 24,000000 24,000000 -20,200000
993 1675561975 -0,023697 42,200000 23,000000 23,000000 -20,200000
993 1675561976 -0,023697 42,200000 22,000000 22,000000 -20,200000
993 1675561977 -0,023697 42,200000 21,000000 21,000000 -20,200000
993 1675561978 0,004717 42,400000 21,200000 21,200000 -20,200000
993 1675561979 0,004717 42,400000 21,400000 21,400000 -20,200000
993 1675561980 0,004717 42,400000 21,600000 21,600000 -20,200000
993 1675561981 0,004717 42,400000 21,800000 21,800000 -20,200000
993 1675561982 0,004717 42,400000 22,000000 22,000000 -20,200000
993 1675561983 0,009346 42,800000 22,400000 22,400000 -20,200000
993 1675561984 0,009346 42,800000 22,800000 22,800000 -20,200000
993 1675561985 0,009346 42,800000 23,200000 23,200000 -20,200000
993 1675561986 0,009346 42,800000 23,600000 23,600000 -20,200000
993 1675561987 0,009346 42,800000 24,000000 24,000000 -20,200000
993 1675561988 0,009259 43,200000 24,400000 24,400000 -20,200000
993 1675561989 0,009259 43,200000 24,800000 24,800000 -20,200000
993 1675561990 0,009259 43,200000 25,200000 25,200000 -20,200000
993 1675561991 0,009259 43,200000 25,600000 25,600000 -20,200000
993 1675561992 0,009259 43,200000 26,000000 26,000000 -20,200000
993 1675561993 -0,009217 43,400000 25,600000 25,600000 -20,200000
993 1675561994 -0,009217 43,400000 25,200000 25,200000 -20,200000
993 1675561995 -0,009217 43,400000 24,800000 24,800000 -20,200000
993 1675561996 -0,009217 43,400000 24,400000 24,400000 -20,200000
993 1675561997 -0,009217 43,400000 24,000000 24,000000 -20,200000
993 1675561998 -0,013761 43,600000 23,400000 23,400000 -20,200000
993 1675561999 -0,013761 43,600000 22,800000 22,800000 -20,200000
993 1675562000 -0,013761 43,600000 22,200000 22,200000 -20,200000
993 1675562001 -0,013761 43,600000 21,600000 21,600000 -20,200000
993 1675562002 -0,013761 43,600000 21,000000 21,000000 -20,200000
993 1675562003 0,004566 43,800000 21,200000 21,200000 -20,200000
993 1675562004 0,004566 43,800000 21,400000 21,400000 -20,200000
993 1675562005 0,004566 43,800000 21,600000 21,600000 -20,200000
993 1675562006 0,004566 43,800000 21,800000 21,800000 -20,200000
993 1675562007 0,004566 43,800000 22,000000 22,000000 -20,200000
993 1675562008 0,004545 44,000000 22,200000 22,200000 -20,200000
993 1675562009 0,004545 44,000000 22,400000 22,400000 -20,200000
993 1675562010 0,004545 44,000000 22,600000 22,600000 -20,200000
993 1675562011 0,004545 44,000000 22,800000 22,800000 -20,200000
993 1675562012 0,004545 44,000000 23,000000 23,000000 -20,200000
993 1675562013 0,013575 44,200000 23,600000 23,600000 -20,200000
993 1675562014 0,013575 44,200000 24,200000 24,200000 -20,200000
993 1675562015 0,013575 44,200000 24,800000 24,800000 -20,200000
993 1675562016 0,013575 44,200000 25,400000 25,400000 -20,200000
993 1675562017 0,013575 44,200000 26,000000 26,000000 -20,200000
993 1675562018 -0,008889 45,000000 25,600000 25,600000 -20,200000
993 1675562019 -0,008889 45,000000 25,200000 25,200000 -20,200000
993 1675562020 -0,008889 45,000000 24,800000 24,800000 -20,200000
993 1675562021 -0,008889 45,000000 24,400000 24,400000 -20,200000
993 1675562022 -0,008889 45,000000 24,000000 24,000000 -20,200000
993 1675562023 0,021834 45,800000 25,000000 25,000000 -20,200000
993 1675562024 0,021834 45,800000 26,000000 26,000000 -20,200000
993 1675562025 0,021834 45,800000 27,000000 27,000000 -20,200000
993 1675562026 0,021834 45,800000 28,000000 28,000000 -20,200000
993 1675562027 0,021834 45,800000 29,000000 29,000000 -20,200000
993 1675562028 -0,017167 46,600000 28,200000 28,200000 -20,200000
993 1675562029 -0,017167 46,600000 27,400000 27,400000 -20,200000
993 1675562030 -0,017167 46,600000 26,600000 26,600000 -20,200000
993 1675562031 -0,017167 46,600000 25,800000 25,800000 -20,200000
993 1675562032 -0,017167 46,600000 25,000000 25,000000 -20,200000
993 1675562033 -0,008439 47,400000 24,600000 24,600000 -20,200000
993 1675562034 -0,008439 47,400000 24,200000 24,200000 -20,200000
993 1675562035 -0,008439 47,400000 23,800000 23,800000 -20,200000
993 1675562036 -0,008439 47,400000 23,400000 23,400000 -20,200000
993 1675562037 -0,008439 47,400000 23,000000 23,000000 -20,200000
993 1675562038 -0,012605 47,600000 22,400000 22,400000 -20,200000
993 1675562039 -0,012605 47,600000 21,800000 21,800000 -20,200000
993 1675562040 -0,012605 47,600000 21,200000 21,200000 -20,200000
993 1675562041 -0,012605 47,600000 20,600000 20,600000 -20,200000
993 1675562042 -0,012605 47,600000 20,000000 20,000000 -20,200000
993 1675562043 0,008333 48,000000 20,400000 20,400000 -20,200000
993 1675562044 0,008333 48,000000 20,800000 20,800000 -20,200000
993 1675562045 0,008333 48,000000 21,200000 21,200000 -20,200000
993 1675562046 0,008333 48,000000 21,600000 21,600000 -20,200000
993 1675562047 0,008333 48,000000 22,000000 22,000000 -20,200000
993 1675562048 0,000000 48,400000 22,000000 22,000000 -20,200000
993 1675562049 0,000000 48,400000 22,000000 22,000000 -20,200000
993 1675562050 0,000000 48,400000 22,000000 22,000000 -20,200000
993 1675562051 0,000000 48,400000 22,000000 22,000000 -20,200000
993 1675562052 0,000000 48,400000 22,000000 22,000000 -20,200000
993 1675562053 0,004098 48,800000 22,200000 22,200000 -20,200000
993 1675562054 0,004098 48,800000 22,400000 22,400000 -20,200000
993 1675562055 0,004098 48,800000 22,600000 22,600000 -20,200000
993 1675562056 0,004098 48,800000 22,800000 22,800000 -20,200000
993 1675562057 0,004098 48,800000 23,000000 23,000000 -20,200000
993 1675562058 0,020161 49,600000 24,000000 24,000000 -20,200000
993 1675562059 0,020161 49,600000 25,000000 25,000000 -20,200000
993 1675562060 0,020161 49,600000 26,000000 26,000000 -20,200000
993 1675562061 0,020161 49,600000 27,000000 27,000000 -20,200000
993 1675562062 0,020161 49,600000 28,000000 28,000000 -20,200000
993 1675562063 -0,003968 50,400000 27,800000 27,800000 -20,200000
993 1675562064 -0,003968 50,400000 27,600000 27,600000 -20,200000
993 1675562065 -0,003968 50,400000 27,400000 27,400000 -20,200000
993 1675562066 -0,003968 50,400000 27,200000 27,200000 -20,200000
993 1675562067 -0,003968 50,400000 27,000000 27,000000 -20,200000
993 1675562068 0,011765 51,000000 27,600000 27,600000 -20,200000
993 1675562069 0,011765 51,000000 28,200000 28,200000 -20,200000
993 1675562070 0,011765 51,000000 28,800000 28,800000 -20,200000
993 1675562071 0,011765 51,000000 29,400000 29,400000 -20,200000
993 1675562072 0,011765 51,000000 30,000000 30,000000 -20,200000
993 1675562073 -0,011583 51,800000 29,400000 29,400000 -20,200000
993 1675562074 -0,011583 51,800000 28,800000 28,800000 -20,200000
993 1675562075 -0,011583 51,800000 28,200000 28,200000 -20,200000
993 1675562076 -0,011583 51,800000 27,600000 27,600000 -20,200000
993 1675562077 -0,011583 51,800000 27,000000 27,000000 -20,200000
993 1675562078 0,000000 52,400000 27,000000 27,000000 -20,200000
993 1675562079 0,000000 52,400000 27,000000 27,000000 -20,200000
993 1675562080 0,000000 52,400000 27,000000 27,000000 -20,200000
993 1675562081 0,000000 52,400000 27,000000 27,000000 -20,200000
993 1675562082 0,000000 52,400000 27,000000 27,000000 -20,200000
993 1675562083 0,003774 53,000000 27,200000 27,200000 -20,200000
993 1675562084 0,003774 53,000000 27,400000 27,400000 -20,200000
993 1675562085 0,003774 53,000000 27,600000 27,600000 -20,200000
993 1675562086 0,003774 53,000000 27,800000 27,800000 -20,200000
993 1675562087 0,003774 53,000000 28,000000 28,000000 -20,200000
993 1675562088 0,003745 53,400000 28,200000 28,200000 -20,200000
993 1675562089 0,003745 53,400000 28,400000 28,400000 -20,200000
993 1675562090 0,003745 53,400000 28,600000 28,600000 -20,200000
993 1675562091 0,003745 53,400000 28,800000 28,800000 -20,200000
993 1675562092 0,003745 53,400000 29,000000 29,000000 -20,200000
993 1675562093 -0,011070 54,200000 28,400000 28,400000 -20,200000
993 1675562094 -0,011070 54,200000 27,800000 27,800000 -20,200000
993 1675562095 -0,011070 54,200000 27,200000 27,200000 -20,200000
993 1675562096 -0,011070 54,200000 26,600000 26,600000 -20,200000
993 1675562097 -0,011070 54,200000 26,000000 26,000000 -20,200000
993 1675562098 0,010791 55,600000 26,600000 26,600000 -20,200000
993 1675562099 0,010791 55,600000 27,200000 27,200000 -20,200000
993 1675562100 0,010791 55,600000 27,800000 27,800000 -20,200000
993 1675562101 0,010791 55,600000 28,400000 28,400000 -20,200000
993 1675562102 0,010791 55,600000 29,000000 29,000000 -20,200000
993 1675562103 0,003546 56,400000 29,200000 29,200000 -20,200000
993 1675562104 0,003546 56,400000 29,400000 29,400000 -20,200000
993 1675562105 0,003546 56,400000 29,600000 29,600000 -20,200000
993 1675562106 0,003546 56,400000 29,800000 29,800000 -20,200000
993 1675562107 0,003546 56,400000 30,000000 30,000000 -20,200000
993 1675562108 0,013937 57,400000 30,800000 30,800000 -20,200000
993 1675562109 0,013937 57,400000 31,600000 31,600000 -20,200000
993 1675562110 0,013937 57,400000 32,400000 32,400000 -20,200000
993 1675562111 0,013937 57,400000 33,200000 33,200000 -20,200000
993 1675562112 0,013937 57,400000 34,000000 34,000000 -20,200000
993 1675562113 -0,020761 57,800000 32,800000 32,800000 -20,200000
993 1675562114 -0,020761 57,800000 31,600000 31,600000 -20,200000
993 1675562115 -0,020761 57,800000 30,400000 30,400000 -20,200000
993 1675562116 -0,020761 57,800000 29,200000 29,200000 -20,200000
993 1675562117 -0,020761 57,800000 28,000000 28,000000 -20,200000
993 1675562118 0,003448 58,000000 28,200000 28,200000 -20,200000
993 1675562119 0,003448 58,000000 28,400000 28,400000 -20,200000
993 1675562120 0,003448 58,000000 28,600000 28,600000 -20,200000
993 1675562121 0,003448 58,000000 28,800000 28,800000 -20,200000
993 1675562122 0,003448 58,000000 29,000000 29,000000 -20,200000
993 1675562123 0,003436 58,200000 29,200000 29,200000 -20,200000
993 1675562124 0,003436 58,200000 29,400000 29,400000 -20,200000
993 1675562125 0,003436 58,200000 29,600000 29,600000 -20,200000
993 1675562126 0,003436 58,200000 29,800000 29,800000 -20,200000
993 1675562127 0,003436 58,200000 30,000000 30,000000 -20,200000
993 1675562128 0,000000 58,600000 30,000000 30,000000 -20,200000
993 1675562129 0,000000 58,600000 30,000000 30,000000 -20,200000
993 1675562130 0,000000 58,600000 30,000000 30,000000 -20,200000
993 1675562131 0,000000 58,600000 30,000000 30,000000 -20,200000
993 1675562132 0,000000 58,600000 30,000000 30,000000 -20,200000
993 1675562133 0,013559 59,000000 30,800000 30,800000 -20,200000
993 1675562134 0,013559 59,000000 31,600000 31,600000 -20,200000
993 1675562135 0,013559 59,000000 32,400000 32,400000 -20,200000
993 1675562136 0,013559 59,000000 33,200000 33,200000 -20,200000
993 1675562137 0,013559 59,000000 34,000000 34,000000 -20,200000
993 1675562138 0,006711 59,600000 34,400000 34,400000 -20,200000
993 1675562139 0,006711 59,600000 34,800000 34,800000 -20,200000
993 1675562140 0,006711 59,600000 35,200000 35,200000 -20,200000
993 1675562141 0,006711 59,600000 35,600000 35,600000 -20,200000
993 1675562142 0,006711 59,600000 36,000000 36,000000 -20,200000
993 1675562143 -0,006689 59,800000 35,600000 35,600000 -20,200000
993 1675562144 -0,006689 59,800000 35,200000 35,200000 -20,200000
993 1675562145 -0,006689 59,800000 34,800000 34,800000 -20,200000
993 1675562146 -0,006689 59,800000 34,400000 34,400000 -20,200000
993 1675562147 -0,006689 59,800000 34,000000 34,000000 -20,200000
993 1675562148 -0,009934 60,400000 33,400000 33,400000 -20,200000
993 1675562149 -0,009934 60,400000 32,800000 32,800000 -20,200000
993 1675562150 -0,009934 60,400000 32,200000 32,200000 -20,200000
993 1675562151 -0,009934 60,400000 31,600000 31,600000 -20,200000
993 1675562152 -0,009934 60,400000 31,000000 31,000000 -20,200000
993 1675562153 0,003279 61,000000 31,200000 31,200000 -20,200000
993 1675562154 0,003279 61,000000 31,400000 31,400000 -20,200000
993 1675562155 0,003279 61,000000 31,600000 31,600000 -20,200000
993 1675562156 0,003279 61,000000 31,800000 31,800000 -20,200000
993 1675562157 0,003279 61,000000 32,000000 32,000000 -20,200000
993 1675562219 0,000000 0,500000 37,000000 37,000000 5100,500000
993 1675562218 0,000000 0,500000 37,000000 37,000000 5100,500000
993 1675562217 4,000000 0,200000 37,000000 37,000000 2040,328000
993 1675562216 4,000000 0,200000 36,200000 36,200000 2040,328000
993 1675562215 4,000000 0,200000 35,400000 35,400000 2040,328000
993 1675562214 4,000000 0,200000 34,600000 34,600000 2040,328000
993 1675562213 4,000000 0,200000 33,800000 33,800000 2040,328000
993 1675562212 1,000000 0,200000 33,000000 33,000000 2040,208000
993 1675562211 1,000000 0,200000 32,800000 32,800000 2040,208000
993 1675562210 1,000000 0,200000 32,600000 32,600000 2040,208000
993 1675562209 1,000000 0,200000 32,400000 32,400000 2040,208000
993 1675562208 1,000000 0,200000 32,200000 32,200000 2040,208000
993 1675562207 -1,000000 0,200000 32,000000 32,000000 2040,208000
993 1675562206 -1,000000 0,200000 32,200000 32,200000 2040,208000
993 1675562205 -1,000000 0,200000 32,400000 32,400000 2040,208000
993 1675562204 -1,000000 0,200000 32,600000 32,600000 2040,208000
993 1675562203 -1,000000 0,200000 32,800000 32,800000 2040,208000
993 1675562202 3,000000 0,200000 33,000000 33,000000 2040,272000
993 1675562201 3,000000 0,200000 32,400000 32,400000 2040,272000
993 1675562200 3,000000 0,200000 31,800000 31,800000 2040,272000
993 1675562199 3,000000 0,200000 31,200000 31,200000 2040,272000
993 1675562198 3,000000 0,200000 30,600000 30,600000 2040,272000
993 1675562197 2,000000 0,200000 30,000000 30,000000 2040,232000
993 1675562196 2,000000 0,200000 29,600000 29,600000 2040,232000
993 1675562195 2,000000 0,200000 29,200000 29,200000 2040,232000
993 1675562194 2,000000 0,200000 28,800000 28,800000 2040,232000
993 1675562193 2,000000 0,200000 28,400000 28,400000 2040,232000
993 1675562192 -4,000000 0,200000 28,000000 28,000000 2040,328000
993 1675562191 -4,000000 0,200000 28,800000 28,800000 2040,328000
993 1675562190 -4,000000 0,200000 29,600000 29,600000 2040,328000
993 1675562189 -4,000000 0,200000 30,400000 30,400000 2040,328000
993 1675562188 -4,000000 0,200000 31,200000 31,200000 2040,328000
993 1675562187 5,000000 0,200000 32,000000 32,000000 2040,400000
993 1675562186 5,000000 0,200000 31,000000 31,000000 2040,400000
993 1675562185 5,000000 0,200000 30,000000 30,000000 2040,400000
993 1675562184 5,000000 0,200000 29,000000 29,000000 2040,400000
993 1675562183 5,000000 0,200000 28,000000 28,000000 2040,400000
993 1675562182 3,000000 0,200000 27,000000 27,000000 2040,272000
993 1675562181 3,000000 0,200000 26,400000 26,400000 2040,272000
993 1675562180 3,000000 0,200000 25,800000 25,800000 2040,272000
993 1675562179 3,000000 0,200000 25,200000 25,200000 2040,272000
993 1675562178 3,000000 0,200000 24,600000 24,600000 2040,272000
993 1675562177 -9,000000 0,200000 24,000000 24,000000 2040,848000
993 1675562176 -9,000000 0,200000 25,800000 25,800000 2040,848000
993 1675562175 -9,000000 0,200000 27,600000 27,600000 2040,848000
993 1675562174 -9,000000 0,200000 29,400000 29,400000 2040,848000
993 1675562173 -9,000000 0,200000 31,200000 31,200000 2040,848000
993 1675562172 5,000000 0,200000 33,000000 33,000000 2040,400000
993 1675562171 5,000000 0,200000 32,000000 32,000000 2040,400000
993 1675562170 5,000000 0,200000 31,000000 31,000000 2040,400000
993 1675562169 5,000000 0,200000 30,000000 30,000000 2040,400000
993 1675562168 5,000000 0,200000 29,000000 29,000000 2040,400000
993 1675562167 -5,000000 0,200000 28,000000 28,000000 2040,400000
993 1675562166 -5,000000 0,200000 29,000000 29,000000 2040,400000
993 1675562165 -5,000000 0,200000 30,000000 30,000000 2040,400000
993 1675562164 -5,000000 0,200000 31,000000 31,000000 2040,400000
993 1675562163 -5,000000 0,200000 32,000000 32,000000 2040,400000
993 1675562162 1,000000 0,200000 33,000000 33,000000 2040,208000
993 1675562161 1,000000 0,200000 32,800000 32,800000 2040,208000
993 1675562160 1,000000 0,200000 32,600000 32,600000 2040,208000
993 1675562159 1,000000 0,200000 32,400000 32,400000 2040,208000
993 1675562158 1,000000 0,200000 32,200000 32,200000 2040,208000
993 1675562158 0,003247 61,600000 32,200000 32,200000 -20,200000
993 1675562159 0,003247 61,600000 32,400000 32,400000 -20,200000
993 1675562160 0,003247 61,600000 32,600000 32,600000 -20,200000
993 1675562161 0,003247 61,600000 32,800000 32,800000 -20,200000
993 1675562162 0,003247 61,600000 33,000000 33,000000 -20,200000
993 1675562163 -0,015924 62,800000 32,000000 32,000000 -20,200000
993 1675562164 -0,015924 62,800000 31,000000 31,000000 -20,200000
993 1675562165 -0,015924 62,800000 30,000000 30,000000 -20,200000
993 1675562166 -0,015924 62,800000 29,000000 29,000000 -20,200000
993 1675562167 -0,015924 62,800000 28,000000 28,000000 -20,200000
993 1675562168 0,015723 63,600000 29,000000 29,000000 -20,200000
993 1675562169 0,015723 63,600000 30,000000 30,000000 -20,200000
993 1675562170 0,015723 63,600000 31,000000 31,000000 -20,200000
993 1675562171 0,015723 63,600000 32,000000 32,000000 -20,200000
993 1675562172 0,015723 63,600000 33,000000 33,000000 -20,200000
993 1675562173 -0,027692 65,000000 31,200000 31,200000 -20,200000
993 1675562174 -0,027692 65,000000 29,400000 29,400000 -20,200000
993 1675562175 -0,027692 65,000000 27,600000 27,600000 -20,200000
993 1675562176 -0,027692 65,000000 25,800000 25,800000 -20,200000
993 1675562177 -0,027692 65,000000 24,000000 24,000000 -20,200000
993 1675562178 0,009146 65,600000 24,600000 24,600000 -20,200000
993 1675562179 0,009146 65,600000 25,200000 25,200000 -20,200000
993 1675562180 0,009146 65,600000 25,800000 25,800000 -20,200000
993 1675562181 0,009146 65,600000 26,400000 26,400000 -20,200000
993 1675562182 0,009146 65,600000 27,000000 27,000000 -20,200000
993 1675562183 0,015015 66,600000 28,000000 28,000000 -20,200000
993 1675562184 0,015015 66,600000 29,000000 29,000000 -20,200000
993 1675562185 0,015015 66,600000 30,000000 30,000000 -20,200000
993 1675562186 0,015015 66,600000 31,000000 31,000000 -20,200000
993 1675562187 0,015015 66,600000 32,000000 32,000000 -20,200000
993 1675562188 -0,011976 66,800000 31,200000 31,200000 -20,200000
993 1675562189 -0,011976 66,800000 30,400000 30,400000 -20,200000
993 1675562190 -0,011976 66,800000 29,600000 29,600000 -20,200000
993 1675562191 -0,011976 66,800000 28,800000 28,800000 -20,200000
993 1675562192 -0,011976 66,800000 28,000000 28,000000 -20,200000
993 1675562193 0,005952 67,200000 28,400000 28,400000 -20,200000
993 1675562194 0,005952 67,200000 28,800000 28,800000 -20,200000
993 1675562195 0,005952 67,200000 29,200000 29,200000 -20,200000
993 1675562196 0,005952 67,200000 29,600000 29,600000 -20,200000
993 1675562197 0,005952 67,200000 30,000000 30,000000 -20,200000
993 1675562198 0,008902 67,400000 30,600000 30,600000 -20,200000
993 1675562199 0,008902 67,400000 31,200000 31,200000 -20,200000
993 1675562200 0,008902 67,400000 31,800000 31,800000 -20,200000
993 1675562201 0,008902 67,400000 32,400000 32,400000 -20,200000
993 1675562202 0,008902 67,400000 33,000000 33,000000 -20,200000
993 1675562203 -0,002950 67,800000 32,800000 32,800000 -20,200000
993 1675562204 -0,002950 67,800000 32,600000 32,600000 -20,200000
993 1675562205 -0,002950 67,800000 32,400000 32,400000 -20,200000
993 1675562206 -0,002950 67,800000 32,200000 32,200000 -20,200000
993 1675562207 -0,002950 67,800000 32,000000 32,000000 -20,200000
993 1675562208 0,002915 68,600000 32,200000 32,200000 -20,200000
993 1675562209 0,002915 68,600000 32,400000 32,400000 -20,200000
993 1675562210 0,002915 68,600000 32,600000 32,600000 -20,200000
993 1675562211 0,002915 68,600000 32,800000 32,800000 -20,200000
993 1675562212 0,002915 68,600000 33,000000 33,000000 -20,200000
993 1675562213 0,011561 69,200000 33,800000 33,800000 -20,200000
993 1675562214 0,011561 69,200000 34,600000 34,600000 -20,200000
993 1675562215 0,011561 69,200000 35,400000 35,400000 -20,200000
993 1675562216 0,011561 69,200000 36,200000 36,200000 -20,200000
993 1675562217 0,011561 69,200000 37,000000 37,000000 -20,200000
993 1675562218 -0,017143 70,000000 35,800000 35,800000 -20,200000
993 1675562219 -0,017143 70,000000 34,600000 34,600000 -20,200000
993 1675562220 -0,017143 70,000000 33,400000 33,400000 -20,200000
993 1675562221 -0,017143 70,000000 32,200000 32,200000 -20,200000
993 1675562222 -0,017143 70,000000 31,000000 31,000000 -20,200000
993 1675562223 -0,005666 70,600000 30,600000 30,600000 -20,200000
993 1675562224 -0,005666 70,600000 30,200000 30,200000 -20,200000
993 1675562225 -0,005666 70,600000 29,800000 29,800000 -20,200000
993 1675562226 -0,005666 70,600000 29,400000 29,400000 -20,200000
993 1675562227 -0,005666 70,600000 29,000000 29,000000 -20,200000
993 1675562228 -0,005634 71,000000 28,600000 28,600000 -20,200000
993 1675562229 -0,005634 71,000000 28,200000 28,200000 -20,200000
993 1675562230 -0,005634 71,000000 27,800000 27,800000 -20,200000
993 1675562231 -0,005634 71,000000 27,400000 27,400000 -20,200000
993 1675562232 -0,005634 71,000000 27,000000 27,000000 -20,200000
993 1675562233 0,002793 71,600000 27,200000 27,200000 -20,200000
993 1675562234 0,002793 71,600000 27,400000 27,400000 -20,200000
993 1675562235 0,002793 71,600000 27,600000 27,600000 -20,200000
993 1675562236 0,002793 71,600000 27,800000 27,800000 -20,200000
993 1675562237 0,002793 71,600000 28,000000 28,000000 -20,200000
993 1675562238 0,000000 71,600000 28,000000 28,000000 -20,200000
993 1675562239 0,000000 71,600000 28,000000 28,000000 -20,200000
993 1675562240 0,000000 71,600000 28,000000 28,000000 -20,200000
993 1675562241 0,000000 71,600000 28,000000 28,000000 -20,200000
993 1675562242 0,000000 71,600000 28,000000 28,000000 -20,200000
993 1675562243 0,000000 71,600000 28,000000 28,000000 -20,200000
993 1675562244 0,000000 71,600000 28,000000 28,000000 -20,200000
993 1675562245 0,000000 71,600000 28,000000 28,000000 -20,200000
993 1675562246 0,000000 71,600000 28,000000 28,000000 -20,200000
993 1675562247 0,000000 71,600000 28,000000 28,000000 -20,200000
993 1675562248 -0,008287 72,400000 27,400000 27,400000 -20,200000
993 1675562249 -0,008287 72,400000 26,800000 26,800000 -20,200000
993 1675562250 -0,008287 72,400000 26,200000 26,200000 -20,200000
993 1675562251 -0,008287 72,400000 25,600000 25,600000 -20,200000
993 1675562252 -0,008287 72,400000 25,000000 25,000000 -20,200000
993 1675562253 0,024457 73,600000 26,800000 26,800000 -20,200000
993 1675562254 0,024457 73,600000 28,600000 28,600000 -20,200000
993 1675562255 0,024457 73,600000 30,400000 30,400000 -20,200000
993 1675562256 0,024457 73,600000 32,200000 32,200000 -20,200000
993 1675562257 0,024457 73,600000 34,000000 34,000000 -20,200000
993 1675562258 0,005333 75,000000 34,400000 34,400000 -20,200000
993 1675562259 0,005333 75,000000 34,800000 34,800000 -20,200000
993 1675562260 0,005333 75,000000 35,200000 35,200000 -20,200000
993 1675562261 0,005333 75,000000 35,600000 35,600000 -20,200000
993 1675562262 0,005333 75,000000 36,000000 36,000000 -20,200000
993 1675562263 -0,026178 76,400000 34,000000 34,000000 -20,200000
993 1675562264 -0,026178 76,400000 32,000000 32,000000 -20,200000
993 1675562265 -0,026178 76,400000 30,000000 30,000000 -20,200000
993 1675562266 -0,026178 76,400000 28,000000 28,000000 -20,200000
993 1675562267 -0,026178 76,400000 26,000000 26,000000 -20,200000
993 1675562268 0,007792 77,000000 26,600000 26,600000 -20,200000
993 1675562269 0,007792 77,000000 27,200000 27,200000 -20,200000
993 1675562270 0,007792 77,000000 27,800000 27,800000 -20,200000
993 1675562271 0,007792 77,000000 28,400000 28,400000 -20,200000
993 1675562272 0,007792 77,000000 29,000000 29,000000 -20,200000
993 1675562273 -0,017949 78,000000 27,600000 27,600000 -20,200000
993 1675562274 -0,017949 78,000000 26,200000 26,200000 -20,200000
993 1675562275 -0,017949 78,000000 24,800000 24,800000 -20,200000
993 1675562276 -0,017949 78,000000 23,400000 23,400000 -20,200000
993 1675562277 -0,017949 78,000000 22,000000 22,000000 -20,200000
993 1675562278 -0,005063 79,000000 21,600000 21,600000 -20,200000
993 1675562279 -0,005063 79,000000 21,200000 21,200000 -20,200000
993 1675562280 -0,005063 79,000000 20,800000 20,800000 -20,200000
993 1675562281 -0,005063 79,000000 20,400000 20,400000 -20,200000
993 1675562282 -0,005063 79,000000 20,000000 20,000000 -20,200000
993 1675562283 0,002525 79,200000 20,200000 20,200000 -20,200000
993 1675562284 0,002525 79,200000 20,400000 20,400000 -20,200000
993 1675562285 0,002525 79,200000 20,600000 20,600000 -20,200000
993 1675562286 0,002525 79,200000 20,800000 20,800000 -20,200000
993 1675562287 0,002525 79,200000 21,000000 21,000000 -20,200000
993 1675562288 0,005038 79,400000 21,400000 21,400000 -20,200000
993 1675562289 0,005038 79,400000 21,800000 21,800000 -20,200000
993 1675562290 0,005038 79,400000 22,200000 22,200000 -20,200000
993 1675562291 0,005038 79,400000 22,600000 22,600000 -20,200000
993 1675562292 0,005038 79,400000 23,000000 23,000000 -20,200000
993 1675562293 -0,005000 80,000000 22,600000 22,600000 -20,200000
993 1675562294 -0,005000 80,000000 22,200000 22,200000 -20,200000
993 1675562295 -0,005000 80,000000 21,800000 21,800000 -20,200000
993 1675562296 -0,005000 80,000000 21,400000 21,400000 -20,200000
993 1675562297 -0,005000 80,000000 21,000000 21,000000 -20,200000
993 1675562298 0,000000 80,400000 21,000000 21,000000 -20,200000
993 1675562299 0,000000 80,400000 21,000000 21,000000 -20,200000
993 1675562300 0,000000 80,400000 21,000000 21,000000 -20,200000
993 1675562301 0,000000 80,400000 21,000000 21,000000 -20,200000
993 1675562302 0,000000 80,400000 21,000000 21,000000 -20,200000
993 1675562303 0,000000 80,400000 21,000000 21,000000 -20,200000
993 1675562304 0,000000 80,400000 21,000000 21,000000 -20,200000
993 1675562305 0,000000 80,400000 21,000000 21,000000 -20,200000
993 1675562306 0,000000 80,400000 21,000000 21,000000 -20,200000
993 1675562307 0,000000 80,400000 21,000000 21,000000 -20,200000
993 1675562308 0,002481 80,600000 21,200000 21,200000 -20,200000
993 1675562309 0,002481 80,600000 21,400000 21,400000 -20,200000
993 1675562310 0,002481 80,600000 21,600000 21,600000 -20,200000
993 1675562311 0,002481 80,600000 21,800000 21,800000 -20,200000
993 1675562312 0,002481 80,600000 22,000000 22,000000 -20,200000
993 1675562313 0,007426 80,800000 22,600000 22,600000 -20,200000
993 1675562314 0,007426 80,800000 23,200000 23,200000 -20,200000
993 1675562315 0,007426 80,800000 23,800000 23,800000 -20,200000
993 1675562316 0,007426 80,800000 24,400000 24,400000 -20,200000
993 1675562317 0,007426 80,800000 25,000000 25,000000 -20,200000
993 1675562318 -0,004938 81,000000 24,600000 24,600000 -20,200000
993 1675562319 -0,004938 81,000000 24,200000 24,200000 -20,200000
993 1675562320 -0,004938 81,000000 23,800000 23,800000 -20,200000
993 1675562321 -0,004938 81,000000 23,400000 23,400000 -20,200000
993 1675562322 -0,004938 81,000000 23,000000 23,000000 -20,200000
993 1675562323 -0,014742 81,400000 21,800000 21,800000 -20,200000
993 1675562324 -0,014742 81,400000 20,600000 20,600000 -20,200000
993 1675562325 -0,014742 81,400000 19,400000 19,400000 -20,200000
993 1675562326 -0,014742 81,400000 18,200000 18,200000 -20,200000
993 1675562327 -0,014742 81,400000 17,000000 17,000000 -20,200000
993 1675562328 0,002445 81,800000 17,200000 17,200000 -20,200000
993 1675562329 0,002445 81,800000 17,400000 17,400000 -20,200000
993 1675562330 0,002445 81,800000 17,600000 17,600000 -20,200000
993 1675562331 0,002445 81,800000 17,800000 17,800000 -20,200000
993 1675562332 0,002445 81,800000 18,000000 18,000000 -20,200000
993 1675562333 0,014528 82,600000 19,200000 19,200000 -20,200000
993 1675562334 0,014528 82,600000 20,400000 20,400000 -20,200000
993 1675562335 0,014528 82,600000 21,600000 21,600000 -20,200000
993 1675562336 0,014528 82,600000 22,800000 22,800000 -20,200000
993 1675562337 0,014528 82,600000 24,000000 24,000000 -20,200000
993 1675562338 -0,004808 83,200000 23,600000 23,600000 -20,200000
993 1675562339 -0,004808 83,200000 23,200000 23,200000 -20,200000
993 1675562340 -0,004808 83,200000 22,800000 22,800000 -20,200000
993 1675562341 -0,004808 83,200000 22,400000 22,400000 -20,200000
993 1675562342 -0,004808 83,200000 22,000000 22,000000 -20,200000
993 1675562343 -0,007194 83,400000 21,400000 21,400000 -20,200000
993 1675562344 -0,007194 83,400000 20,800000 20,800000 -20,200000
993 1675562345 -0,007194 83,400000 20,200000 20,200000 -20,200000
993 1675562346 -0,007194 83,400000 19,600000 19,600000 -20,200000
993 1675562347 -0,007194 83,400000 19,000000 19,000000 -20,200000
993 1675562348 0,000000 83,400000 19,000000 19,000000 -20,200000
993 1675562349 0,000000 83,400000 19,000000 19,000000 -20,200000
993 1675562350 0,000000 83,400000 19,000000 19,000000 -20,200000
993 1675562351 0,000000 83,400000 19,000000 19,000000 -20,200000
993 1675562352 0,000000 83,400000 19,000000 19,000000 -20,200000
993 1675562353 0,007160 83,800000 19,600000 19,600000 -20,200000
993 1675562354 0,007160 83,800000 20,200000 20,200000 -20,200000
993 1675562355 0,007160 83,800000 20,800000 20,800000 -20,200000
993 1675562356 0,007160 83,800000 21,400000 21,400000 -20,200000
993 1675562357 0,007160 83,800000 22,000000 22,000000 -20,200000
993 1675562358 0,004728 84,600000 22,400000 22,400000 -20,200000
993 1675562359 0,004728 84,600000 22,800000 22,800000 -20,200000
993 1675562360 0,004728 84,600000 23,200000 23,200000 -20,200000
993 1675562361 0,004728 84,600000 23,600000 23,600000 -20,200000
993 1675562362 0,004728 84,600000 24,000000 24,000000 -20,200000
993 1675562363 -0,007042 85,200000 23,400000 23,400000 -20,200000
993 1675562364 -0,007042 85,200000 22,800000 22,800000 -20,200000
993 1675562365 -0,007042 85,200000 22,200000 22,200000 -20,200000
993 1675562366 -0,007042 85,200000 21,600000 21,600000 -20,200000
993 1675562367 -0,007042 85,200000 21,000000 21,000000 -20,200000
993 1675562368 0,009346 85,600000 21,800000 21,800000 -20,200000
993 1675562369 0,009346 85,600000 22,600000 22,600000 -20,200000
993 1675562370 0,009346 85,600000 23,400000 23,400000 -20,200000
993 1675562371 0,009346 85,600000 24,200000 24,200000 -20,200000
993 1675562372 0,009346 85,600000 25,000000 25,000000 -20,200000
993 1675562373 -0,002320 86,200000 24,800000 24,800000 -20,200000
993 1675562374 -0,002320 86,200000 24,600000 24,600000 -20,200000
993 1675562375 -0,002320 86,200000 24,400000 24,400000 -20,200000
993 1675562376 -0,002320 86,200000 24,200000 24,200000 -20,200000
993 1675562377 -0,002320 86,200000 24,000000 24,000000 -20,200000
993 1675562378 0,009238 86,600000 24,800000 24,800000 -20,200000
993 1675562379 0,009238 86,600000 25,600000 25,600000 -20,200000
993 1675562380 0,009238 86,600000 26,400000 26,400000 -20,200000
993 1675562381 0,009238 86,600000 27,200000 27,200000 -20,200000
993 1675562382 0,009238 86,600000 28,000000 28,000000 -20,200000
993 1675562383 -0,002288 87,400000 27,800000 27,800000 -20,200000
993 1675562384 -0,002288 87,400000 27,600000 27,600000 -20,200000
993 1675562385 -0,002288 87,400000 27,400000 27,400000 -20,200000
993 1675562386 -0,002288 87,400000 27,200000 27,200000 -20,200000
993 1675562387 -0,002288 87,400000 27,000000 27,000000 -20,200000
993 1675562388 0,008989 89,000000 27,800000 27,800000 -20,200000
993 1675562389 0,008989 89,000000 28,600000 28,600000 -20,200000
993 1675562390 0,008989 89,000000 29,400000 29,400000 -20,200000
993 1675562391 0,008989 89,000000 30,200000 30,200000 -20,200000
993 1675562392 0,008989 89,000000 31,000000 31,000000 -20,200000
993 1675562393 0,008929 89,600000 31,800000 31,800000 -20,200000
993 1675562394 0,008929 89,600000 32,600000 32,600000 -20,200000
993 1675562395 0,008929 89,600000 33,400000 33,400000 -20,200000
993 1675562396 0,008929 89,600000 34,200000 34,200000 -20,200000
993 1675562397 0,008929 89,600000 35,000000 35,000000 -20,200000
993 1675562398 -0,013245 90,600000 33,800000 33,800000 -20,200000
993 1675562399 -0,013245 90,600000 32,600000 32,600000 -20,200000
993 1675562400 -0,013245 90,600000 31,400000 31,400000 -20,200000
993 1675562401 -0,013245 90,600000 30,200000 30,200000 -20,200000
993 1675562402 -0,013245 90,600000 29,000000 29,000000 -20,200000
993 1675562403 -0,017467 91,600000 27,400000 27,400000 -20,200000
993 1675562404 -0,017467 91,600000 25,800000 25,800000 -20,200000
993 1675562405 -0,017467 91,600000 24,200000 24,200000 -20,200000
993 1675562406 -0,017467 91,600000 22,600000 22,600000 -20,200000
993 1675562407 -0,017467 91,600000 21,000000 21,000000 -20,200000
993 1675562408 0,000000 91,600000 21,000000 21,000000 -20,200000
993 1675562409 0,000000 91,600000 21,000000 21,000000 -20,200000
993 1675562410 0,000000 91,600000 21,000000 21,000000 -20,200000
993 1675562411 0,000000 91,600000 21,000000 21,000000 -20,200000
993 1675562412 0,000000 91,600000 21,000000 21,000000 -20,200000
993 1675562413 0,002179 91,800000 21,200000 21,200000 -20,200000
993 1675562414 0,002179 91,800000 21,400000 21,400000 -20,200000
993 1675562415 0,002179 91,800000 21,600000 21,600000 -20,200000
993 1675562416 0,002179 91,800000 21,800000 21,800000 -20,200000
993 1675562417 0,002179 91,800000 22,000000 22,000000 -20,200000
993 1675562418 0,004320 92,600000 22,400000 22,400000 -20,200000
993 1675562419 0,004320 92,600000 22,800000 22,800000 -20,200000
993 1675562420 0,004320 92,600000 23,200000 23,200000 -20,200000
993 1675562421 0,004320 92,600000 23,600000 23,600000 -20,200000
993 1675562422 0,004320 92,600000 24,000000 24,000000 -20,200000
993 1675562423 0,006438 93,200000 24,600000 24,600000 -20,200000
993 1675562424 0,006438 93,200000 25,200000 25,200000 -20,200000
993 1675562425 0,006438 93,200000 25,800000 25,800000 -20,200000
993 1675562426 0,006438 93,200000 26,400000 26,400000 -20,200000
993 1675562427 0,006438 93,200000 27,000000 27,000000 -20,200000
993 1675562428 -0,004283 93,400000 26,600000 26,600000 -20,200000
993 1675562429 -0,004283 93,400000 26,200000 26,200000 -20,200000
993 1675562430 -0,004283 93,400000 25,800000 25,800000 -20,200000
993 1675562431 -0,004283 93,400000 25,400000 25,400000 -20,200000
993 1675562432 -0,004283 93,400000 25,000000 25,000000 -20,200000
993 1675562433 -0,004264 93,800000 24,600000 24,600000 -20,200000
993 1675562434 -0,004264 93,800000 24,200000 24,200000 -20,200000
993 1675562435 -0,004264 93,800000 23,800000 23,800000 -20,200000
993 1675562436 -0,004264 93,800000 23,400000 23,400000 -20,200000
993 1675562437 -0,004264 93,800000 23,000000 23,000000 -20,200000
993 1675562438 0,006369 94,200000 23,600000 23,600000 -20,200000
993 1675562439 0,006369 94,200000 24,200000 24,200000 -20,200000
993 1675562440 0,006369 94,200000 24,800000 24,800000 -20,200000
993 1675562441 0,006369 94,200000 25,400000 25,400000 -20,200000
993 1675562442 0,006369 94,200000 26,000000 26,000000 -20,200000
993 1675562443 -0,002119 94,400000 25,800000 25,800000 -20,200000
993 1675562444 -0,002119 94,400000 25,600000 25,600000 -20,200000
993 1675562445 -0,002119 94,400000 25,400000 25,400000 -20,200000
993 1675562446 -0,002119 94,400000 25,200000 25,200000 -20,200000
993 1675562447 -0,002119 94,400000 25,000000 25,000000 -20,200000
993 1675562448 0,000000 94,800000 25,000000 25,000000 -20,200000
993 1675562449 0,000000 94,800000 25,000000 25,000000 -20,200000
993 1675562450 0,000000 94,800000 25,000000 25,000000 -20,200000
993 1675562451 0,000000 94,800000 25,000000 25,000000 -20,200000
993 1675562452 0,000000 94,800000 25,000000 25,000000 -20,200000
993 1675562453 0,008351 95,800000 25,800000 25,800000 -20,200000
993 1675562454 0,008351 95,800000 26,600000 26,600000 -20,200000
993 1675562455 0,008351 95,800000 27,400000 27,400000 -20,200000
993 1675562456 0,008351 95,800000 28,200000 28,200000 -20,200000
993 1675562457 0,008351 95,800000 29,000000 29,000000 -20,200000
993 1675562458 0,016563 96,600000 30,600000 30,600000 -20,200000
993 1675562459 0,016563 96,600000 32,200000 32,200000 -20,200000
993 1675562460 0,016563 96,600000 33,800000 33,800000 -20,200000
993 1675562461 0,016563 96,600000 35,400000 35,400000 -20,200000
993 1675562462 0,016563 96,600000 37,000000 37,000000 -20,200000
993 1675562463 -0,012220 98,200000 35,800000 35,800000 -20,200000
993 1675562464 -0,012220 98,200000 34,600000 34,600000 -20,200000
993 1675562465 -0,012220 98,200000 33,400000 33,400000 -20,200000
993 1675562466 -0,012220 98,200000 32,200000 32,200000 -20,200000
993 1675562467 -0,012220 98,200000 31,000000 31,000000 -20,200000
993 1675562468 -0,006073 98,800000 30,400000 30,400000 -20,200000
993 1675562469 -0,006073 98,800000 29,800000 29,800000 -20,200000
993 1675562470 -0,006073 98,800000 29,200000 29,200000 -20,200000
993 1675562471 -0,006073 98,800000 28,600000 28,600000 -20,200000
993 1675562472 -0,006073 98,800000 28,000000 28,000000 -20,200000
993 1675562473 -0,016097 99,400000 26,400000 26,400000 -20,200000
993 1675562474 -0,016097 99,400000 24,800000 24,800000 -20,200000
993 1675562475 -0,016097 99,400000 23,200000 23,200000 -20,200000
993 1675562476 -0,016097 99,400000 21,600000 21,600000 -20,200000
993 1675562477 -0,016097 99,400000 20,000000 20,000000 -20,200000
993 1675562478 0,009980 100,200000 21,000000 21,000000 -20,200000
993 1675562479 0,009980 100,200000 22,000000 22,000000 -20,200000
993 1675562480 0,009980 100,200000 23,000000 23,000000 -20,200000
993 1675562481 0,009980 100,200000 24,000000 24,000000 -20,200000
993 1675562482 0,009980 100,200000 25,000000 25,000000 -20,200000
993 1675562483 0,005929 101,200000 25,600000 25,600000 -20,200000
993 1675562484 0,005929 101,200000 26,200000 26,200000 -20,200000
993 1675562485 0,005929 101,200000 26,800000 26,800000 -20,200000
993 1675562486 0,005929 101,200000 27,400000 27,400000 -20,200000
993 1675562487 0,005929 101,200000 28,000000 28,000000 -20,200000
993 1675562488 -0,007874 101,600000 27,200000 27,200000 -20,200000
993 1675562489 -0,007874 101,600000 26,400000 26,400000 -20,200000
993 1675562490 -0,007874 101,600000 25,600000 25,600000 -20,200000
993 1675562491 -0,007874 101,600000 24,800000 24,800000 -20,200000
993 1675562492 -0,007874 101,600000 24,000000 24,000000 -20,200000
993 1675562493 0,000000 102,000000 24,000000 24,000000 -20,200000
993 1675562494 0,000000 102,000000 24,000000 24,000000 -20,200000
993 1675562495 0,000000 102,000000 24,000000 24,000000 -20,200000
993 1675562496 0,000000 102,000000 24,000000 24,000000 -20,200000
993 1675562497 0,000000 102,000000 24,000000 24,000000 -20,200000
993 1675562498 0,007797 102,600000 24,800000 24,800000 -20,200000
993 1675562499 0,007797 102,600000 25,600000 25,600000 -20,200000
993 1675562500 0,007797 102,600000 26,400000 26,400000 -20,200000
993 1675562501 0,007797 102,600000 27,200000 27,200000 -20,200000
993 1675562502 0,007797 102,600000 28,000000 28,000000 -20,200000
993 1675562503 -0,003891 102,800000 27,600000 27,600000 -20,200000
993 1675562504 -0,003891 102,800000 27,200000 27,200000 -20,200000
993 1675562505 -0,003891 102,800000 26,800000 26,800000 -20,200000
993 1675562506 -0,003891 102,800000 26,400000 26,400000 -20,200000
993 1675562507 -0,003891 102,800000 26,000000 26,000000 -20,200000
993 1675562508 -0,005825 103,000000 25,400000 25,400000 -20,200000
993 1675562509 -0,005825 103,000000 24,800000 24,800000 -20,200000
993 1675562510 -0,005825 103,000000 24,200000 24,200000 -20,200000
993 1675562511 -0,005825 103,000000 23,600000 23,600000 -20,200000
993 1675562512 -0,005825 103,000000 23,000000 23,000000 -20,200000
993 1675562513 0,005792 103,600000 23,600000 23,600000 -20,200000
993 1675562514 0,005792 103,600000 24,200000 24,200000 -20,200000
993 1675562515 0,005792 103,600000 24,800000 24,800000 -20,200000
993 1675562516 0,005792 103,600000 25,400000 25,400000 -20,200000
993 1675562517 0,005792 103,600000 26,000000 26,000000 -20,200000
993 1675562518 0,015355 104,200000 27,600000 27,600000 -20,200000
993 1675562519 0,015355 104,200000 29,200000 29,200000 -20,200000
993 1675562520 0,015355 104,200000 30,800000 30,800000 -20,200000
993 1675562521 0,015355 104,200000 32,400000 32,400000 -20,200000
993 1675562522 0,015355 104,200000 34,000000 34,000000 -20,200000
993 1675562523 -0,007634 104,800000 33,200000 33,200000 -20,200000
993 1675562524 -0,007634 104,800000 32,400000 32,400000 -20,200000
993 1675562525 -0,007634 104,800000 31,600000 31,600000 -20,200000
993 1675562526 -0,007634 104,800000 30,800000 30,800000 -20,200000
993 1675562527 -0,007634 104,800000 30,000000 30,000000 -20,200000
993 1675562528 -0,013233 105,800000 28,600000 28,600000 -20,200000
993 1675562529 -0,013233 105,800000 27,200000 27,200000 -20,200000
993 1675562530 -0,013233 105,800000 25,800000 25,800000 -20,200000
993 1675562531 -0,013233 105,800000 24,400000 24,400000 -20,200000
993 1675562532 -0,013233 105,800000 23,000000 23,000000 -20,200000
993 1675562533 0,001883 106,200000 23,200000 23,200000 -20,200000
993 1675562534 0,001883 106,200000 23,400000 23,400000 -20,200000
993 1675562535 0,001883 106,200000 23,600000 23,600000 -20,200000
993 1675562536 0,001883 106,200000 23,800000 23,800000 -20,200000
993 1675562537 0,001883 106,200000 24,000000 24,000000 -20,200000
993 1675562538 0,014925 107,200000 25,600000 25,600000 -20,200000
993 1675562539 0,014925 107,200000 27,200000 27,200000 -20,200000
993 1675562540 0,014925 107,200000 28,800000 28,800000 -20,200000
993 1675562541 0,014925 107,200000 30,400000 30,400000 -20,200000
993 1675562542 0,014925 107,200000 32,000000 32,000000 -20,200000
993 1675562543 -0,001852 108,000000 31,800000 31,800000 -20,200000
993 1675562544 -0,001852 108,000000 31,600000 31,600000 -20,200000
993 1675562545 -0,001852 108,000000 31,400000 31,400000 -20,200000
993 1675562546 -0,001852 108,000000 31,200000 31,200000 -20,200000
993 1675562547 -0,001852 108,000000 31,000000 31,000000 -20,200000
993 1675562548 -0,007380 108,400000 30,200000 30,200000 -20,200000
993 1675562549 -0,007380 108,400000 29,400000 29,400000 -20,200000
993 1675562550 -0,007380 108,400000 28,600000 28,600000 -20,200000
993 1675562551 -0,007380 108,400000 27,800000 27,800000 -20,200000
993 1675562552 -0,007380 108,400000 27,000000 27,000000 -20,200000
993 1675562553 0,007339 109,000000 27,800000 27,800000 -20,200000
993 1675562554 0,007339 109,000000 28,600000 28,600000 -20,200000
993 1675562555 0,007339 109,000000 29,400000 29,400000 -20,200000
993 1675562556 0,007339 109,000000 30,200000 30,200000 -20,200000
993 1675562557 0,007339 109,000000 31,000000 31,000000 -20,200000
993 1675562558 0,010969 109,400000 32,200000 32,200000 -20,200000
993 1675562559 0,010969 109,400000 33,400000 33,400000 -20,200000
993 1675562560 0,010969 109,400000 34,600000 34,600000 -20,200000
993 1675562561 0,010969 109,400000 35,800000 35,800000 -20,200000
993 1675562562 0,010969 109,400000 37,000000 37,000000 -20,200000
993 1675562563 -0,012658 110,600000 35,600000 35,600000 -20,200000
993 1675562564 -0,012658 110,600000 34,200000 34,200000 -20,200000
993 1675562565 -0,012658 110,600000 32,800000 32,800000 -20,200000
993 1675562566 -0,012658 110,600000 31,400000 31,400000 -20,200000
993 1675562567 -0,012658 110,600000 30,000000 30,000000 -20,200000
993 1675562568 0,012590 111,200000 31,400000 31,400000 -20,200000
993 1675562569 0,012590 111,200000 32,800000 32,800000 -20,200000
993 1675562570 0,012590 111,200000 34,200000 34,200000 -20,200000
993 1675562571 0,012590 111,200000 35,600000 35,600000 -20,200000
993 1675562572 0,012590 111,200000 37,000000 37,000000 -20,200000
993 1675562573 -0,007130 112,200000 36,200000 36,200000 -20,200000
993 1675562574 -0,007130 112,200000 35,400000 35,400000 -20,200000
993 1675562575 -0,007130 112,200000 34,600000 34,600000 -20,200000
993 1675562576 -0,007130 112,200000 33,800000 33,800000 -20,200000
993 1675562577 -0,007130 112,200000 33,000000 33,000000 -20,200000
993 1675562578 0,000000 113,000000 33,000000 33,000000 -20,200000
993 1675562579 0,000000 113,000000 33,000000 33,000000 -20,200000
993 1675562580 0,000000 113,000000 33,000000 33,000000 -20,200000
993 1675562581 0,000000 113,000000 33,000000 33,000000 -20,200000
993 1675562582 0,000000 113,000000 33,000000 33,000000 -20,200000
993 1675562583 -0,001761 113,600000 32,800000 32,800000 -20,200000
993 1675562584 -0,001761 113,600000 32,600000 32,600000 -20,200000
993 1675562585 -0,001761 113,600000 32,400000 32,400000 -20,200000
993 1675562586 -0,001761 113,600000 32,200000 32,200000 -20,200000
993 1675562587 -0,001761 113,600000 32,000000 32,000000 -20,200000
993 1675562588 -0,006993 114,400000 31,200000 31,200000 -20,200000
993 1675562589 -0,006993 114,400000 30,400000 30,400000 -20,200000
993 1675562590 -0,006993 114,400000 29,600000 29,600000 -20,200000
993 1675562591 -0,006993 114,400000 28,800000 28,800000 -20,200000
993 1675562592 -0,006993 114,400000 28,000000 28,000000 -20,200000
993 1675562593 -0,008681 115,200000 27,000000 27,000000 -20,200000
993 1675562594 -0,008681 115,200000 26,000000 26,000000 -20,200000
993 1675562595 -0,008681 115,200000 25,000000 25,000000 -20,200000
993 1675562596 -0,008681 115,200000 24,000000 24,000000 -20,200000
993 1675562597 -0,008681 115,200000 23,000000 23,000000 -20,200000
993 1675562598 0,003454 115,800000 23,400000 23,400000 -20,200000
993 1675562599 0,003454 115,800000 23,800000 23,800000 -20,200000
993 1675562600 0,003454 115,800000 24,200000 24,200000 -20,200000
993 1675562601 0,003454 115,800000 24,600000 24,600000 -20,200000
993 1675562602 0,003454 115,800000 25,000000 25,000000 -20,200000
993 1675562603 0,000000 116,800000 25,000000 25,000000 -20,200000
993 1675562604 0,000000 116,800000 25,000000 25,000000 -20,200000
993 1675562605 0,000000 116,800000 25,000000 25,000000 -20,200000
993 1675562606 0,000000 116,800000 25,000000 25,000000 -20,200000
993 1675562607 0,000000 116,800000 25,000000 25,000000 -20,200000
993 1675562608 0,001698 117,800000 25,200000 25,200000 -20,200000
993 1675562609 0,001698 117,800000 25,400000 25,400000 -20,200000
993 1675562610 0,001698 117,800000 25,600000 25,600000 -20,200000
993 1675562611 0,001698 117,800000 25,800000 25,800000 -20,200000
993 1675562612 0,001698 117,800000 26,000000 26,000000 -20,200000
993 1675562613 0,008446 118,400000 27,000000 27,000000 -20,200000
993 1675562614 0,008446 118,400000 28,000000 28,000000 -20,200000
993 1675562615 0,008446 118,400000 29,000000 29,000000 -20,200000
993 1675562616 0,008446 118,400000 30,000000 30,000000 -20,200000
993 1675562617 0,008446 118,400000 31,000000 31,000000 -20,200000
993 1675562618 -0,001686 118,600000 30,800000 30,800000 -20,200000
993 1675562619 -0,001686 118,600000 30,600000 30,600000 -20,200000
993 1675562620 -0,001686 118,600000 30,400000 30,400000 -20,200000
993 1675562621 -0,001686 118,600000 30,200000 30,200000 -20,200000
993 1675562622 -0,001686 118,600000 30,000000 30,000000 -20,200000
993 1675562623 -0,003361 119,000000 29,600000 29,600000 -20,200000
993 1675562624 -0,003361 119,000000 29,200000 29,200000 -20,200000
993 1675562625 -0,003361 119,000000 28,800000 28,800000 -20,200000
993 1675562626 -0,003361 119,000000 28,400000 28,400000 -20,200000
993 1675562627 -0,003361 119,000000 28,000000 28,000000 -20,200000
993 1675562628 0,008361 119,600000 29,000000 29,000000 -20,200000
993 1675562629 0,008361 119,600000 30,000000 30,000000 -20,200000
993 1675562630 0,008361 119,600000 31,000000 31,000000 -20,200000
993 1675562631 0,008361 119,600000 32,000000 32,000000 -20,200000
993 1675562632 0,008361 119,600000 33,000000 33,000000 -20,200000
993 1675562633 0,001667 120,000000 33,200000 33,200000 -20,200000
993 1675562634 0,001667 120,000000 33,400000 33,400000 -20,200000
993 1675562635 0,001667 120,000000 33,600000 33,600000 -20,200000
993 1675562636 0,001667 120,000000 33,800000 33,800000 -20,200000
993 1675562637 0,001667 120,000000 34,000000 34,000000 -20,200000
993 1675562638 -0,003311 120,800000 33,600000 33,600000 -20,200000
993 1675562639 -0,003311 120,800000 33,200000 33,200000 -20,200000
993 1675562640 -0,003311 120,800000 32,800000 32,800000 -20,200000
993 1675562641 -0,003311 120,800000 32,400000 32,400000 -20,200000
993 1675562642 -0,003311 120,800000 32,000000 32,000000 -20,200000
993 1675562643 0,004934 121,600000 32,600000 32,600000 -20,200000
993 1675562644 0,004934 121,600000 33,200000 33,200000 -20,200000
993 1675562645 0,004934 121,600000 33,800000 33,800000 -20,200000
993 1675562646 0,004934 121,600000 34,400000 34,400000 -20,200000
993 1675562647 0,004934 121,600000 35,000000 35,000000 -20,200000
993 1675562648 0,000000 122,200000 35,000000 35,000000 -20,200000
993 1675562649 0,000000 122,200000 35,000000 35,000000 -20,200000
993 1675562650 0,000000 122,200000 35,000000 35,000000 -20,200000
993 1675562651 0,000000 122,200000 35,000000 35,000000 -20,200000
993 1675562652 0,000000 122,200000 35,000000 35,000000 -20,200000
993 1675562653 -0,008117 123,200000 34,000000 34,000000 -20,200000
993 1675562654 -0,008117 123,200000 33,000000 33,000000 -20,200000
993 1675562655 -0,008117 123,200000 32,000000 32,000000 -20,200000
993 1675562656 -0,008117 123,200000 31,000000 31,000000 -20,200000
993 1675562657 -0,008117 123,200000 30,000000 30,000000 -20,200000
993 1675562658 0,004847 123,800000 30,600000 30,600000 -20,200000
993 1675562659 0,004847 123,800000 31,200000 31,200000 -20,200000
993 1675562660 0,004847 123,800000 31,800000 31,800000 -20,200000
993 1675562661 0,004847 123,800000 32,400000 32,400000 -20,200000
993 1675562662 0,004847 123,800000 33,000000 33,000000 -20,200000
993 1675562663 -0,006400 125,000000 32,200000 32,200000 -20,200000
993 1675562664 -0,006400 125,000000 31,400000 31,400000 -20,200000
993 1675562665 -0,006400 125,000000 30,600000 30,600000 -20,200000
993 1675562666 -0,006400 125,000000 29,800000 29,800000 -20,200000
993 1675562667 -0,006400 125,000000 29,000000 29,000000 -20,200000
993 1675562668 0,001582 126,400000 29,200000 29,200000 -20,200000
993 1675562669 0,001582 126,400000 29,400000 29,400000 -20,200000
993 1675562670 0,001582 126,400000 29,600000 29,600000 -20,200000
993 1675562671 0,001582 126,400000 29,800000 29,800000 -20,200000
993 1675562672 0,001582 126,400000 30,000000 30,000000 -20,200000
993 1675562673 -0,007874 127,000000 29,000000 29,000000 -20,200000
993 1675562674 -0,007874 127,000000 28,000000 28,000000 -20,200000
993 1675562675 -0,007874 127,000000 27,000000 27,000000 -20,200000
993 1675562676 -0,007874 127,000000 26,000000 26,000000 -20,200000
993 1675562677 -0,007874 127,000000 25,000000 25,000000 -20,200000
993 1675562678 0,000000 127,600000 25,000000 25,000000 -20,200000
993 1675562679 0,000000 127,600000 25,000000 25,000000 -20,200000
993 1675562680 0,000000 127,600000 25,000000 25,000000 -20,200000
993 1675562681 0,000000 127,600000 25,000000 25,000000 -20,200000
993 1675562682 0,000000 127,600000 25,000000 25,000000 -20,200000
993 1675562683 0,001562 128,000000 25,200000 25,200000 -20,200000
993 1675562684 0,001562 128,000000 25,400000 25,400000 -20,200000
993 1675562685 0,001563 128,000000 25,600000 25,600000 -20,200000
993 1675562686 0,001562 128,000000 25,800000 25,800000 -20,200000
993 1675562687 0,001562 128,000000 26,000000 26,000000 -20,200000
993 1675562688 0,010870 128,800000 27,400000 27,400000 -20,200000
993 1675562689 0,010870 128,800000 28,800000 28,800000 -20,200000
993 1675562690 0,010870 128,800000 30,200000 30,200000 -20,200000
993 1675562691 0,010870 128,800000 31,600000 31,600000 -20,200000
993 1675562692 0,010870 128,800000 33,000000 33,000000 -20,200000
993 1675562693 0,001548 129,200000 33,200000 33,200000 -20,200000
993 1675562694 0,001548 129,200000 33,400000 33,400000 -20,200000
993 1675562695 0,001548 129,200000 33,600000 33,600000 -20,200000
993 1675562696 0,001548 129,200000 33,800000 33,800000 -20,200000
993 1675562697 0,001548 129,200000 34,000000 34,000000 -20,200000
993 1675562698 -0,004615 130,000000 33,400000 33,400000 -20,200000
993 1675562699 -0,004615 130,000000 32,800000 32,800000 -20,200000
993 1675562700 -0,004615 130,000000 32,200000 32,200000 -20,200000
993 1675562701 -0,004615 130,000000 31,600000 31,600000 -20,200000
993 1675562702 -0,004615 130,000000 31,000000 31,000000 -20,200000
993 1675562703 0,009160 131,000000 32,200000 32,200000 -20,200000
993 1675562704 0,009160 131,000000 33,400000 33,400000 -20,200000
993 1675562705 0,009160 131,000000 34,600000 34,600000 -20,200000
993 1675562706 0,009160 131,000000 35,800000 35,800000 -20,200000
993 1675562707 0,009160 131,000000 37,000000 37,000000 -20,200000
993 1675562708 -0,001517 131,800000 36,800000 36,800000 -20,200000
993 1675562709 -0,001517 131,800000 36,600000 36,600000 -20,200000
993 1675562710 -0,001517 131,800000 36,400000 36,400000 -20,200000
993 1675562711 -0,001517 131,800000 36,200000 36,200000 -20,200000
993 1675562712 -0,001517 131,800000 36,000000 36,000000 -20,200000
993 1675562713 -0,012066 132,600000 34,400000 34,400000 -20,200000
993 1675562714 -0,012066 132,600000 32,800000 32,800000 -20,200000
993 1675562715 -0,012066 132,600000 31,200000 31,200000 -20,200000
993 1675562716 -0,012066 132,600000 29,600000 29,600000 -20,200000
993 1675562717 -0,012066 132,600000 28,000000 28,000000 -20,200000
993 1675562718 -0,003003 133,200000 27,600000 27,600000 -20,200000
993 1675562719 -0,003003 133,200000 27,200000 27,200000 -20,200000
993 1675562720 -0,003003 133,200000 26,800000 26,800000 -20,200000
993 1675562721 -0,003003 133,200000 26,400000 26,400000 -20,200000
993 1675562722 -0,003003 133,200000 26,000000 26,000000 -20,200000
993 1675562723 0,004484 133,800000 26,600000 26,600000 -20,200000
993 1675562724 0,004484 133,800000 27,200000 27,200000 -20,200000
993 1675562725 0,004484 133,800000 27,800000 27,800000 -20,200000
993 1675562726 0,004484 133,800000 28,400000 28,400000 -20,200000
993 1675562727 0,004484 133,800000 29,000000 29,000000 -20,200000
993 1675562728 0,004464 134,400000 29,600000 29,600000 -20,200000
993 1675562729 0,004464 134,400000 30,200000 30,200000 -20,200000
993 1675562730 0,004464 134,400000 30,800000 30,800000 -20,200000
993 1675562731 0,004464 134,400000 31,400000 31,400000 -20,200000
993 1675562732 0,004464 134,400000 32,000000 32,000000 -20,200000
993 1675562733 -0,002972 134,600000 31,600000 31,600000 -20,200000
993 1675562734 -0,002972 134,600000 31,200000 31,200000 -20,200000
993 1675562735 -0,002972 134,600000 30,800000 30,800000 -20,200000
993 1675562736 -0,002972 134,600000 30,400000 30,400000 -20,200000
993 1675562737 -0,002972 134,600000 30,000000 30,000000 -20,200000
993 1675562738 -0,002967 134,800000 29,600000 29,600000 -20,200000
993 1675562739 -0,002967 134,800000 29,200000 29,200000 -20,200000
993 1675562740 -0,002967 134,800000 28,800000 28,800000 -20,200000
993 1675562741 -0,002967 134,800000 28,400000 28,400000 -20,200000
993 1675562742 -0,002967 134,800000 28,000000 28,000000 -20,200000
993 1675562743 -0,004438 135,200000 27,400000 27,400000 -20,200000
993 1675562744 -0,004438 135,200000 26,800000 26,800000 -20,200000
993 1675562745 -0,004438 135,200000 26,200000 26,200000 -20,200000
993 1675562746 -0,004438 135,200000 25,600000 25,600000 -20,200000
993 1675562747 -0,004438 135,200000 25,000000 25,000000 -20,200000
993 1675562748 0,001475 135,600000 25,200000 25,200000 -20,200000
993 1675562749 0,001475 135,600000 25,400000 25,400000 -20,200000
993 1675562750 0,001475 135,600000 25,600000 25,600000 -20,200000
993 1675562751 0,001475 135,600000 25,800000 25,800000 -20,200000
993 1675562752 0,001475 135,600000 26,000000 26,000000 -20,200000
993 1675562753 0,007321 136,600000 27,000000 27,000000 -20,200000
993 1675562754 0,007321 136,600000 28,000000 28,000000 -20,200000
993 1675562755 0,007321 136,600000 29,000000 29,000000 -20,200000
993 1675562756 0,007321 136,600000 30,000000 30,000000 -20,200000
993 1675562757 0,007321 136,600000 31,000000 31,000000 -20,200000
993 1675562758 0,004360 137,600000 31,600000 31,600000 -20,200000
993 1675562759 0,004360 137,600000 32,200000 32,200000 -20,200000
993 1675562760 0,004360 137,600000 32,800000 32,800000 -20,200000
993 1675562761 0,004360 137,600000 33,400000 33,400000 -20,200000
993 1675562762 0,004360 137,600000 34,000000 34,000000 -20,200000
993 1675562763 0,001437 139,200000 34,200000 34,200000 -20,200000
993 1675562764 0,001437 139,200000 34,400000 34,400000 -20,200000
993 1675562765 0,001437 139,200000 34,600000 34,600000 -20,200000
993 1675562766 0,001437 139,200000 34,800000 34,800000 -20,200000
993 1675562767 0,001437 139,200000 35,000000 35,000000 -20,200000
993 1675562768 0,011429 140,000000 36,600000 36,600000 -20,200000
993 1675562769 0,011429 140,000000 38,200000 38,200000 -20,200000
993 1675562770 0,011429 140,000000 39,800000 39,800000 -20,200000
993 1675562771 0,011429 140,000000 41,400000 41,400000 -20,200000
993 1675562772 0,011429 140,000000 43,000000 43,000000 -20,200000
993 1675562773 -0,016997 141,200000 40,600000 40,600000 -20,200000
993 1675562774 -0,016997 141,200000 38,200000 38,200000 -20,200000
993 1675562775 -0,016997 141,200000 35,800000 35,800000 -20,200000
993 1675562776 -0,016997 141,200000 33,400000 33,400000 -20,200000
993 1675562777 -0,016997 141,200000 31,000000 31,000000 -20,200000
993 1675562778 -0,004219 142,200000 30,400000 30,400000 -20,200000
993 1675562779 -0,004219 142,200000 29,800000 29,800000 -20,200000
993 1675562780 -0,004219 142,200000 29,200000 29,200000 -20,200000
993 1675562781 -0,004219 142,200000 28,600000 28,600000 -20,200000
993 1675562782 -0,004219 142,200000 28,000000 28,000000 -20,200000
993 1675562783 0,002805 142,600000 28,400000 28,400000 -20,200000
993 1675562784 0,002805 142,600000 28,800000 28,800000 -20,200000
993 1675562785 0,002805 142,600000 29,200000 29,200000 -20,200000
993 1675562786 0,002805 142,600000 29,600000 29,600000 -20,200000
993 1675562787 0,002805 142,600000 30,000000 30,000000 -20,200000
993 1675562788 -0,002789 143,400000 29,600000 29,600000 -20,200000
993 1675562789 -0,002789 143,400000 29,200000 29,200000 -20,200000
993 1675562790 -0,002789 143,400000 28,800000 28,800000 -20,200000
993 1675562791 -0,002789 143,400000 28,400000 28,400000 -20,200000
993 1675562792 -0,002789 143,400000 28,000000 28,000000 -20,200000
993 1675562793 0,000000 144,200000 28,000000 28,000000 -20,200000
993 1675562794 0,000000 144,200000 28,000000 28,000000 -20,200000
993 1675562795 0,000000 144,200000 28,000000 28,000000 -20,200000
993 1675562796 0,000000 144,200000 28,000000 28,000000 -20,200000
993 1675562797 0,000000 144,200000 28,000000 28,000000 -20,200000
993 1675562798 0,001385 144,400000 28,200000 28,200000 -20,200000
993 1675562799 0,001385 144,400000 28,400000 28,400000 -20,200000
993 1675562800 0,001385 144,400000 28,600000 28,600000 -20,200000
993 1675562801 0,001385 144,400000 28,800000 28,800000 -20,200000
993 1675562802 0,001385 144,400000 29,000000 29,000000 -20,200000
993 1675562803 0,004149 144,600000 29,600000 29,600000 -20,200000
993 1675562804 0,004149 144,600000 30,200000 30,200000 -20,200000
993 1675562805 0,004149 144,600000 30,800000 30,800000 -20,200000
993 1675562806 0,004149 144,600000 31,400000 31,400000 -20,200000
993 1675562807 0,004149 144,600000 32,000000 32,000000 -20,200000
993 1675562808 -0,002762 144,800000 31,600000 31,600000 -20,200000
993 1675562809 -0,002762 144,800000 31,200000 31,200000 -20,200000
993 1675562810 -0,002762 144,800000 30,800000 30,800000 -20,200000
993 1675562811 -0,002762 144,800000 30,400000 30,400000 -20,200000
993 1675562812 -0,002762 144,800000 30,000000 30,000000 -20,200000
993 1675562813 -0,002755 145,200000 29,600000 29,600000 -20,200000
993 1675562814 -0,002755 145,200000 29,200000 29,200000 -20,200000
993 1675562815 -0,002755 145,200000 28,800000 28,800000 -20,200000
993 1675562816 -0,002755 145,200000 28,400000 28,400000 -20,200000
993 1675562817 -0,002755 145,200000 28,000000 28,000000 -20,200000
993 1675562818 0,001372 145,800000 28,200000 28,200000 -20,200000
993 1675562819 0,001372 145,800000 28,400000 28,400000 -20,200000
993 1675562820 0,001372 145,800000 28,600000 28,600000 -20,200000
993 1675562821 0,001372 145,800000 28,800000 28,800000 -20,200000
993 1675562822 0,001372 145,800000 29,000000 29,000000 -20,200000
993 1675562823 -0,001362 146,800000 28,800000 28,800000 -20,200000
993 1675562824 -0,001362 146,800000 28,600000 28,600000 -20,200000
993 1675562825 -0,001362 146,800000 28,400000 28,400000 -20,200000
993 1675562826 -0,001362 146,800000 28,200000 28,200000 -20,200000
993 1675562827 -0,001362 146,800000 28,000000 28,000000 -20,200000
993 1675562828 0,005391 148,400000 28,800000 28,800000 -20,200000
993 1675562829 0,005391 148,400000 29,600000 29,600000 -20,200000
993 1675562830 0,005391 148,400000 30,400000 30,400000 -20,200000
993 1675562831 0,005391 148,400000 31,200000 31,200000 -20,200000
993 1675562832 0,005391 148,400000 32,000000 32,000000 -20,200000
993 1675562833 -0,004021 149,200000 31,400000 31,400000 -20,200000
993 1675562834 -0,004021 149,200000 30,800000 30,800000 -20,200000
993 1675562835 -0,004021 149,200000 30,200000 30,200000 -20,200000
993 1675562836 -0,004021 149,200000 29,600000 29,600000 -20,200000
993 1675562837 -0,004021 149,200000 29,000000 29,000000 -20,200000
993 1675562838 0,001330 150,400000 29,200000 29,200000 -20,200000
993 1675562839 0,001330 150,400000 29,400000 29,400000 -20,200000
993 1675562840 0,001330 150,400000 29,600000 29,600000 -20,200000
993 1675562841 0,001330 150,400000 29,800000 29,800000 -20,200000
993 1675562842 0,001330 150,400000 30,000000 30,000000 -20,200000
993 1675562843 -0,006623 151,000000 29,000000 29,000000 -20,200000
993 1675562844 -0,006623 151,000000 28,000000 28,000000 -20,200000
993 1675562845 -0,006623 151,000000 27,000000 27,000000 -20,200000
993 1675562846 -0,006623 151,000000 26,000000 26,000000 -20,200000
993 1675562847 -0,006623 151,000000 25,000000 25,000000 -20,200000
993 1675562848 0,002642 151,400000 25,400000 25,400000 -20,200000
993 1675562849 0,002642 151,400000 25,800000 25,800000 -20,200000
993 1675562850 0,002642 151,400000 26,200000 26,200000 -20,200000
993 1675562851 0,002642 151,400000 26,600000 26,600000 -20,200000
993 1675562852 0,002642 151,400000 27,000000 27,000000 -20,200000
993 1675562853 0,005249 152,400000 27,800000 27,800000 -20,200000
993 1675562854 0,005249 152,400000 28,600000 28,600000 -20,200000
993 1675562855 0,005249 152,400000 29,400000 29,400000 -20,200000
993 1675562856 0,005249 152,400000 30,200000 30,200000 -20,200000
993 1675562857 0,005249 152,400000 31,000000 31,000000 -20,200000
993 1675562858 0,005229 153,000000 31,800000 31,800000 -20,200000
993 1675562859 0,005229 153,000000 32,600000 32,600000 -20,200000
993 1675562860 0,005229 153,000000 33,400000 33,400000 -20,200000
993 1675562861 0,005229 153,000000 34,200000 34,200000 -20,200000
993 1675562862 0,005229 153,000000 35,000000 35,000000 -20,200000
993 1675562863 -0,007792 154,000000 33,800000 33,800000 -20,200000
993 1675562864 -0,007792 154,000000 32,600000 32,600000 -20,200000
993 1675562865 -0,007792 154,000000 31,400000 31,400000 -20,200000
993 1675562866 -0,007792 154,000000 30,200000 30,200000 -20,200000
993 1675562867 -0,007792 154,000000 29,000000 29,000000 -20,200000
993 1675562868 0,003891 154,200000 29,600000 29,600000 -20,200000
993 1675562869 0,003891 154,200000 30,200000 30,200000 -20,200000
993 1675562870 0,003891 154,200000 30,800000 30,800000 -20,200000
993 1675562871 0,003891 154,200000 31,400000 31,400000 -20,200000
993 1675562872 0,003891 154,200000 32,000000 32,000000 -20,200000
993 1675562873 -0,005168 154,800000 31,200000 31,200000 -20,200000
993 1675562874 -0,005168 154,800000 30,400000 30,400000 -20,200000
993 1675562875 -0,005168 154,800000 29,600000 29,600000 -20,200000
993 1675562876 -0,005168 154,800000 28,800000 28,800000 -20,200000
993 1675562877 -0,005168 154,800000 28,000000 28,000000 -20,200000
993 1675562878 0,003871 155,000000 28,600000 28,600000 -20,200000
993 1675562879 0,003871 155,000000 29,200000 29,200000 -20,200000
993 1675562880 0,003871 155,000000 29,800000 29,800000 -20,200000
993 1675562881 0,003871 155,000000 30,400000 30,400000 -20,200000
993 1675562882 0,003871 155,000000 31,000000 31,000000 -20,200000
993 1675562883 -0,001287 155,400000 30,800000 30,800000 -20,200000
993 1675562884 -0,001287 155,400000 30,600000 30,600000 -20,200000
993 1675562885 -0,001287 155,400000 30,400000 30,400000 -20,200000
993 1675562886 -0,001287 155,400000 30,200000 30,200000 -20,200000
993 1675562887 -0,001287 155,400000 30,000000 30,000000 -20,200000
993 1675562888 0,000000 156,000000 30,000000 30,000000 -20,200000
993 1675562889 0,000000 156,000000 30,000000 30,000000 -20,200000
993 1675562890 0,000000 156,000000 30,000000 30,000000 -20,200000
993 1675562891 0,000000 156,000000 30,000000 30,000000 -20,200000
993 1675562892 0,000000 156,000000 30,000000 30,000000 -20,200000
993 1675562893 -0,001277 156,600000 29,800000 29,800000 -20,200000
993 1675562894 -0,001277 156,600000 29,600000 29,600000 -20,200000
993 1675562895 -0,001277 156,600000 29,400000 29,400000 -20,200000
993 1675562896 -0,001277 156,600000 29,200000 29,200000 -20,200000
993 1675562897 -0,001277 156,600000 29,000000 29,000000 -20,200000
993 1675562898 -0,005083 157,400000 28,200000 28,200000 -20,200000
993 1675562899 -0,005083 157,400000 27,400000 27,400000 -20,200000
993 1675562900 -0,005083 157,400000 26,600000 26,600000 -20,200000
993 1675562901 -0,005083 157,400000 25,800000 25,800000 -20,200000
993 1675562902 -0,005083 157,400000 25,000000 25,000000 -20,200000
993 1675562903 -0,003783 158,600000 24,400000 24,400000 -20,200000
993 1675562904 -0,003783 158,600000 23,800000 23,800000 -20,200000
993 1675562905 -0,003783 158,600000 23,200000 23,200000 -20,200000
993 1675562906 -0,003783 158,600000 22,600000 22,600000 -20,200000
993 1675562907 -0,003783 158,600000 22,000000 22,000000 -20,200000
993 1675562908 0,000000 158,800000 22,000000 22,000000 -20,200000
993 1675562909 0,000000 158,800000 22,000000 22,000000 -20,200000
993 1675562910 0,000000 158,800000 22,000000 22,000000 -20,200000
993 1675562911 0,000000 158,800000 22,000000 22,000000 -20,200000
993 1675562912 0,000000 158,800000 22,000000 22,000000 -20,200000
993 1675562913 0,005013 159,600000 22,800000 22,800000 -20,200000
993 1675562914 0,005013 159,600000 23,600000 23,600000 -20,200000
993 1675562915 0,005013 159,600000 24,400000 24,400000 -20,200000
993 1675562916 0,005013 159,600000 25,200000 25,200000 -20,200000
993 1675562917 0,005013 159,600000 26,000000 26,000000 -20,200000
993 1675562918 0,000000 160,400000 26,000000 26,000000 -20,200000
993 1675562919 0,000000 160,400000 26,000000 26,000000 -20,200000
993 1675562920 0,000000 160,400000 26,000000 26,000000 -20,200000
993 1675562921 0,000000 160,400000 26,000000 26,000000 -20,200000
993 1675562922 0,000000 160,400000 26,000000 26,000000 -20,200000
993 1675562923 0,000000 160,400000 26,000000 26,000000 -20,200000
993 1675562924 0,000000 160,400000 26,000000 26,000000 -20,200000
993 1675562925 0,000000 160,400000 26,000000 26,000000 -20,200000
993 1675562926 0,000000 160,400000 26,000000 26,000000 -20,200000
993 1675562927 0,000000 160,400000 26,000000 26,000000 -20,200000
993 1675562928 0,001245 160,600000 26,200000 26,200000 -20,200000
993 1675562929 0,001245 160,600000 26,400000 26,400000 -20,200000
993 1675562930 0,001245 160,600000 26,600000 26,600000 -20,200000
993 1675562931 0,001245 160,600000 26,800000 26,800000 -20,200000
993 1675562932 0,001245 160,600000 27,000000 27,000000 -20,200000
993 1675562933 0,003722 161,200000 27,600000 27,600000 -20,200000
993 1675562934 0,003722 161,200000 28,200000 28,200000 -20,200000
993 1675562935 0,003722 161,200000 28,800000 28,800000 -20,200000
993 1675562936 0,003722 161,200000 29,400000 29,400000 -20,200000
993 1675562937 0,003722 161,200000 30,000000 30,000000 -20,200000
993 1675562938 0,000000 162,200000 30,000000 30,000000 -20,200000
993 1675562939 0,000000 162,200000 30,000000 30,000000 -20,200000
993 1675562940 0,000000 162,200000 30,000000 30,000000 -20,200000
993 1675562941 0,000000 162,200000 30,000000 30,000000 -20,200000
993 1675562942 0,000000 162,200000 30,000000 30,000000 -20,200000
993 1675562943 -0,002463 162,400000 29,600000 29,600000 -20,200000
993 1675562944 -0,002463 162,400000 29,200000 29,200000 -20,200000
993 1675562945 -0,002463 162,400000 28,800000 28,800000 -20,200000
993 1675562946 -0,002463 162,400000 28,400000 28,400000 -20,200000
993 1675562947 -0,002463 162,400000 28,000000 28,000000 -20,200000
993 1675562948 0,002457 162,800000 28,400000 28,400000 -20,200000
993 1675562949 0,002457 162,800000 28,800000 28,800000 -20,200000
993 1675562950 0,002457 162,800000 29,200000 29,200000 -20,200000
993 1675562951 0,002457 162,800000 29,600000 29,600000 -20,200000
993 1675562952 0,002457 162,800000 30,000000 30,000000 -20,200000
993 1675562953 0,006112 163,600000 31,000000 31,000000 -20,200000
993 1675562954 0,006112 163,600000 32,000000 32,000000 -20,200000
993 1675562955 0,006112 163,600000 33,000000 33,000000 -20,200000
993 1675562956 0,006112 163,600000 34,000000 34,000000 -20,200000
993 1675562957 0,006112 163,600000 35,000000 35,000000 -20,200000
993 1675562958 0,001217 164,400000 35,200000 35,200000 -20,200000
993 1675562959 0,001217 164,400000 35,400000 35,400000 -20,200000
993 1675562960 0,001217 164,400000 35,600000 35,600000 -20,200000
993 1675562961 0,001217 164,400000 35,800000 35,800000 -20,200000
993 1675562962 0,001217 164,400000 36,000000 36,000000 -20,200000
993 1675562963 -0,006031 165,800000 35,000000 35,000000 -20,200000
993 1675562964 -0,006031 165,800000 34,000000 34,000000 -20,200000
993 1675562965 -0,006031 165,800000 33,000000 33,000000 -20,200000
993 1675562966 -0,006031 165,800000 32,000000 32,000000 -20,200000
993 1675562967 -0,006031 165,800000 31,000000 31,000000 -20,200000
993 1675562968 0,000000 166,600000 31,000000 31,000000 -20,200000
993 1675562969 0,000000 166,600000 31,000000 31,000000 -20,200000
993 1675562970 0,000000 166,600000 31,000000 31,000000 -20,200000
993 1675562971 0,000000 166,600000 31,000000 31,000000 -20,200000
993 1675562972 0,000000 166,600000 31,000000 31,000000 -20,200000
993 1675562973 -0,005959 167,800000 30,000000 30,000000 -20,200000
993 1675562974 -0,005959 167,800000 29,000000 29,000000 -20,200000
993 1675562975 -0,005959 167,800000 28,000000 28,000000 -20,200000
993 1675562976 -0,005959 167,800000 27,000000 27,000000 -20,200000
993 1675562977 -0,005959 167,800000 26,000000 26,000000 -20,200000
993 1675562978 -0,002361 169,400000 25,600000 25,600000 -20,200000
993 1675562979 -0,002361 169,400000 25,200000 25,200000 -20,200000
993 1675562980 -0,002361 169,400000 24,800000 24,800000 -20,200000
993 1675562981 -0,002361 169,400000 24,400000 24,400000 -20,200000
993 1675562982 -0,002361 169,400000 24,000000 24,000000 -20,200000
993 1675562983 0,001178 169,800000 24,200000 24,200000 -20,200000
993 1675562984 0,001178 169,800000 24,400000 24,400000 -20,200000
993 1675562985 0,001178 169,800000 24,600000 24,600000 -20,200000
993 1675562986 0,001178 169,800000 24,800000 24,800000 -20,200000
993 1675562987 0,001178 169,800000 25,000000 25,000000 -20,200000
993 1675562988 0,003525 170,200000 25,600000 25,600000 -20,200000
993 1675562989 0,003525 170,200000 26,200000 26,200000 -20,200000
993 1675562990 0,003525 170,200000 26,800000 26,800000 -20,200000
993 1675562991 0,003525 170,200000 27,400000 27,400000 -20,200000
993 1675562992 0,003525 170,200000 28,000000 28,000000 -20,200000
993 1675562993 0,000000 170,200000 28,000000 28,000000 -20,200000
993 1675562994 0,000000 170,200000 28,000000 28,000000 -20,200000
993 1675562995 0,000000 170,200000 28,000000 28,000000 -20,200000
993 1675562996 0,000000 170,200000 28,000000 28,000000 -20,200000
993 1675562997 0,000000 170,200000 28,000000 28,000000 -20,200000
993 1675562998 0,002345 170,600000 28,400000 28,400000 -20,200000
993 1675562999 0,002345 170,600000 28,800000 28,800000 -20,200000
993 1675563000 0,002345 170,600000 29,200000 29,200000 -20,200000
993 1675563001 0,002345 170,600000 29,600000 29,600000 -20,200000
993 1675563002 0,002345 170,600000 30,000000 30,000000 -20,200000
993 1675563003 0,007009 171,200000 31,200000 31,200000 -20,200000
993 1675563004 0,007009 171,200000 32,400000 32,400000 -20,200000
993 1675563005 0,007009 171,200000 33,600000 33,600000 -20,200000
993 1675563006 0,007009 171,200000 34,800000 34,800000 -20,200000
993 1675563007 0,007009 171,200000 36,000000 36,000000 -20,200000
993 1675563008 0,002323 172,200000 36,400000 36,400000 -20,200000
993 1675563009 0,002323 172,200000 36,800000 36,800000 -20,200000
993 1675563010 0,002323 172,200000 37,200000 37,200000 -20,200000
993 1675563011 0,002323 172,200000 37,600000 37,600000 -20,200000
993 1675563012 0,002323 172,200000 38,000000 38,000000 -20,200000
993 1675563013 -0,003460 173,400000 37,400000 37,400000 -20,200000
993 1675563014 -0,003460 173,400000 36,800000 36,800000 -20,200000
993 1675563015 -0,003460 173,400000 36,200000 36,200000 -20,200000
993 1675563016 -0,003460 173,400000 35,600000 35,600000 -20,200000
993 1675563017 -0,003460 173,400000 35,000000 35,000000 -20,200000
993 1675563018 -0,004603 173,800000 34,200000 34,200000 -20,200000
993 1675563019 -0,004603 173,800000 33,400000 33,400000 -20,200000
993 1675563020 -0,004603 173,800000 32,600000 32,600000 -20,200000
993 1675563021 -0,004603 173,800000 31,800000 31,800000 -20,200000
993 1675563022 -0,004603 173,800000 31,000000 31,000000 -20,200000
993 1675563023 -0,002296 174,200000 30,600000 30,600000 -20,200000
993 1675563024 -0,002296 174,200000 30,200000 30,200000 -20,200000
993 1675563025 -0,002296 174,200000 29,800000 29,800000 -20,200000
993 1675563026 -0,002296 174,200000 29,400000 29,400000 -20,200000
993 1675563027 -0,002296 174,200000 29,000000 29,000000 -20,200000
993 1675563028 -0,003432 174,800000 28,400000 28,400000 -20,200000
993 1675563029 -0,003432 174,800000 27,800000 27,800000 -20,200000
993 1675563030 -0,003432 174,800000 27,200000 27,200000 -20,200000
993 1675563031 -0,003432 174,800000 26,600000 26,600000 -20,200000
993 1675563032 -0,003432 174,800000 26,000000 26,000000 -20,200000
993 1675563033 0,001143 175,000000 26,200000 26,200000 -20,200000
993 1675563034 0,001143 175,000000 26,400000 26,400000 -20,200000
993 1675563035 0,001143 175,000000 26,600000 26,600000 -20,200000
993 1675563036 0,001143 175,000000 26,800000 26,800000 -20,200000
993 1675563037 0,001143 175,000000 27,000000 27,000000 -20,200000
993 1675563038 0,001139 175,600000 27,200000 27,200000 -20,200000
993 1675563039 0,001139 175,600000 27,400000 27,400000 -20,200000
993 1675563040 0,001139 175,600000 27,600000 27,600000 -20,200000
993 1675563041 0,001139 175,600000 27,800000 27,800000 -20,200000
993 1675563042 0,001139 175,600000 28,000000 28,000000 -20,200000
993 1675563043 -0,004535 176,400000 27,200000 27,200000 -20,200000
993 1675563044 -0,004535 176,400000 26,400000 26,400000 -20,200000
993 1675563045 -0,004535 176,400000 25,600000 25,600000 -20,200000
993 1675563046 -0,004535 176,400000 24,800000 24,800000 -20,200000
993 1675563047 -0,004535 176,400000 24,000000 24,000000 -20,200000
993 1675563048 0,001130 177,000000 24,200000 24,200000 -20,200000
993 1675563049 0,001130 177,000000 24,400000 24,400000 -20,200000
993 1675563050 0,001130 177,000000 24,600000 24,600000 -20,200000
993 1675563051 0,001130 177,000000 24,800000 24,800000 -20,200000
993 1675563052 0,001130 177,000000 25,000000 25,000000 -20,200000
993 1675563053 0,002250 177,800000 25,400000 25,400000 -20,200000
993 1675563054 0,002250 177,800000 25,800000 25,800000 -20,200000
993 1675563055 0,002250 177,800000 26,200000 26,200000 -20,200000
993 1675563056 0,002250 177,800000 26,600000 26,600000 -20,200000
993 1675563057 0,002250 177,800000 27,000000 27,000000 -20,200000
993 1675563058 0,004484 178,400000 27,800000 27,800000 -20,200000
993 1675563059 0,004484 178,400000 28,600000 28,600000 -20,200000
993 1675563060 0,004484 178,400000 29,400000 29,400000 -20,200000
993 1675563061 0,004484 178,400000 30,200000 30,200000 -20,200000
993 1675563062 0,004484 178,400000 31,000000 31,000000 -20,200000
993 1675563063 0,003341 179,600000 31,600000 31,600000 -20,200000
993 1675563064 0,003341 179,600000 32,200000 32,200000 -20,200000
993 1675563065 0,003341 179,600000 32,800000 32,800000 -20,200000
993 1675563066 0,003341 179,600000 33,400000 33,400000 -20,200000
993 1675563067 0,003341 179,600000 34,000000 34,000000 -20,200000
993 1675563068 0,002220 180,200000 34,400000 34,400000 -20,200000
993 1675563069 0,002220 180,200000 34,800000 34,800000 -20,200000
993 1675563070 0,002220 180,200000 35,200000 35,200000 -20,200000
993 1675563071 0,002220 180,200000 35,600000 35,600000 -20,200000
993 1675563072 0,002220 180,200000 36,000000 36,000000 -20,200000
993 1675563073 -0,007735 181,000000 34,600000 34,600000 -20,200000
993 1675563074 -0,007735 181,000000 33,200000 33,200000 -20,200000
993 1675563075 -0,007735 181,000000 31,800000 31,800000 -20,200000
