1151 1675591306 0,200000 -1,000000 -101,000000 0,000000 0,000000
1151 1675591307 0,200000 -1,000000 -101,000000 0,000000 0,000000
1151 1675591308 0,200000 -1,000000 -101,000000 0,000000 0,000000
1151 1675591309 0,200000 -1,000000 -101,000000 0,000000 0,000000
1151 1675591310 0,200000 -1,000000 -101,000000 0,000000 0,000000
1151 1675591336 0,200000 -1,000000 -101,000000 0,000000 0,000000
1151 1675591337 0,200000 -1,000000 -101,000000 0,000000 0,000000
1151 1675591338 0,200000 -1,000000 -101,000000 0,000000 0,000000
1151 1675591339 0,200000 -1,000000 -101,000000 0,000000 0,000000
1151 1675591340 0,200000 -1,000000 -101,000000 0,000000 0,000000
1151 1675591366 0,200000 -1,000000 -101,000000 0,000000 0,000000
1151 1675591367 0,200000 -1,000000 -101,000000 0,000000 0,000000
1151 1675591368 0,200000 -1,000000 -101,000000 0,000000 0,000000
1151 1675591369 0,200000 -1,000000 -101,000000 0,000000 0,000000
1151 1675591370 0,200000 -1,000000 -101,000000 0,000000 0,000000
1151 1675591371 0,200000 -1,000000 -101,000000 0,000000 0,000000
1151 1675591372 0,200000 -1,000000 -101,000000 0,000000 0,000000
1151 1675591373 0,200000 -1,000000 -101,000000 0,000000 0,000000
1151 1675591374 0,200000 -1,000000 -101,000000 0,000000 0,000000
1151 1675591375 0,200000 -1,000000 -101,000000 0,000000 0,000000
1151 1675591376 0,200000 -1,000000 -101,000000 0,000000 0,000000
1151 1675591377 0,200000 -1,000000 -101,000000 0,000000 0,000000
1151 1675591378 0,200000 -1,000000 -101,000000 0,000000 0,000000
1151 1675591379 0,200000 -1,000000 -101,000000 0,000000 0,000000
1151 1675591380 0,200000 -1,000000 -101,000000 0,000000 0,000000
1151 1675591381 0,400000 -1,000000 -101,000000 0,000000 0,000000
1151 1675591382 0,400000 -1,000000 -101,000000 0,000000 0,000000
1151 1675591383 0,400000 -1,000000 -101,000000 0,000000 0,000000
1151 1675591384 0,400000 -1,000000 -101,000000 0,000000 0,000000
1151 1675591385 0,400000 -1,000000 -101,000000 0,000000 0,000000
1151 1675591386 0,200000 -1,000000 -101,000000 0,000000 0,000000
1151 1675591387 0,200000 -1,000000 -101,000000 0,000000 0,000000
1151 1675591388 0,200000 -1,000000 -101,000000 0,000000 0,000000
1151 1675591389 0,200000 -1,000000 -101,000000 0,000000 0,000000
1151 1675591390 0,200000 -1,000000 -101,000000 0,000000 0,000000
1151 1675591421 0,400000 -1,000000 -101,000000 0,000000 0,000000
1151 1675591422 0,400000 -1,000000 -101,000000 0,000000 0,000000
1151 1675591423 0,400000 -1,000000 -101,000000 0,000000 0,000000
1151 1675591424 0,400000 -1,000000 -101,000000 0,000000 0,000000
1151 1675591425 0,400000 -1,000000 -101,000000 0,000000 0,000000
1151 1675591426 0,400000 -1,000000 -101,000000 0,000000 0,000000
1151 1675591427 0,400000 -1,000000 -101,000000 0,000000 0,000000
1151 1675591428 0,400000 -1,000000 -101,000000 0,000000 0,000000
1151 1675591429 0,400000 -1,000000 -101,000000 0,000000 0,000000
1151 1675591430 0,400000 -1,000000 -101,000000 0,000000 0,000000
1151 1675591431 0,200000 -1,000000 -101,000000 0,000000 0,000000
1151 1675591432 0,200000 -1,000000 -101,000000 0,000000 0,000000
1151 1675591433 0,200000 -1,000000 -101,000000 0,000000 0,000000
1151 1675591434 0,200000 -1,000000 -101,000000 0,000000 0,000000
1151 1675591435 0,200000 -1,000000 -101,000000 0,000000 0,000000
1151 1675591451 0,200000 -1,000000 -101,000000 0,000000 0,000000
1151 1675591452 0,200000 -1,000000 -101,000000 0,000000 0,000000
1151 1675591453 0,200000 -1,000000 -101,000000 0,000000 0,000000
1151 1675591454 0,200000 -1,000000 -101,000000 0,000000 0,000000
1151 1675591455 0,200000 -1,000000 -101,000000 0,000000 0,000000
1151 1675591456 0,200000 -1,000000 -101,000000 0,000000 0,000000
1151 1675591457 0,200000 -1,000000 -101,000000 0,000000 0,000000
1151 1675591458 0,200000 -1,000000 -101,000000 0,000000 0,000000
1151 1675591459 0,200000 -1,000000 -101,000000 0,000000 0,000000
1151 1675591460 0,200000 -1,000000 -101,000000 0,000000 0,000000
1151 1675591461 0,400000 -1,000000 -101,000000 0,000000 0,000000
1151 1675591462 0,400000 -1,000000 -101,000000 0,000000 0,000000
1151 1675591463 0,400000 -1,000000 -101,000000 0,000000 0,000000
1151 1675591464 0,400000 -1,000000 -101,000000 0,000000 0,000000
1151 1675591465 0,400000 -1,000000 -101,000000 0,000000 0,000000
1151 1675591486 0,200000 -1,000000 -101,000000 0,000000 0,000000
1151 1675591487 0,200000 -1,000000 -101,000000 0,000000 0,000000
1151 1675591488 0,200000 -1,000000 -101,000000 0,000000 0,000000
1151 1675591489 0,200000 -1,000000 -101,000000 0,000000 0,000000
1151 1675591490 0,200000 -1,000000 -101,000000 0,000000 0,000000
1151 1675591491 0,200000 -1,000000 -101,000000 0,000000 0,000000
1151 1675591492 0,200000 -1,000000 -101,000000 0,000000 0,000000
1151 1675591493 0,200000 -1,000000 -101,000000 0,000000 0,000000
1151 1675591494 0,200000 -1,000000 -101,000000 0,000000 0,000000
1151 1675591495 0,200000 -1,000000 -101,000000 0,000000 0,000000
1151 1675591501 0,400000 -1,000000 -101,000000 0,000000 0,000000
1151 1675591502 0,400000 -1,000000 -101,000000 0,000000 0,000000
1151 1675591503 0,400000 -1,000000 -101,000000 0,000000 0,000000
1151 1675591504 0,400000 -1,000000 -101,000000 0,000000 0,000000
1151 1675591505 0,400000 -1,000000 -101,000000 0,000000 0,000000
1151 1675591506 0,200000 -1,000000 -101,000000 0,000000 0,000000
1151 1675591507 0,200000 -1,000000 -101,000000 0,000000 0,000000
1151 1675591508 0,200000 -1,000000 -101,000000 0,000000 0,000000
1151 1675591509 0,200000 -1,000000 -101,000000 0,000000 0,000000
1151 1675591510 0,200000 -1,000000 -101,000000 0,000000 0,000000
1151 1675591511 0,400000 -1,000000 -101,000000 0,000000 0,000000
1151 1675591512 0,400000 -1,000000 -101,000000 0,000000 0,000000
1151 1675591513 0,400000 -1,000000 -101,000000 0,000000 0,000000
1151 1675591514 0,400000 -1,000000 -101,000000 0,000000 0,000000
1151 1675591515 0,400000 -1,000000 -101,000000 0,000000 0,000000
1151 1675591516 0,400000 -1,000000 -101,000000 0,000000 0,000000
1151 1675591517 0,400000 -1,000000 -101,000000 0,000000 0,000000
1151 1675591518 0,400000 -1,000000 -101,000000 0,000000 0,000000
1151 1675591519 0,400000 -1,000000 -101,000000 0,000000 0,000000
1151 1675591520 0,400000 -1,000000 -101,000000 0,000000 0,000000
1151 1675591521 0,600000 -1,000000 -101,000000 0,000000 0,000000
1151 1675591522 0,600000 -1,000000 -101,000000 0,000000 0,000000
1151 1675591523 0,600000 -1,000000 -101,000000 0,000000 0,000000
1151 1675591524 0,600000 -1,000000 -101,000000 0,000000 0,000000
1151 1675591525 0,600000 -1,000000 -101,000000 0,000000 0,000000
1151 1675591526 0,600000 -1,000000 -101,000000 0,000000 0,000000
1151 1675591527 0,600000 -1,000000 -101,000000 0,000000 0,000000
1151 1675591528 0,600000 -1,000000 -101,000000 0,000000 0,000000
1151 1675591529 0,600000 -1,000000 -101,000000 0,000000 0,000000
1151 1675591530 0,600000 -1,000000 -101,000000 0,000000 0,000000
1151 1675591531 0,600000 -1,000000 -101,000000 0,000000 0,000000
1151 1675591532 0,600000 -1,000000 -101,000000 0,000000 0,000000
1151 1675591533 0,600000 -1,000000 -101,000000 0,000000 0,000000
1151 1675591534 0,600000 -1,000000 -101,000000 0,000000 0,000000
1151 1675591535 0,600000 -1,000000 -101,000000 0,000000 0,000000
1151 1675591536 0,400000 -1,000000 -101,000000 0,000000 0,000000
1151 1675591537 0,400000 -1,000000 -101,000000 0,000000 0,000000
1151 1675591538 0,400000 -1,000000 -101,000000 0,000000 0,000000
1151 1675591539 0,400000 -1,000000 -101,000000 0,000000 0,000000
1151 1675591540 0,400000 -1,000000 -101,000000 0,000000 0,000000
1151 1675591541 0,200000 -1,000000 -101,000000 0,000000 0,000000
1151 1675591542 0,200000 -1,000000 -101,000000 0,000000 0,000000
1151 1675591543 0,200000 -1,000000 -101,000000 0,000000 0,000000
1151 1675591544 0,200000 -1,000000 -101,000000 0,000000 0,000000
1151 1675591545 0,200000 -1,000000 -101,000000 0,000000 0,000000
1151 1675591581 0,200000 -1,000000 -101,000000 0,000000 0,000000
1151 1675591582 0,200000 -1,000000 -101,000000 0,000000 0,000000
1151 1675591583 0,200000 -1,000000 -101,000000 0,000000 0,000000
1151 1675591584 0,200000 -1,000000 -101,000000 0,000000 0,000000
1151 1675591585 0,200000 -1,000000 -101,000000 0,000000 0,000000
1151 1675591596 0,400000 -1,000000 -101,000000 0,000000 0,000000
1151 1675591597 0,400000 -1,000000 -101,000000 0,000000 0,000000
1151 1675591598 0,400000 -1,000000 -101,000000 0,000000 0,000000
1151 1675591599 0,400000 -1,000000 -101,000000 0,000000 0,000000
1151 1675591600 0,400000 -1,000000 -101,000000 0,000000 0,000000
1151 1675591601 0,400000 -1,000000 -101,000000 0,000000 0,000000
1151 1675591602 0,400000 -1,000000 -101,000000 0,000000 0,000000
1151 1675591603 0,400000 -1,000000 -101,000000 0,000000 0,000000
1151 1675591604 0,400000 -1,000000 -101,000000 0,000000 0,000000
1151 1675591605 0,400000 -1,000000 -101,000000 0,000000 0,000000
1151 1675591611 0,200000 -1,000000 -101,000000 0,000000 0,000000
1151 1675591612 0,200000 -1,000000 -101,000000 0,000000 0,000000
1151 1675591613 0,200000 -1,000000 -101,000000 0,000000 0,000000
1151 1675591614 0,200000 -1,000000 -101,000000 0,000000 0,000000
1151 1675591615 0,200000 -1,000000 -101,000000 0,000000 0,000000
1151 1675591621 0,200000 -1,000000 -101,000000 0,000000 0,000000
1151 1675591622 0,200000 -1,000000 -101,000000 0,000000 0,000000
1151 1675591623 0,200000 -1,000000 -101,000000 0,000000 0,000000
1151 1675591624 0,200000 -1,000000 -101,000000 0,000000 0,000000
1151 1675591625 0,200000 -1,000000 -101,000000 0,000000 0,000000
1151 1675591626 0,200000 -1,000000 -101,000000 0,000000 0,000000
1151 1675591627 0,200000 -1,000000 -101,000000 0,000000 0,000000
1151 1675591628 0,200000 -1,000000 -101,000000 0,000000 0,000000
1151 1675591629 0,200000 -1,000000 -101,000000 0,000000 0,000000
1151 1675591630 0,200000 -1,000000 -101,000000 0,000000 0,000000
1151 1675591631 0,600000 -1,000000 -101,000000 0,000000 0,000000
1151 1675591632 0,600000 -1,000000 -101,000000 0,000000 0,000000
1151 1675591633 0,600000 -1,000000 -101,000000 0,000000 0,000000
1151 1675591634 0,600000 -1,000000 -101,000000 0,000000 0,000000
1151 1675591635 0,600000 -1,000000 -101,000000 0,000000 0,000000
1151 1675591636 0,200000 -1,000000 -101,000000 0,000000 0,000000
1151 1675591637 0,200000 -1,000000 -101,000000 0,000000 0,000000
1151 1675591638 0,200000 -1,000000 -101,000000 0,000000 0,000000
1151 1675591639 0,200000 -1,000000 -101,000000 0,000000 0,000000
1151 1675591640 0,200000 -1,000000 -101,000000 0,000000 0,000000
1151 1675591646 0,200000 -1,000000 -101,000000 0,000000 0,000000
1151 1675591647 0,200000 -1,000000 -101,000000 0,000000 0,000000
1151 1675591648 0,200000 -1,000000 -101,000000 0,000000 0,000000
1151 1675591649 0,200000 -1,000000 -101,000000 0,000000 0,000000
1151 1675591650 0,200000 -1,000000 -101,000000 0,000000 0,000000
1151 1675591666 0,600000 -1,000000 -101,000000 0,000000 0,000000
1151 1675591667 0,600000 -1,000000 -101,000000 0,000000 0,000000
1151 1675591668 0,600000 -1,000000 -101,000000 0,000000 0,000000
1151 1675591669 0,600000 -1,000000 -101,000000 0,000000 0,000000
1151 1675591670 0,600000 -1,000000 -101,000000 0,000000 0,000000
1151 1675591671 0,600000 -1,000000 -101,000000 0,000000 0,000000
1151 1675591672 0,600000 -1,000000 -101,000000 0,000000 0,000000
1151 1675591673 0,600000 -1,000000 -101,000000 0,000000 0,000000
1151 1675591674 0,600000 -1,000000 -101,000000 0,000000 0,000000
1151 1675591675 0,600000 -1,000000 -101,000000 0,000000 0,000000
1151 1675591676 0,400000 -1,000000 -101,000000 0,000000 0,000000
1151 1675591677 0,400000 -1,000000 -101,000000 0,000000 0,000000
1151 1675591678 0,400000 -1,000000 -101,000000 0,000000 0,000000
1151 1675591679 0,400000 -1,000000 -101,000000 0,000000 0,000000
1151 1675591680 0,400000 -1,000000 -101,000000 0,000000 0,000000
1151 1675591686 0,200000 -1,000000 -101,000000 0,000000 0,000000
1151 1675591687 0,200000 -1,000000 -101,000000 0,000000 0,000000
1151 1675591688 0,200000 -1,000000 -101,000000 0,000000 0,000000
1151 1675591689 0,200000 -1,000000 -101,000000 0,000000 0,000000
1151 1675591690 0,200000 -1,000000 -101,000000 0,000000 0,000000
1151 1675591696 0,200000 -1,000000 -101,000000 0,000000 0,000000
1151 1675591697 0,200000 -1,000000 -101,000000 0,000000 0,000000
1151 1675591698 0,200000 -1,000000 -101,000000 0,000000 0,000000
1151 1675591699 0,200000 -1,000000 -101,000000 0,000000 0,000000
1151 1675591700 0,200000 -1,000000 -101,000000 0,000000 0,000000
1151 1675591706 0,200000 -1,000000 -101,000000 0,000000 0,000000
1151 1675591707 0,200000 -1,000000 -101,000000 0,000000 0,000000
1151 1675591708 0,200000 -1,000000 -101,000000 0,000000 0,000000
1151 1675591709 0,200000 -1,000000 -101,000000 0,000000 0,000000
1151 1675591710 0,200000 -1,000000 -101,000000 0,000000 0,000000
1151 1675591711 0,800000 -1,000000 -101,000000 0,000000 0,000000
1151 1675591712 0,800000 -1,000000 -101,000000 0,000000 0,000000
1151 1675591713 0,800000 -1,000000 -101,000000 0,000000 0,000000
1151 1675591714 0,800000 -1,000000 -101,000000 0,000000 0,000000
1151 1675591715 0,800000 -1,000000 -101,000000 0,000000 0,000000
1151 1675591716 0,200000 -1,000000 -101,000000 0,000000 0,000000
1151 1675591717 0,200000 -1,000000 -101,000000 0,000000 0,000000
1151 1675591718 0,200000 -1,000000 -101,000000 0,000000 0,000000
1151 1675591719 0,200000 -1,000000 -101,000000 0,000000 0,000000
1151 1675591720 0,200000 -1,000000 -101,000000 0,000000 0,000000
1151 1675591726 0,800000 -1,000000 -101,000000 0,000000 0,000000
1151 1675591727 0,800000 -1,000000 -101,000000 0,000000 0,000000
1151 1675591728 0,800000 -1,000000 -101,000000 0,000000 0,000000
1151 1675591729 0,800000 -1,000000 -101,000000 0,000000 0,000000
1151 1675591730 0,800000 -1,000000 -101,000000 0,000000 0,000000
1151 1675591731 0,200000 -1,000000 -101,000000 0,000000 0,000000
1151 1675591732 0,200000 -1,000000 -101,000000 0,000000 0,000000
1151 1675591733 0,200000 -1,000000 -101,000000 0,000000 0,000000
1151 1675591734 0,200000 -1,000000 -101,000000 0,000000 0,000000
1151 1675591735 0,200000 -1,000000 -101,000000 0,000000 0,000000
1151 1675591746 0,200000 -1,000000 -101,000000 0,000000 0,000000
1151 1675591747 0,200000 -1,000000 -101,000000 0,000000 0,000000
1151 1675591748 0,200000 -1,000000 -101,000000 0,000000 0,000000
1151 1675591749 0,200000 -1,000000 -101,000000 0,000000 0,000000
1151 1675591750 0,200000 -1,000000 -101,000000 0,000000 0,000000
1151 1675591751 0,400000 -1,000000 -101,000000 0,000000 0,000000
1151 1675591752 0,400000 -1,000000 -101,000000 0,000000 0,000000
1151 1675591753 0,400000 -1,000000 -101,000000 0,000000 0,000000
1151 1675591754 0,400000 -1,000000 -101,000000 0,000000 0,000000
1151 1675591755 0,400000 -1,000000 -101,000000 0,000000 0,000000
1151 1675591756 0,200000 -1,000000 -101,000000 0,000000 0,000000
1151 1675591757 0,200000 -1,000000 -101,000000 0,000000 0,000000
1151 1675591758 0,200000 -1,000000 -101,000000 0,000000 0,000000
1151 1675591759 0,200000 -1,000000 -101,000000 0,000000 0,000000
1151 1675591760 0,200000 -1,000000 -101,000000 0,000000 0,000000
1151 1675591761 0,400000 -1,000000 -101,000000 0,000000 0,000000
1151 1675591762 0,400000 -1,000000 -101,000000 0,000000 0,000000
1151 1675591763 0,400000 -1,000000 -101,000000 0,000000 0,000000
1151 1675591764 0,400000 -1,000000 -101,000000 0,000000 0,000000
1151 1675591765 0,400000 -1,000000 -101,000000 0,000000 0,000000
1151 1675591766 0,200000 -1,000000 -101,000000 0,000000 0,000000
1151 1675591767 0,200000 -1,000000 -101,000000 0,000000 0,000000
1151 1675591768 0,200000 -1,000000 -101,000000 0,000000 0,000000
1151 1675591769 0,200000 -1,000000 -101,000000 0,000000 0,000000
1151 1675591770 0,200000 -1,000000 -101,000000 0,000000 0,000000
1151 1675591771 0,200000 -1,000000 -101,000000 0,000000 0,000000
1151 1675591772 0,200000 -1,000000 -101,000000 0,000000 0,000000
1151 1675591773 0,200000 -1,000000 -101,000000 0,000000 0,000000
1151 1675591774 0,200000 -1,000000 -101,000000 0,000000 0,000000
1151 1675591775 0,200000 -1,000000 -101,000000 0,000000 0,000000
1151 1675591845 0,200000 -1,000000 0,200000 0,200000 0,008000
1151 1675591844 0,200000 -1,000000 0,200000 0,200000 0,008000
1151 1675591843 0,200000 -1,000000 0,200000 0,200000 0,008000
1151 1675591842 0,200000 -1,000000 0,200000 0,200000 0,008000
1151 1675591841 0,200000 -1,000000 0,200000 0,200000 0,008000
1151 1675591840 0,600000 -1,000000 0,600000 0,600000 0,072000
1151 1675591839 0,600000 -1,000000 0,600000 0,600000 0,072000
1151 1675591838 0,600000 -1,000000 0,600000 0,600000 0,072000
1151 1675591837 0,600000 -1,000000 0,600000 0,600000 0,072000
1151 1675591836 0,600000 -1,000000 0,600000 0,600000 0,072000
1151 1675591835 0,200000 -1,000000 0,200000 0,200000 0,008000
1151 1675591834 0,200000 -1,000000 0,200000 0,200000 0,008000
1151 1675591833 0,200000 -1,000000 0,200000 0,200000 0,008000
1151 1675591832 0,200000 -1,000000 0,200000 0,200000 0,008000
1151 1675591831 0,200000 -1,000000 0,200000 0,200000 0,008000
1151 1675591830 1,000000 -1,000000 1,000000 1,000000 0,200000
1151 1675591829 1,000000 -1,000000 1,000000 1,000000 0,200000
1151 1675591828 1,000000 -1,000000 1,000000 1,000000 0,200000
1151 1675591827 1,000000 -1,000000 1,000000 1,000000 0,200000
1151 1675591826 1,000000 -1,000000 1,000000 1,000000 0,200000
1151 1675591825 0,200000 -1,000000 0,200000 0,200000 0,008000
1151 1675591824 0,200000 -1,000000 0,200000 0,200000 0,008000
1151 1675591823 0,200000 -1,000000 0,200000 0,200000 0,008000
1151 1675591822 0,200000 -1,000000 0,200000 0,200000 0,008000
1151 1675591821 0,200000 -1,000000 0,200000 0,200000 0,008000
1151 1675591795 0,800000 -1,000000 0,800000 0,800000 0,128000
1151 1675591794 0,800000 -1,000000 0,800000 0,800000 0,128000
1151 1675591793 0,800000 -1,000000 0,800000 0,800000 0,128000
1151 1675591792 0,800000 -1,000000 0,800000 0,800000 0,128000
1151 1675591791 0,800000 -1,000000 0,800000 0,800000 0,128000
1151 1675591791 0,800000 -1,000000 -101,000000 0,000000 0,000000
1151 1675591792 0,800000 -1,000000 -101,000000 0,000000 0,000000
1151 1675591793 0,800000 -1,000000 -101,000000 0,000000 0,000000
1151 1675591794 0,800000 -1,000000 -101,000000 0,000000 0,000000
1151 1675591795 0,800000 -1,000000 -101,000000 0,000000 0,000000
1151 1675591821 0,200000 -1,000000 -101,000000 0,000000 0,000000
1151 1675591822 0,200000 -1,000000 -101,000000 0,000000 0,000000
1151 1675591823 0,200000 -1,000000 -101,000000 0,000000 0,000000
1151 1675591824 0,200000 -1,000000 -101,000000 0,000000 0,000000
1151 1675591825 0,200000 -1,000000 -101,000000 0,000000 0,000000
1151 1675591826 1,000000 -1,000000 -101,000000 0,000000 0,000000
1151 1675591827 1,000000 -1,000000 -101,000000 0,000000 0,000000
1151 1675591828 1,000000 -1,000000 -101,000000 0,000000 0,000000
1151 1675591829 1,000000 -1,000000 -101,000000 0,000000 0,000000
1151 1675591830 1,000000 -1,000000 -101,000000 0,000000 0,000000
1151 1675591831 0,200000 -1,000000 -101,000000 0,000000 0,000000
1151 1675591832 0,200000 -1,000000 -101,000000 0,000000 0,000000
1151 1675591833 0,200000 -1,000000 -101,000000 0,000000 0,000000
1151 1675591834 0,200000 -1,000000 -101,000000 0,000000 0,000000
1151 1675591835 0,200000 -1,000000 -101,000000 0,000000 0,000000
1151 1675591836 0,600000 -1,000000 -101,000000 0,000000 0,000000
1151 1675591837 0,600000 -1,000000 -101,000000 0,000000 0,000000
1151 1675591838 0,600000 -1,000000 -101,000000 0,000000 0,000000
1151 1675591839 0,600000 -1,000000 -101,000000 0,000000 0,000000
1151 1675591840 0,600000 -1,000000 -101,000000 0,000000 0,000000
1151 1675591841 0,200000 -1,000000 -101,000000 0,000000 0,000000
1151 1675591842 0,200000 -1,000000 -101,000000 0,000000 0,000000
1151 1675591843 0,200000 -1,000000 -101,000000 0,000000 0,000000
1151 1675591844 0,200000 -1,000000 -101,000000 0,000000 0,000000
1151 1675591845 0,200000 -1,000000 -101,000000 0,000000 0,000000
1151 1675591866 0,200000 -1,000000 -101,000000 0,000000 0,000000
1151 1675591867 0,200000 -1,000000 -101,000000 0,000000 0,000000
1151 1675591868 0,200000 -1,000000 -101,000000 0,000000 0,000000
1151 1675591869 0,200000 -1,000000 -101,000000 0,000000 0,000000
1151 1675591870 0,200000 -1,000000 -101,000000 0,000000 0,000000
1151 1675591881 0,400000 -1,000000 -101,000000 0,000000 0,000000
1151 1675591882 0,400000 -1,000000 -101,000000 0,000000 0,000000
1151 1675591883 0,400000 -1,000000 -101,000000 0,000000 0,000000
1151 1675591884 0,400000 -1,000000 -101,000000 0,000000 0,000000
1151 1675591885 0,400000 -1,000000 -101,000000 0,000000 0,000000
1151 1675591886 0,200000 -1,000000 -101,000000 0,000000 0,000000
1151 1675591887 0,200000 -1,000000 -101,000000 0,000000 0,000000
1151 1675591888 0,200000 -1,000000 -101,000000 0,000000 0,000000
1151 1675591889 0,200000 -1,000000 -101,000000 0,000000 0,000000
1151 1675591890 0,200000 -1,000000 -101,000000 0,000000 0,000000
1151 1675591891 0,200000 -1,000000 -101,000000 0,000000 0,000000
1151 1675591892 0,200000 -1,000000 -101,000000 0,000000 0,000000
1151 1675591893 0,200000 -1,000000 -101,000000 0,000000 0,000000
1151 1675591894 0,200000 -1,000000 -101,000000 0,000000 0,000000
1151 1675591895 0,200000 -1,000000 -101,000000 0,000000 0,000000
1151 1675591906 0,400000 -1,000000 -101,000000 0,000000 0,000000
1151 1675591907 0,400000 -1,000000 -101,000000 0,000000 0,000000
1151 1675591908 0,400000 -1,000000 -101,000000 0,000000 0,000000
1151 1675591909 0,400000 -1,000000 -101,000000 0,000000 0,000000
1151 1675591910 0,400000 -1,000000 -101,000000 0,000000 0,000000
1151 1675591911 0,200000 -1,000000 -101,000000 0,000000 0,000000
1151 1675591912 0,200000 -1,000000 -101,000000 0,000000 0,000000
1151 1675591913 0,200000 -1,000000 -101,000000 0,000000 0,000000
1151 1675591914 0,200000 -1,000000 -101,000000 0,000000 0,000000
1151 1675591915 0,200000 -1,000000 -101,000000 0,000000 0,000000
1151 1675591916 0,200000 -1,000000 -101,000000 0,000000 0,000000
1151 1675591917 0,200000 -1,000000 -101,000000 0,000000 0,000000
1151 1675591918 0,200000 -1,000000 -101,000000 0,000000 0,000000
1151 1675591919 0,200000 -1,000000 -101,000000 0,000000 0,000000
1151 1675591920 0,200000 -1,000000 -101,000000 0,000000 0,000000
1151 1675591921 1,000000 -1,000000 -101,000000 0,000000 0,000000
1151 1675591922 1,000000 -1,000000 -101,000000 0,000000 0,000000
1151 1675591923 1,000000 -1,000000 -101,000000 0,000000 0,000000
1151 1675591924 1,000000 -1,000000 -101,000000 0,000000 0,000000
1151 1675591925 1,000000 -1,000000 -101,000000 0,000000 0,000000
1151 1675591926 0,200000 -1,000000 -101,000000 0,000000 0,000000
1151 1675591927 0,200000 -1,000000 -101,000000 0,000000 0,000000
1151 1675591928 0,200000 -1,000000 -101,000000 0,000000 0,000000
1151 1675591929 0,200000 -1,000000 -101,000000 0,000000 0,000000
1151 1675591930 0,200000 -1,000000 -101,000000 0,000000 0,000000
1151 1675591931 0,200000 -1,000000 -101,000000 0,000000 0,000000
1151 1675591932 0,200000 -1,000000 -101,000000 0,000000 0,000000
1151 1675591933 0,200000 -1,000000 -101,000000 0,000000 0,000000
1151 1675591934 0,200000 -1,000000 -101,000000 0,000000 0,000000
1151 1675591935 0,200000 -1,000000 -101,000000 0,000000 0,000000
1151 1675591946 0,200000 -1,000000 -101,000000 0,000000 0,000000
1151 1675591947 0,200000 -1,000000 -101,000000 0,000000 0,000000
1151 1675591948 0,200000 -1,000000 -101,000000 0,000000 0,000000
1151 1675591949 0,200000 -1,000000 -101,000000 0,000000 0,000000
1151 1675591950 0,200000 -1,000000 -101,000000 0,000000 0,000000
1151 1675591951 0,400000 -1,000000 -101,000000 0,000000 0,000000
1151 1675591952 0,400000 -1,000000 -101,000000 0,000000 0,000000
1151 1675591953 0,400000 -1,000000 -101,000000 0,000000 0,000000
1151 1675591954 0,400000 -1,000000 -101,000000 0,000000 0,000000
1151 1675591955 0,400000 -1,000000 -101,000000 0,000000 0,000000
1151 1675591956 0,400000 -1,000000 -101,000000 0,000000 0,000000
1151 1675591957 0,400000 -1,000000 -101,000000 0,000000 0,000000
1151 1675591958 0,400000 -1,000000 -101,000000 0,000000 0,000000
1151 1675591959 0,400000 -1,000000 -101,000000 0,000000 0,000000
1151 1675591960 0,400000 -1,000000 -101,000000 0,000000 0,000000
1151 1675591961 0,400000 -1,000000 -101,000000 0,000000 0,000000
1151 1675591962 0,400000 -1,000000 -101,000000 0,000000 0,000000
1151 1675591963 0,400000 -1,000000 -101,000000 0,000000 0,000000
1151 1675591964 0,400000 -1,000000 -101,000000 0,000000 0,000000
1151 1675591965 0,400000 -1,000000 -101,000000 0,000000 0,000000
1151 1675591966 0,600000 -1,000000 -101,000000 0,000000 0,000000
1151 1675591967 0,600000 -1,000000 -101,000000 0,000000 0,000000
1151 1675591968 0,600000 -1,000000 -101,000000 0,000000 0,000000
1151 1675591969 0,600000 -1,000000 -101,000000 0,000000 0,000000
1151 1675591970 0,600000 -1,000000 -101,000000 0,000000 0,000000
1151 1675591976 0,200000 -1,000000 -101,000000 0,000000 0,000000
1151 1675591977 0,200000 -1,000000 -101,000000 0,000000 0,000000
1151 1675591978 0,200000 -1,000000 -101,000000 0,000000 0,000000
1151 1675591979 0,200000 -1,000000 -101,000000 0,000000 0,000000
1151 1675591980 0,200000 -1,000000 -101,000000 0,000000 0,000000
1151 1675591981 0,400000 -1,000000 -101,000000 0,000000 0,000000
1151 1675591982 0,400000 -1,000000 -101,000000 0,000000 0,000000
1151 1675591983 0,400000 -1,000000 -101,000000 0,000000 0,000000
1151 1675591984 0,400000 -1,000000 -101,000000 0,000000 0,000000
1151 1675591985 0,400000 -1,000000 -101,000000 0,000000 0,000000
1151 1675591986 0,200000 -1,000000 -101,000000 0,000000 0,000000
1151 1675591987 0,200000 -1,000000 -101,000000 0,000000 0,000000
1151 1675591988 0,200000 -1,000000 -101,000000 0,000000 0,000000
1151 1675591989 0,200000 -1,000000 -101,000000 0,000000 0,000000
1151 1675591990 0,200000 -1,000000 -101,000000 0,000000 0,000000
1151 1675591991 0,200000 -1,000000 -101,000000 0,000000 0,000000
1151 1675591992 0,200000 -1,000000 -101,000000 0,000000 0,000000
1151 1675591993 0,200000 -1,000000 -101,000000 0,000000 0,000000
1151 1675591994 0,200000 -1,000000 -101,000000 0,000000 0,000000
1151 1675591995 0,200000 -1,000000 -101,000000 0,000000 0,000000
1151 1675592016 0,200000 -1,000000 -101,000000 0,000000 0,000000
1151 1675592017 0,200000 -1,000000 -101,000000 0,000000 0,000000
1151 1675592018 0,200000 -1,000000 -101,000000 0,000000 0,000000
1151 1675592019 0,200000 -1,000000 -101,000000 0,000000 0,000000
1151 1675592020 0,200000 -1,000000 -101,000000 0,000000 0,000000
1151 1675592021 0,200000 -1,000000 -101,000000 0,000000 0,000000
1151 1675592022 0,200000 -1,000000 -101,000000 0,000000 0,000000
1151 1675592023 0,200000 -1,000000 -101,000000 0,000000 0,000000
1151 1675592024 0,200000 -1,000000 -101,000000 0,000000 0,000000
1151 1675592025 0,200000 -1,000000 -101,000000 0,000000 0,000000
1151 1675592041 0,400000 -1,000000 -101,000000 0,000000 0,000000
1151 1675592042 0,400000 -1,000000 -101,000000 0,000000 0,000000
1151 1675592043 0,400000 -1,000000 -101,000000 0,000000 0,000000
1151 1675592044 0,400000 -1,000000 -101,000000 0,000000 0,000000
1151 1675592045 0,400000 -1,000000 -101,000000 0,000000 0,000000
1151 1675592046 0,600000 -1,000000 -101,000000 0,000000 0,000000
1151 1675592047 0,600000 -1,000000 -101,000000 0,000000 0,000000
1151 1675592048 0,600000 -1,000000 -101,000000 0,000000 0,000000
1151 1675592049 0,600000 -1,000000 -101,000000 0,000000 0,000000
1151 1675592050 0,600000 -1,000000 -101,000000 0,000000 0,000000
1151 1675592056 0,200000 -1,000000 -101,000000 0,000000 0,000000
1151 1675592057 0,200000 -1,000000 -101,000000 0,000000 0,000000
1151 1675592058 0,200000 -1,000000 -101,000000 0,000000 0,000000
1151 1675592059 0,200000 -1,000000 -101,000000 0,000000 0,000000
1151 1675592060 0,200000 -1,000000 -101,000000 0,000000 0,000000
1151 1675592061 0,200000 -1,000000 -101,000000 0,000000 0,000000
1151 1675592062 0,200000 -1,000000 -101,000000 0,000000 0,000000
1151 1675592063 0,200000 -1,000000 -101,000000 0,000000 0,000000
1151 1675592064 0,200000 -1,000000 -101,000000 0,000000 0,000000
1151 1675592065 0,200000 -1,000000 -101,000000 0,000000 0,000000
1151 1675592066 0,200000 -1,000000 -101,000000 0,000000 0,000000
1151 1675592067 0,200000 -1,000000 -101,000000 0,000000 0,000000
1151 1675592068 0,200000 -1,000000 -101,000000 0,000000 0,000000
1151 1675592069 0,200000 -1,000000 -101,000000 0,000000 0,000000
1151 1675592070 0,200000 -1,000000 -101,000000 0,000000 0,000000
1151 1675592071 0,200000 -1,000000 -101,000000 0,000000 0,000000
1151 1675592072 0,200000 -1,000000 -101,000000 0,000000 0,000000
1151 1675592073 0,200000 -1,000000 -101,000000 0,000000 0,000000
1151 1675592074 0,200000 -1,000000 -101,000000 0,000000 0,000000
1151 1675592075 0,200000 -1,000000 -101,000000 0,000000 0,000000
1151 1675592096 0,200000 -1,000000 -101,000000 0,000000 0,000000
1151 1675592097 0,200000 -1,000000 -101,000000 0,000000 0,000000
1151 1675592098 0,200000 -1,000000 -101,000000 0,000000 0,000000
1151 1675592099 0,200000 -1,000000 -101,000000 0,000000 0,000000
1151 1675592100 0,200000 -1,000000 -101,000000 0,000000 0,000000
1151 1675592106 0,200000 -1,000000 -101,000000 0,000000 0,000000
1151 1675592107 0,200000 -1,000000 -101,000000 0,000000 0,000000
1151 1675592108 0,200000 -1,000000 -101,000000 0,000000 0,000000
1151 1675592109 0,200000 -1,000000 -101,000000 0,000000 0,000000
1151 1675592110 0,200000 -1,000000 -101,000000 0,000000 0,000000
1151 1675592116 0,200000 -1,000000 -101,000000 0,000000 0,000000
1151 1675592117 0,200000 -1,000000 -101,000000 0,000000 0,000000
1151 1675592118 0,200000 -1,000000 -101,000000 0,000000 0,000000
1151 1675592119 0,200000 -1,000000 -101,000000 0,000000 0,000000
1151 1675592120 0,200000 -1,000000 -101,000000 0,000000 0,000000
1151 1675592136 0,400000 -1,000000 -101,000000 0,000000 0,000000
1151 1675592137 0,400000 -1,000000 -101,000000 0,000000 0,000000
1151 1675592138 0,400000 -1,000000 -101,000000 0,000000 0,000000
1151 1675592139 0,400000 -1,000000 -101,000000 0,000000 0,000000
1151 1675592140 0,400000 -1,000000 -101,000000 0,000000 0,000000
1151 1675592141 0,600000 -1,000000 -101,000000 0,000000 0,000000
1151 1675592142 0,600000 -1,000000 -101,000000 0,000000 0,000000
1151 1675592143 0,600000 -1,000000 -101,000000 0,000000 0,000000
1151 1675592144 0,600000 -1,000000 -101,000000 0,000000 0,000000
1151 1675592145 0,600000 -1,000000 -101,000000 0,000000 0,000000
1151 1675592146 0,200000 -1,000000 -101,000000 0,000000 0,000000
1151 1675592147 0,200000 -1,000000 -101,000000 0,000000 0,000000
1151 1675592148 0,200000 -1,000000 -101,000000 0,000000 0,000000
1151 1675592149 0,200000 -1,000000 -101,000000 0,000000 0,000000
1151 1675592150 0,200000 -1,000000 -101,000000 0,000000 0,000000
1151 1675592151 0,200000 -1,000000 -101,000000 0,000000 0,000000
1151 1675592152 0,200000 -1,000000 -101,000000 0,000000 0,000000
1151 1675592153 0,200000 -1,000000 -101,000000 0,000000 0,000000
1151 1675592154 0,200000 -1,000000 -101,000000 0,000000 0,000000
1151 1675592155 0,200000 -1,000000 -101,000000 0,000000 0,000000
1151 1675592161 0,200000 -1,000000 -101,000000 0,000000 0,000000
1151 1675592162 0,200000 -1,000000 -101,000000 0,000000 0,000000
1151 1675592163 0,200000 -1,000000 -101,000000 0,000000 0,000000
1151 1675592164 0,200000 -1,000000 -101,000000 0,000000 0,000000
1151 1675592165 0,200000 -1,000000 -101,000000 0,000000 0,000000
1151 1675592166 0,200000 -1,000000 -101,000000 0,000000 0,000000
1151 1675592167 0,200000 -1,000000 -101,000000 0,000000 0,000000
1151 1675592168 0,200000 -1,000000 -101,000000 0,000000 0,000000
1151 1675592169 0,200000 -1,000000 -101,000000 0,000000 0,000000
1151 1675592170 0,200000 -1,000000 -101,000000 0,000000 0,000000
1151 1675592181 0,200000 -1,000000 -101,000000 0,000000 0,000000
1151 1675592182 0,200000 -1,000000 -101,000000 0,000000 0,000000
1151 1675592183 0,200000 -1,000000 -101,000000 0,000000 0,000000
1151 1675592184 0,200000 -1,000000 -101,000000 0,000000 0,000000
1151 1675592185 0,200000 -1,000000 -101,000000 0,000000 0,000000
1151 1675592186 0,200000 -1,000000 -101,000000 0,000000 0,000000
1151 1675592187 0,200000 -1,000000 -101,000000 0,000000 0,000000
1151 1675592188 0,200000 -1,000000 -101,000000 0,000000 0,000000
1151 1675592189 0,200000 -1,000000 -101,000000 0,000000 0,000000
1151 1675592190 0,200000 -1,000000 -101,000000 0,000000 0,000000
1151 1675592221 0,200000 -1,000000 -101,000000 0,000000 0,000000
1151 1675592222 0,200000 -1,000000 -101,000000 0,000000 0,000000
1151 1675592223 0,200000 -1,000000 -101,000000 0,000000 0,000000
1151 1675592224 0,200000 -1,000000 -101,000000 0,000000 0,000000
1151 1675592225 0,200000 -1,000000 -101,000000 0,000000 0,000000
1151 1675592226 0,400000 -1,000000 -101,000000 0,000000 0,000000
1151 1675592227 0,400000 -1,000000 -101,000000 0,000000 0,000000
1151 1675592228 0,400000 -1,000000 -101,000000 0,000000 0,000000
1151 1675592229 0,400000 -1,000000 -101,000000 0,000000 0,000000
1151 1675592230 0,400000 -1,000000 -101,000000 0,000000 0,000000
1151 1675592246 0,200000 -1,000000 -101,000000 0,000000 0,000000
1151 1675592247 0,200000 -1,000000 -101,000000 0,000000 0,000000
1151 1675592248 0,200000 -1,000000 -101,000000 0,000000 0,000000
1151 1675592249 0,200000 -1,000000 -101,000000 0,000000 0,000000
1151 1675592250 0,200000 -1,000000 -101,000000 0,000000 0,000000
1151 1675592256 0,200000 -1,000000 -101,000000 0,000000 0,000000
1151 1675592257 0,200000 -1,000000 -101,000000 0,000000 0,000000
1151 1675592258 0,200000 -1,000000 -101,000000 0,000000 0,000000
1151 1675592259 0,200000 -1,000000 -101,000000 0,000000 0,000000
1151 1675592260 0,200000 -1,000000 -101,000000 0,000000 0,000000
1151 1675592271 0,800000 -1,000000 -101,000000 0,000000 0,000000
1151 1675592272 0,800000 -1,000000 -101,000000 0,000000 0,000000
1151 1675592273 0,800000 -1,000000 -101,000000 0,000000 0,000000
1151 1675592274 0,800000 -1,000000 -101,000000 0,000000 0,000000
1151 1675592275 0,800000 -1,000000 -101,000000 0,000000 0,000000
1151 1675592276 0,800000 -1,000000 -101,000000 0,000000 0,000000
1151 1675592277 0,800000 -1,000000 -101,000000 0,000000 0,000000
1151 1675592278 0,800000 -1,000000 -101,000000 0,000000 0,000000
1151 1675592279 0,800000 -1,000000 -101,000000 0,000000 0,000000
1151 1675592280 0,800000 -1,000000 -101,000000 0,000000 0,000000
1151 1675592281 0,200000 -1,000000 -101,000000 0,000000 0,000000
1151 1675592282 0,200000 -1,000000 -101,000000 0,000000 0,000000
1151 1675592283 0,200000 -1,000000 -101,000000 0,000000 0,000000
1151 1675592284 0,200000 -1,000000 -101,000000 0,000000 0,000000
1151 1675592285 0,200000 -1,000000 -101,000000 0,000000 0,000000
1151 1675592286 0,600000 -1,000000 -101,000000 0,000000 0,000000
1151 1675592287 0,600000 -1,000000 -101,000000 0,000000 0,000000
1151 1675592288 0,600000 -1,000000 -101,000000 0,000000 0,000000
1151 1675592289 0,600000 -1,000000 -101,000000 0,000000 0,000000
1151 1675592290 0,600000 -1,000000 -101,000000 0,000000 0,000000
1151 1675592291 0,400000 -1,000000 -101,000000 0,000000 0,000000
1151 1675592292 0,400000 -1,000000 -101,000000 0,000000 0,000000
1151 1675592293 0,400000 -1,000000 -101,000000 0,000000 0,000000
1151 1675592294 0,400000 -1,000000 -101,000000 0,000000 0,000000
1151 1675592295 0,400000 -1,000000 -101,000000 0,000000 0,000000
1151 1675592296 0,200000 -1,000000 -101,000000 0,000000 0,000000
1151 1675592297 0,200000 -1,000000 -101,000000 0,000000 0,000000
1151 1675592298 0,200000 -1,000000 -101,000000 0,000000 0,000000
1151 1675592299 0,200000 -1,000000 -101,000000 0,000000 0,000000
1151 1675592300 0,200000 -1,000000 -101,000000 0,000000 0,000000
1151 1675592301 0,200000 -1,000000 -101,000000 0,000000 0,000000
1151 1675592302 0,200000 -1,000000 -101,000000 0,000000 0,000000
1151 1675592303 0,200000 -1,000000 -101,000000 0,000000 0,000000
1151 1675592304 0,200000 -1,000000 -101,000000 0,000000 0,000000
1151 1675592305 0,200000 -1,000000 -101,000000 0,000000 0,000000
1151 1675592306 0,400000 -1,000000 -101,000000 0,000000 0,000000
1151 1675592307 0,400000 -1,000000 -101,000000 0,000000 0,000000
1151 1675592308 0,400000 -1,000000 -101,000000 0,000000 0,000000
1151 1675592309 0,400000 -1,000000 -101,000000 0,000000 0,000000
1151 1675592310 0,400000 -1,000000 -101,000000 0,000000 0,000000
1151 1675592321 0,200000 -1,000000 -101,000000 0,000000 0,000000
1151 1675592322 0,200000 -1,000000 -101,000000 0,000000 0,000000
1151 1675592323 0,200000 -1,000000 -101,000000 0,000000 0,000000
1151 1675592324 0,200000 -1,000000 -101,000000 0,000000 0,000000
1151 1675592325 0,200000 -1,000000 -101,000000 0,000000 0,000000
1151 1675592326 0,200000 -1,000000 -101,000000 0,000000 0,000000
1151 1675592327 0,200000 -1,000000 -101,000000 0,000000 0,000000
1151 1675592328 0,200000 -1,000000 -101,000000 0,000000 0,000000
1151 1675592329 0,200000 -1,000000 -101,000000 0,000000 0,000000
1151 1675592330 0,200000 -1,000000 -101,000000 0,000000 0,000000
1151 1675592331 0,200000 -1,000000 -101,000000 0,000000 0,000000
1151 1675592332 0,200000 -1,000000 -101,000000 0,000000 0,000000
1151 1675592333 0,200000 -1,000000 -101,000000 0,000000 0,000000
1151 1675592334 0,200000 -1,000000 -101,000000 0,000000 0,000000
1151 1675592335 0,200000 -1,000000 -101,000000 0,000000 0,000000
1151 1675592336 0,200000 -1,000000 -101,000000 0,000000 0,000000
1151 1675592337 0,200000 -1,000000 -101,000000 0,000000 0,000000
1151 1675592338 0,200000 -1,000000 -101,000000 0,000000 0,000000
1151 1675592339 0,200000 -1,000000 -101,000000 0,000000 0,000000
1151 1675592340 0,200000 -1,000000 -101,000000 0,000000 0,000000
1151 1675592341 0,200000 -1,000000 -101,000000 0,000000 0,000000
1151 1675592342 0,200000 -1,000000 -101,000000 0,000000 0,000000
1151 1675592343 0,200000 -1,000000 -101,000000 0,000000 0,000000
1151 1675592344 0,200000 -1,000000 -101,000000 0,000000 0,000000
1151 1675592345 0,200000 -1,000000 -101,000000 0,000000 0,000000
1151 1675592346 0,400000 -1,000000 -101,000000 0,000000 0,000000
1151 1675592347 0,400000 -1,000000 -101,000000 0,000000 0,000000
1151 1675592348 0,400000 -1,000000 -101,000000 0,000000 0,000000
1151 1675592349 0,400000 -1,000000 -101,000000 0,000000 0,000000
1151 1675592350 0,400000 -1,000000 -101,000000 0,000000 0,000000
1151 1675592351 0,200000 -1,000000 -101,000000 0,000000 0,000000
1151 1675592352 0,200000 -1,000000 -101,000000 0,000000 0,000000
1151 1675592353 0,200000 -1,000000 -101,000000 0,000000 0,000000
1151 1675592354 0,200000 -1,000000 -101,000000 0,000000 0,000000
1151 1675592355 0,200000 -1,000000 -101,000000 0,000000 0,000000
1151 1675592401 0,400000 -1,000000 -101,000000 0,000000 0,000000
1151 1675592402 0,400000 -1,000000 -101,000000 0,000000 0,000000
1151 1675592403 0,400000 -1,000000 -101,000000 0,000000 0,000000
1151 1675592404 0,400000 -1,000000 -101,000000 0,000000 0,000000
1151 1675592405 0,400000 -1,000000 -101,000000 0,000000 0,000000
1151 1675592406 0,200000 -1,000000 -101,000000 0,000000 0,000000
1151 1675592407 0,200000 -1,000000 -101,000000 0,000000 0,000000
1151 1675592408 0,200000 -1,000000 -101,000000 0,000000 0,000000
1151 1675592409 0,200000 -1,000000 -101,000000 0,000000 0,000000
1151 1675592410 0,200000 -1,000000 -101,000000 0,000000 0,000000
1151 1675592411 0,600000 -1,000000 -101,000000 0,000000 0,000000
1151 1675592412 0,600000 -1,000000 -101,000000 0,000000 0,000000
1151 1675592413 0,600000 -1,000000 -101,000000 0,000000 0,000000
1151 1675592414 0,600000 -1,000000 -101,000000 0,000000 0,000000
1151 1675592415 0,600000 -1,000000 -101,000000 0,000000 0,000000
1151 1675592416 0,200000 -1,000000 -101,000000 0,000000 0,000000
1151 1675592417 0,200000 -1,000000 -101,000000 0,000000 0,000000
1151 1675592418 0,200000 -1,000000 -101,000000 0,000000 0,000000
1151 1675592419 0,200000 -1,000000 -101,000000 0,000000 0,000000
1151 1675592420 0,200000 -1,000000 -101,000000 0,000000 0,000000
1151 1675592421 0,200000 -1,000000 -101,000000 0,000000 0,000000
1151 1675592422 0,200000 -1,000000 -101,000000 0,000000 0,000000
1151 1675592423 0,200000 -1,000000 -101,000000 0,000000 0,000000
1151 1675592424 0,200000 -1,000000 -101,000000 0,000000 0,000000
1151 1675592425 0,200000 -1,000000 -101,000000 0,000000 0,000000
1151 1675592426 0,200000 -1,000000 -101,000000 0,000000 0,000000
1151 1675592427 0,200000 -1,000000 -101,000000 0,000000 0,000000
1151 1675592428 0,200000 -1,000000 -101,000000 0,000000 0,000000
1151 1675592429 0,200000 -1,000000 -101,000000 0,000000 0,000000
1151 1675592430 0,200000 -1,000000 -101,000000 0,000000 0,000000
1151 1675592466 0,200000 -1,000000 -101,000000 0,000000 0,000000
1151 1675592467 0,200000 -1,000000 -101,000000 0,000000 0,000000
1151 1675592468 0,200000 -1,000000 -101,000000 0,000000 0,000000
1151 1675592469 0,200000 -1,000000 -101,000000 0,000000 0,000000
1151 1675592470 0,200000 -1,000000 -101,000000 0,000000 0,000000
1151 1675592491 0,400000 -1,000000 -101,000000 0,000000 0,000000
1151 1675592492 0,400000 -1,000000 -101,000000 0,000000 0,000000
1151 1675592493 0,400000 -1,000000 -101,000000 0,000000 0,000000
1151 1675592494 0,400000 -1,000000 -101,000000 0,000000 0,000000
1151 1675592495 0,400000 -1,000000 -101,000000 0,000000 0,000000
1151 1675592496 0,600000 -1,000000 -101,000000 0,000000 0,000000
1151 1675592497 0,600000 -1,000000 -101,000000 0,000000 0,000000
1151 1675592498 0,600000 -1,000000 -101,000000 0,000000 0,000000
1151 1675592499 0,600000 -1,000000 -101,000000 0,000000 0,000000
1151 1675592500 0,600000 -1,000000 -101,000000 0,000000 0,000000
1151 1675592506 0,200000 -1,000000 -101,000000 0,000000 0,000000
1151 1675592507 0,200000 -1,000000 -101,000000 0,000000 0,000000
1151 1675592508 0,200000 -1,000000 -101,000000 0,000000 0,000000
1151 1675592509 0,200000 -1,000000 -101,000000 0,000000 0,000000
1151 1675592510 0,200000 -1,000000 -101,000000 0,000000 0,000000
1151 1675592511 0,400000 -1,000000 -101,000000 0,000000 0,000000
1151 1675592512 0,400000 -1,000000 -101,000000 0,000000 0,000000
1151 1675592513 0,400000 -1,000000 -101,000000 0,000000 0,000000
1151 1675592514 0,400000 -1,000000 -101,000000 0,000000 0,000000
1151 1675592515 0,400000 -1,000000 -101,000000 0,000000 0,000000
1151 1675592516 0,200000 -1,000000 -101,000000 0,000000 0,000000
1151 1675592517 0,200000 -1,000000 -101,000000 0,000000 0,000000
1151 1675592518 0,200000 -1,000000 -101,000000 0,000000 0,000000
1151 1675592519 0,200000 -1,000000 -101,000000 0,000000 0,000000
1151 1675592520 0,200000 -1,000000 -101,000000 0,000000 0,000000
1151 1675592521 0,400000 -1,000000 -101,000000 0,000000 0,000000
1151 1675592522 0,400000 -1,000000 -101,000000 0,000000 0,000000
1151 1675592523 0,400000 -1,000000 -101,000000 0,000000 0,000000
1151 1675592524 0,400000 -1,000000 -101,000000 0,000000 0,000000
1151 1675592525 0,400000 -1,000000 -101,000000 0,000000 0,000000
1151 1675592526 0,200000 -1,000000 -101,000000 0,000000 0,000000
1151 1675592527 0,200000 -1,000000 -101,000000 0,000000 0,000000
1151 1675592528 0,200000 -1,000000 -101,000000 0,000000 0,000000
1151 1675592529 0,200000 -1,000000 -101,000000 0,000000 0,000000
1151 1675592530 0,200000 -1,000000 -101,000000 0,000000 0,000000
1151 1675592531 0,400000 -1,000000 -101,000000 0,000000 0,000000
1151 1675592532 0,400000 -1,000000 -101,000000 0,000000 0,000000
1151 1675592533 0,400000 -1,000000 -101,000000 0,000000 0,000000
1151 1675592534 0,400000 -1,000000 -101,000000 0,000000 0,000000
1151 1675592535 0,400000 -1,000000 -101,000000 0,000000 0,000000
1151 1675592536 0,400000 -1,000000 -101,000000 0,000000 0,000000
1151 1675592537 0,400000 -1,000000 -101,000000 0,000000 0,000000
1151 1675592538 0,400000 -1,000000 -101,000000 0,000000 0,000000
1151 1675592539 0,400000 -1,000000 -101,000000 0,000000 0,000000
1151 1675592540 0,400000 -1,000000 -101,000000 0,000000 0,000000
1151 1675592571 0,200000 -1,000000 -101,000000 0,000000 0,000000
1151 1675592572 0,200000 -1,000000 -101,000000 0,000000 0,000000
1151 1675592573 0,200000 -1,000000 -101,000000 0,000000 0,000000
1151 1675592574 0,200000 -1,000000 -101,000000 0,000000 0,000000
1151 1675592575 0,200000 -1,000000 -101,000000 0,000000 0,000000
1151 1675592576 0,200000 -1,000000 -101,000000 0,000000 0,000000
1151 1675592577 0,200000 -1,000000 -101,000000 0,000000 0,000000
1151 1675592578 0,200000 -1,000000 -101,000000 0,000000 0,000000
1151 1675592579 0,200000 -1,000000 -101,000000 0,000000 0,000000
1151 1675592580 0,200000 -1,000000 -101,000000 0,000000 0,000000
1151 1675592591 0,200000 -1,000000 -101,000000 0,000000 0,000000
1151 1675592592 0,200000 -1,000000 -101,000000 0,000000 0,000000
1151 1675592593 0,200000 -1,000000 -101,000000 0,000000 0,000000
1151 1675592594 0,200000 -1,000000 -101,000000 0,000000 0,000000
1151 1675592595 0,200000 -1,000000 -101,000000 0,000000 0,000000
1151 1675592596 1,200000 -1,000000 -101,000000 0,000000 0,000000
1151 1675592597 1,200000 -1,000000 -101,000000 0,000000 0,000000
1151 1675592598 1,200000 -1,000000 -101,000000 0,000000 0,000000
1151 1675592599 1,200000 -1,000000 -101,000000 0,000000 0,000000
1151 1675592600 1,200000 -1,000000 -101,000000 0,000000 0,000000
1151 1675592601 0,400000 -1,000000 -101,000000 0,000000 0,000000
1151 1675592602 0,400000 -1,000000 -101,000000 0,000000 0,000000
1151 1675592603 0,400000 -1,000000 -101,000000 0,000000 0,000000
1151 1675592604 0,400000 -1,000000 -101,000000 0,000000 0,000000
1151 1675592605 0,400000 -1,000000 -101,000000 0,000000 0,000000
1151 1675592606 0,200000 -1,000000 -101,000000 0,000000 0,000000
1151 1675592607 0,200000 -1,000000 -101,000000 0,000000 0,000000
1151 1675592608 0,200000 -1,000000 -101,000000 0,000000 0,000000
1151 1675592609 0,200000 -1,000000 -101,000000 0,000000 0,000000
1151 1675592610 0,200000 -1,000000 -101,000000 0,000000 0,000000
1151 1675592611 0,200000 -1,000000 -101,000000 0,000000 0,000000
1151 1675592612 0,200000 -1,000000 -101,000000 0,000000 0,000000
1151 1675592613 0,200000 -1,000000 -101,000000 0,000000 0,000000
1151 1675592614 0,200000 -1,000000 -101,000000 0,000000 0,000000
1151 1675592615 0,200000 -1,000000 -101,000000 0,000000 0,000000
1151 1675592621 0,200000 -1,000000 -101,000000 0,000000 0,000000
1151 1675592622 0,200000 -1,000000 -101,000000 0,000000 0,000000
1151 1675592623 0,200000 -1,000000 -101,000000 0,000000 0,000000
1151 1675592624 0,200000 -1,000000 -101,000000 0,000000 0,000000
1151 1675592625 0,200000 -1,000000 -101,000000 0,000000 0,000000
1151 1675592626 0,800000 -1,000000 -101,000000 0,000000 0,000000
1151 1675592627 0,800000 -1,000000 -101,000000 0,000000 0,000000
1151 1675592628 0,800000 -1,000000 -101,000000 0,000000 0,000000
1151 1675592629 0,800000 -1,000000 -101,000000 0,000000 0,000000
1151 1675592630 0,800000 -1,000000 -101,000000 0,000000 0,000000
1151 1675592631 0,200000 -1,000000 -101,000000 0,000000 0,000000
1151 1675592632 0,200000 -1,000000 -101,000000 0,000000 0,000000
1151 1675592633 0,200000 -1,000000 -101,000000 0,000000 0,000000
1151 1675592634 0,200000 -1,000000 -101,000000 0,000000 0,000000
1151 1675592635 0,200000 -1,000000 -101,000000 0,000000 0,000000
1151 1675592636 0,400000 -1,000000 -101,000000 0,000000 0,000000
1151 1675592637 0,400000 -1,000000 -101,000000 0,000000 0,000000
1151 1675592638 0,400000 -1,000000 -101,000000 0,000000 0,000000
1151 1675592639 0,400000 -1,000000 -101,000000 0,000000 0,000000
1151 1675592640 0,400000 -1,000000 -101,000000 0,000000 0,000000
1151 1675592641 0,600000 -1,000000 -101,000000 0,000000 0,000000
1151 1675592642 0,600000 -1,000000 -101,000000 0,000000 0,000000
1151 1675592643 0,600000 -1,000000 -101,000000 0,000000 0,000000
1151 1675592644 0,600000 -1,000000 -101,000000 0,000000 0,000000
1151 1675592645 0,600000 -1,000000 -101,000000 0,000000 0,000000
1151 1675592646 0,200000 -1,000000 -101,000000 0,000000 0,000000
1151 1675592647 0,200000 -1,000000 -101,000000 0,000000 0,000000
1151 1675592648 0,200000 -1,000000 -101,000000 0,000000 0,000000
1151 1675592649 0,200000 -1,000000 -101,000000 0,000000 0,000000
1151 1675592650 0,200000 -1,000000 -101,000000 0,000000 0,000000
1151 1675592651 0,200000 -1,000000 -101,000000 0,000000 0,000000
1151 1675592652 0,200000 -1,000000 -101,000000 0,000000 0,000000
1151 1675592653 0,200000 -1,000000 -101,000000 0,000000 0,000000
1151 1675592654 0,200000 -1,000000 -101,000000 0,000000 0,000000
1151 1675592655 0,200000 -1,000000 -101,000000 0,000000 0,000000
1151 1675592661 0,400000 -1,000000 -101,000000 0,000000 0,000000
1151 1675592662 0,400000 -1,000000 -101,000000 0,000000 0,000000
1151 1675592663 0,400000 -1,000000 -101,000000 0,000000 0,000000
1151 1675592664 0,400000 -1,000000 -101,000000 0,000000 0,000000
1151 1675592665 0,400000 -1,000000 -101,000000 0,000000 0,000000
1151 1675592666 0,200000 -1,000000 -101,000000 0,000000 0,000000
1151 1675592667 0,200000 -1,000000 -101,000000 0,000000 0,000000
1151 1675592668 0,200000 -1,000000 -101,000000 0,000000 0,000000
1151 1675592669 0,200000 -1,000000 -101,000000 0,000000 0,000000
1151 1675592670 0,200000 -1,000000 -101,000000 0,000000 0,000000
1151 1675592671 0,600000 -1,000000 -101,000000 0,000000 0,000000
1151 1675592672 0,600000 -1,000000 -101,000000 0,000000 0,000000
