396 1675365089 0,800000 -1,000000 -101,000000 0,000000 0,000000
396 1675365090 0,800000 -1,000000 -101,000000 0,000000 0,000000
396 1675365091 0,800000 -1,000000 -101,000000 0,000000 0,000000
396 1675365092 0,800000 -1,000000 -101,000000 0,000000 0,000000
396 1675365093 0,800000 -1,000000 -101,000000 0,000000 0,000000
396 1675365094 1,400000 -1,000000 -101,000000 0,000000 0,000000
396 1675365095 1,400000 -1,000000 -101,000000 0,000000 0,000000
396 1675365096 1,400000 -1,000000 -101,000000 0,000000 0,000000
396 1675365097 1,400000 -1,000000 -101,000000 0,000000 0,000000
396 1675365098 1,400000 -1,000000 -101,000000 0,000000 0,000000
396 1675365099 1,200000 -1,000000 -101,000000 0,000000 0,000000
396 1675365100 1,200000 -1,000000 -101,000000 0,000000 0,000000
396 1675365101 1,200000 -1,000000 -101,000000 0,000000 0,000000
396 1675365102 1,200000 -1,000000 -101,000000 0,000000 0,000000
396 1675365103 1,200000 -1,000000 -101,000000 0,000000 0,000000
396 1675365104 1,000000 -1,000000 -101,000000 0,000000 0,000000
396 1675365105 1,000000 -1,000000 -101,000000 0,000000 0,000000
396 1675365106 1,000000 -1,000000 -101,000000 0,000000 0,000000
396 1675365107 1,000000 -1,000000 -101,000000 0,000000 0,000000
396 1675365108 1,000000 -1,000000 -101,000000 0,000000 0,000000
396 1675365109 0,800000 -1,000000 -101,000000 0,000000 0,000000
396 1675365110 0,800000 -1,000000 -101,000000 0,000000 0,000000
396 1675365111 0,800000 -1,000000 -101,000000 0,000000 0,000000
396 1675365112 0,800000 -1,000000 -101,000000 0,000000 0,000000
396 1675365113 0,800000 -1,000000 -101,000000 0,000000 0,000000
396 1675365114 2,000000 -1,000000 -101,000000 0,000000 0,000000
396 1675365115 2,000000 -1,000000 -101,000000 0,000000 0,000000
396 1675365116 2,000000 -1,000000 -101,000000 0,000000 0,000000
396 1675365117 2,000000 -1,000000 -101,000000 0,000000 0,000000
396 1675365118 2,000000 -1,000000 -101,000000 0,000000 0,000000
396 1675365119 2,000000 -1,000000 -101,000000 0,000000 0,000000
396 1675365120 2,000000 -1,000000 -101,000000 0,000000 0,000000
396 1675365121 2,000000 -1,000000 -101,000000 0,000000 0,000000
396 1675365122 2,000000 -1,000000 -101,000000 0,000000 0,000000
396 1675365123 2,000000 -1,000000 -101,000000 0,000000 0,000000
396 1675365124 1,800000 -1,000000 -101,000000 0,000000 0,000000
396 1675365125 1,800000 -1,000000 -101,000000 0,000000 0,000000
396 1675365126 1,800000 -1,000000 -101,000000 0,000000 0,000000
396 1675365127 1,800000 -1,000000 -101,000000 0,000000 0,000000
396 1675365128 1,800000 -1,000000 -101,000000 0,000000 0,000000
396 1675365129 1,600000 -1,000000 -101,000000 0,000000 0,000000
396 1675365130 1,600000 -1,000000 -101,000000 0,000000 0,000000
396 1675365131 1,600000 -1,000000 -101,000000 0,000000 0,000000
396 1675365132 1,600000 -1,000000 -101,000000 0,000000 0,000000
396 1675365133 1,600000 -1,000000 -101,000000 0,000000 0,000000
396 1675365134 0,800000 -1,000000 -101,000000 0,000000 0,000000
396 1675365135 0,800000 -1,000000 -101,000000 0,000000 0,000000
396 1675365136 0,800000 -1,000000 -101,000000 0,000000 0,000000
396 1675365137 0,800000 -1,000000 -101,000000 0,000000 0,000000
396 1675365138 0,800000 -1,000000 -101,000000 0,000000 0,000000
396 1675365139 1,400000 -1,000000 -101,000000 0,000000 0,000000
396 1675365140 1,400000 -1,000000 -101,000000 0,000000 0,000000
396 1675365141 1,400000 -1,000000 -101,000000 0,000000 0,000000
396 1675365142 1,400000 -1,000000 -101,000000 0,000000 0,000000
396 1675365143 1,400000 -1,000000 -101,000000 0,000000 0,000000
396 1675365149 1,600000 -1,000000 -101,000000 0,000000 0,000000
396 1675365150 1,600000 -1,000000 -101,000000 0,000000 0,000000
396 1675365151 1,600000 -1,000000 -101,000000 0,000000 0,000000
396 1675365152 1,600000 -1,000000 -101,000000 0,000000 0,000000
396 1675365153 1,600000 -1,000000 -101,000000 0,000000 0,000000
396 1675365154 2,800000 -1,000000 -101,000000 0,000000 0,000000
396 1675365155 2,800000 -1,000000 -101,000000 0,000000 0,000000
396 1675365156 2,800000 -1,000000 -101,000000 0,000000 0,000000
396 1675365157 2,800000 -1,000000 -101,000000 0,000000 0,000000
396 1675365158 2,800000 -1,000000 -101,000000 0,000000 0,000000
396 1675365159 2,400000 -1,000000 -101,000000 0,000000 0,000000
396 1675365160 2,400000 -1,000000 -101,000000 0,000000 0,000000
396 1675365161 2,400000 -1,000000 -101,000000 0,000000 0,000000
396 1675365162 2,400000 -1,000000 -101,000000 0,000000 0,000000
396 1675365163 2,400000 -1,000000 -101,000000 0,000000 0,000000
396 1675365164 1,200000 -1,000000 -101,000000 0,000000 0,000000
396 1675365165 1,200000 -1,000000 -101,000000 0,000000 0,000000
396 1675365166 1,200000 -1,000000 -101,000000 0,000000 0,000000
396 1675365167 1,200000 -1,000000 -101,000000 0,000000 0,000000
396 1675365168 1,200000 -1,000000 -101,000000 0,000000 0,000000
396 1675365169 1,800000 -1,000000 -101,000000 0,000000 0,000000
396 1675365170 1,800000 -1,000000 -101,000000 0,000000 0,000000
396 1675365171 1,800000 -1,000000 -101,000000 0,000000 0,000000
396 1675365172 1,800000 -1,000000 -101,000000 0,000000 0,000000
396 1675365173 1,800000 -1,000000 -101,000000 0,000000 0,000000
396 1675365174 2,400000 -1,000000 -101,000000 0,000000 0,000000
396 1675365175 2,400000 -1,000000 -101,000000 0,000000 0,000000
396 1675365176 2,400000 -1,000000 -101,000000 0,000000 0,000000
396 1675365177 2,400000 -1,000000 -101,000000 0,000000 0,000000
396 1675365178 2,400000 -1,000000 -101,000000 0,000000 0,000000
396 1675365179 4,800000 -1,000000 -101,000000 0,000000 0,000000
396 1675365180 4,800000 -1,000000 -101,000000 0,000000 0,000000
396 1675365181 4,800000 -1,000000 -101,000000 0,000000 0,000000
396 1675365182 4,800000 -1,000000 -101,000000 0,000000 0,000000
396 1675365183 4,800000 -1,000000 -101,000000 0,000000 0,000000
396 1675365184 3,400000 -1,000000 -101,000000 0,000000 0,000000
396 1675365185 3,400000 -1,000000 -101,000000 0,000000 0,000000
396 1675365186 3,400000 -1,000000 -101,000000 0,000000 0,000000
396 1675365187 3,400000 -1,000000 -101,000000 0,000000 0,000000
396 1675365188 3,400000 -1,000000 -101,000000 0,000000 0,000000
396 1675365189 1,600000 -1,000000 -101,000000 0,000000 0,000000
396 1675365190 1,600000 -1,000000 -101,000000 0,000000 0,000000
396 1675365191 1,600000 -1,000000 -101,000000 0,000000 0,000000
396 1675365192 1,600000 -1,000000 -101,000000 0,000000 0,000000
396 1675365193 1,600000 -1,000000 -101,000000 0,000000 0,000000
396 1675365194 0,800000 -1,000000 -101,000000 0,000000 0,000000
396 1675365195 0,800000 -1,000000 -101,000000 0,000000 0,000000
396 1675365196 0,800000 -1,000000 -101,000000 0,000000 0,000000
396 1675365197 0,800000 -1,000000 -101,000000 0,000000 0,000000
396 1675365198 0,800000 -1,000000 -101,000000 0,000000 0,000000
396 1675365199 0,600000 -1,000000 -101,000000 0,000000 0,000000
396 1675365200 0,600000 -1,000000 -101,000000 0,000000 0,000000
396 1675365201 0,600000 -1,000000 -101,000000 0,000000 0,000000
396 1675365202 0,600000 -1,000000 -101,000000 0,000000 0,000000
396 1675365203 0,600000 -1,000000 -101,000000 0,000000 0,000000
396 1675365204 1,600000 -1,000000 -101,000000 0,000000 0,000000
396 1675365205 1,600000 -1,000000 -101,000000 0,000000 0,000000
396 1675365206 1,600000 -1,000000 -101,000000 0,000000 0,000000
396 1675365207 1,600000 -1,000000 -101,000000 0,000000 0,000000
396 1675365208 1,600000 -1,000000 -101,000000 0,000000 0,000000
396 1675365209 2,400000 -1,000000 -101,000000 0,000000 0,000000
396 1675365210 2,400000 -1,000000 -101,000000 0,000000 0,000000
396 1675365211 2,400000 -1,000000 -101,000000 0,000000 0,000000
396 1675365212 2,400000 -1,000000 -101,000000 0,000000 0,000000
396 1675365213 2,400000 -1,000000 -101,000000 0,000000 0,000000
396 1675365214 4,200000 -1,000000 -101,000000 0,000000 0,000000
396 1675365215 4,200000 -1,000000 -101,000000 0,000000 0,000000
396 1675365216 4,200000 -1,000000 -101,000000 0,000000 0,000000
396 1675365217 4,200000 -1,000000 -101,000000 0,000000 0,000000
396 1675365218 4,200000 -1,000000 -101,000000 0,000000 0,000000
396 1675365219 4,800000 -1,000000 -101,000000 0,000000 0,000000
396 1675365220 4,800000 -1,000000 -101,000000 0,000000 0,000000
396 1675365221 4,800000 -1,000000 -101,000000 0,000000 0,000000
396 1675365222 4,800000 -1,000000 -101,000000 0,000000 0,000000
396 1675365223 4,800000 -1,000000 -101,000000 0,000000 0,000000
396 1675365224 3,200000 -1,000000 -101,000000 0,000000 0,000000
396 1675365225 3,200000 -1,000000 -101,000000 0,000000 0,000000
396 1675365226 3,200000 -1,000000 -101,000000 0,000000 0,000000
396 1675365227 3,200000 -1,000000 -101,000000 0,000000 0,000000
396 1675365228 3,200000 -1,000000 -101,000000 0,000000 0,000000
396 1675365229 3,200000 -1,000000 -101,000000 0,000000 0,000000
396 1675365230 3,200000 -1,000000 -101,000000 0,000000 0,000000
396 1675365231 3,200000 -1,000000 -101,000000 0,000000 0,000000
396 1675365232 3,200000 -1,000000 -101,000000 0,000000 0,000000
396 1675365233 3,200000 -1,000000 -101,000000 0,000000 0,000000
396 1675365234 3,000000 -1,000000 -101,000000 0,000000 0,000000
396 1675365235 3,000000 -1,000000 -101,000000 0,000000 0,000000
396 1675365236 3,000000 -1,000000 -101,000000 0,000000 0,000000
396 1675365237 3,000000 -1,000000 -101,000000 0,000000 0,000000
396 1675365238 3,000000 -1,000000 -101,000000 0,000000 0,000000
396 1675365239 3,200000 -1,000000 -101,000000 0,000000 0,000000
396 1675365240 3,200000 -1,000000 -101,000000 0,000000 0,000000
396 1675365241 3,200000 -1,000000 -101,000000 0,000000 0,000000
396 1675365242 3,200000 -1,000000 -101,000000 0,000000 0,000000
396 1675365243 3,200000 -1,000000 -101,000000 0,000000 0,000000
396 1675365244 3,800000 -1,000000 -101,000000 0,000000 0,000000
396 1675365245 3,800000 -1,000000 -101,000000 0,000000 0,000000
396 1675365246 3,800000 -1,000000 -101,000000 0,000000 0,000000
396 1675365247 3,800000 -1,000000 -101,000000 0,000000 0,000000
396 1675365248 3,800000 -1,000000 -101,000000 0,000000 0,000000
396 1675365249 2,000000 -1,000000 -101,000000 0,000000 0,000000
396 1675365250 2,000000 -1,000000 -101,000000 0,000000 0,000000
396 1675365251 2,000000 -1,000000 -101,000000 0,000000 0,000000
396 1675365252 2,000000 -1,000000 -101,000000 0,000000 0,000000
396 1675365253 2,000000 -1,000000 -101,000000 0,000000 0,000000
396 1675365254 2,400000 -1,000000 -101,000000 0,000000 0,000000
396 1675365255 2,400000 -1,000000 -101,000000 0,000000 0,000000
396 1675365256 2,400000 -1,000000 -101,000000 0,000000 0,000000
396 1675365257 2,400000 -1,000000 -101,000000 0,000000 0,000000
396 1675365258 2,400000 -1,000000 -101,000000 0,000000 0,000000
396 1675365259 1,400000 -1,000000 -101,000000 0,000000 0,000000
396 1675365260 1,400000 -1,000000 -101,000000 0,000000 0,000000
396 1675365261 1,400000 -1,000000 -101,000000 0,000000 0,000000
396 1675365262 1,400000 -1,000000 -101,000000 0,000000 0,000000
396 1675365263 1,400000 -1,000000 -101,000000 0,000000 0,000000
396 1675365264 1,600000 -1,000000 -101,000000 0,000000 0,000000
396 1675365265 1,600000 -1,000000 -101,000000 0,000000 0,000000
396 1675365266 1,600000 -1,000000 -101,000000 0,000000 0,000000
396 1675365267 1,600000 -1,000000 -101,000000 0,000000 0,000000
396 1675365268 1,600000 -1,000000 -101,000000 0,000000 0,000000
396 1675365269 3,000000 -1,000000 -101,000000 0,000000 0,000000
396 1675365270 3,000000 -1,000000 -101,000000 0,000000 0,000000
396 1675365271 3,000000 -1,000000 -101,000000 0,000000 0,000000
396 1675365272 3,000000 -1,000000 -101,000000 0,000000 0,000000
396 1675365273 3,000000 -1,000000 -101,000000 0,000000 0,000000
396 1675365274 4,000000 -1,000000 -101,000000 0,000000 0,000000
396 1675365275 4,000000 -1,000000 -101,000000 0,000000 0,000000
396 1675365276 4,000000 -1,000000 -101,000000 0,000000 0,000000
396 1675365277 4,000000 -1,000000 -101,000000 0,000000 0,000000
396 1675365278 4,000000 -1,000000 -101,000000 0,000000 0,000000
396 1675365279 4,400000 -1,000000 -101,000000 0,000000 0,000000
396 1675365280 4,400000 -1,000000 -101,000000 0,000000 0,000000
396 1675365281 4,400000 -1,000000 -101,000000 0,000000 0,000000
396 1675365282 4,400000 -1,000000 -101,000000 0,000000 0,000000
396 1675365283 4,400000 -1,000000 -101,000000 0,000000 0,000000
396 1675365284 2,600000 -1,000000 -101,000000 0,000000 0,000000
396 1675365285 2,600000 -1,000000 -101,000000 0,000000 0,000000
396 1675365286 2,600000 -1,000000 -101,000000 0,000000 0,000000
396 1675365287 2,600000 -1,000000 -101,000000 0,000000 0,000000
396 1675365288 2,600000 -1,000000 -101,000000 0,000000 0,000000
396 1675365289 2,600000 -1,000000 -101,000000 0,000000 0,000000
396 1675365290 2,600000 -1,000000 -101,000000 0,000000 0,000000
396 1675365291 2,600000 -1,000000 -101,000000 0,000000 0,000000
396 1675365292 2,600000 -1,000000 -101,000000 0,000000 0,000000
396 1675365293 2,600000 -1,000000 -101,000000 0,000000 0,000000
396 1675365294 4,800000 -1,000000 -101,000000 0,000000 0,000000
396 1675365295 4,800000 -1,000000 -101,000000 0,000000 0,000000
396 1675365296 4,800000 -1,000000 -101,000000 0,000000 0,000000
396 1675365297 4,800000 -1,000000 -101,000000 0,000000 0,000000
396 1675365298 4,800000 -1,000000 -101,000000 0,000000 0,000000
396 1675365299 1,400000 -1,000000 -101,000000 0,000000 0,000000
396 1675365300 1,400000 -1,000000 -101,000000 0,000000 0,000000
396 1675365301 1,400000 -1,000000 -101,000000 0,000000 0,000000
396 1675365302 1,400000 -1,000000 -101,000000 0,000000 0,000000
396 1675365303 1,400000 -1,000000 -101,000000 0,000000 0,000000
396 1675365304 3,200000 -1,000000 -101,000000 0,000000 0,000000
396 1675365305 3,200000 -1,000000 -101,000000 0,000000 0,000000
396 1675365306 3,200000 -1,000000 -101,000000 0,000000 0,000000
396 1675365307 3,200000 -1,000000 -101,000000 0,000000 0,000000
396 1675365308 3,200000 -1,000000 -101,000000 0,000000 0,000000
396 1675365309 2,400000 -1,000000 -101,000000 0,000000 0,000000
396 1675365310 2,400000 -1,000000 -101,000000 0,000000 0,000000
396 1675365311 2,400000 -1,000000 -101,000000 0,000000 0,000000
396 1675365312 2,400000 -1,000000 -101,000000 0,000000 0,000000
396 1675365313 2,400000 -1,000000 -101,000000 0,000000 0,000000
396 1675365314 4,000000 -1,000000 -101,000000 0,000000 0,000000
396 1675365315 4,000000 -1,000000 -101,000000 0,000000 0,000000
396 1675365316 4,000000 -1,000000 -101,000000 0,000000 0,000000
396 1675365317 4,000000 -1,000000 -101,000000 0,000000 0,000000
396 1675365318 4,000000 -1,000000 -101,000000 0,000000 0,000000
396 1675365319 4,400000 -1,000000 -101,000000 0,000000 0,000000
396 1675365320 4,400000 -1,000000 -101,000000 0,000000 0,000000
396 1675365321 4,400000 -1,000000 -101,000000 0,000000 0,000000
396 1675365322 4,400000 -1,000000 -101,000000 0,000000 0,000000
396 1675365323 4,400000 -1,000000 -101,000000 0,000000 0,000000
396 1675365324 3,000000 -1,000000 -101,000000 0,000000 0,000000
396 1675365325 3,000000 -1,000000 -101,000000 0,000000 0,000000
396 1675365326 3,000000 -1,000000 -101,000000 0,000000 0,000000
396 1675365327 3,000000 -1,000000 -101,000000 0,000000 0,000000
396 1675365328 3,000000 -1,000000 -101,000000 0,000000 0,000000
396 1675365329 2,400000 -1,000000 -101,000000 0,000000 0,000000
396 1675365330 2,400000 -1,000000 -101,000000 0,000000 0,000000
396 1675365331 2,400000 -1,000000 -101,000000 0,000000 0,000000
396 1675365332 2,400000 -1,000000 -101,000000 0,000000 0,000000
396 1675365333 2,400000 -1,000000 -101,000000 0,000000 0,000000
396 1675365334 2,200000 -1,000000 -101,000000 0,000000 0,000000
396 1675365335 2,200000 -1,000000 -101,000000 0,000000 0,000000
396 1675365336 2,200000 -1,000000 -101,000000 0,000000 0,000000
396 1675365337 2,200000 -1,000000 -101,000000 0,000000 0,000000
396 1675365338 2,200000 -1,000000 -101,000000 0,000000 0,000000
396 1675365339 5,200000 -1,000000 -101,000000 0,000000 0,000000
396 1675365340 5,200000 -1,000000 -101,000000 0,000000 0,000000
396 1675365341 5,200000 -1,000000 -101,000000 0,000000 0,000000
396 1675365342 5,200000 -1,000000 -101,000000 0,000000 0,000000
396 1675365343 5,200000 -1,000000 -101,000000 0,000000 0,000000
396 1675365344 5,400000 -1,000000 -101,000000 0,000000 0,000000
396 1675365345 5,400000 -1,000000 -101,000000 0,000000 0,000000
396 1675365346 5,400000 -1,000000 -101,000000 0,000000 0,000000
396 1675365347 5,400000 -1,000000 -101,000000 0,000000 0,000000
396 1675365348 5,400000 -1,000000 -101,000000 0,000000 0,000000
396 1675365349 3,600000 -1,000000 -101,000000 0,000000 0,000000
396 1675365350 3,600000 -1,000000 -101,000000 0,000000 0,000000
396 1675365351 3,600000 -1,000000 -101,000000 0,000000 0,000000
396 1675365352 3,600000 -1,000000 -101,000000 0,000000 0,000000
396 1675365353 3,600000 -1,000000 -101,000000 0,000000 0,000000
396 1675365354 2,200000 -1,000000 -101,000000 0,000000 0,000000
396 1675365355 2,200000 -1,000000 -101,000000 0,000000 0,000000
396 1675365356 2,200000 -1,000000 -101,000000 0,000000 0,000000
396 1675365357 2,200000 -1,000000 -101,000000 0,000000 0,000000
396 1675365358 2,200000 -1,000000 -101,000000 0,000000 0,000000
396 1675365359 2,600000 -1,000000 -101,000000 0,000000 0,000000
396 1675365360 2,600000 -1,000000 -101,000000 0,000000 0,000000
396 1675365361 2,600000 -1,000000 -101,000000 0,000000 0,000000
396 1675365362 2,600000 -1,000000 -101,000000 0,000000 0,000000
396 1675365363 2,600000 -1,000000 -101,000000 0,000000 0,000000
396 1675365364 3,000000 -1,000000 -101,000000 0,000000 0,000000
396 1675365365 3,000000 -1,000000 -101,000000 0,000000 0,000000
396 1675365366 3,000000 -1,000000 -101,000000 0,000000 0,000000
396 1675365367 3,000000 -1,000000 -101,000000 0,000000 0,000000
396 1675365368 3,000000 -1,000000 -101,000000 0,000000 0,000000
396 1675365369 0,600000 -1,000000 -101,000000 0,000000 0,000000
396 1675365370 0,600000 -1,000000 -101,000000 0,000000 0,000000
396 1675365371 0,600000 -1,000000 -101,000000 0,000000 0,000000
396 1675365372 0,600000 -1,000000 -101,000000 0,000000 0,000000
396 1675365373 0,600000 -1,000000 -101,000000 0,000000 0,000000
396 1675365374 1,200000 -1,000000 -101,000000 0,000000 0,000000
396 1675365375 1,200000 -1,000000 -101,000000 0,000000 0,000000
396 1675365376 1,200000 -1,000000 -101,000000 0,000000 0,000000
396 1675365377 1,200000 -1,000000 -101,000000 0,000000 0,000000
396 1675365378 1,200000 -1,000000 -101,000000 0,000000 0,000000
396 1675365379 3,000000 -1,000000 -101,000000 0,000000 0,000000
396 1675365380 3,000000 -1,000000 -101,000000 0,000000 0,000000
396 1675365381 3,000000 -1,000000 -101,000000 0,000000 0,000000
396 1675365382 3,000000 -1,000000 -101,000000 0,000000 0,000000
396 1675365383 3,000000 -1,000000 -101,000000 0,000000 0,000000
396 1675365384 1,200000 -1,000000 -101,000000 0,000000 0,000000
396 1675365385 1,200000 -1,000000 -101,000000 0,000000 0,000000
396 1675365386 1,200000 -1,000000 -101,000000 0,000000 0,000000
396 1675365387 1,200000 -1,000000 -101,000000 0,000000 0,000000
396 1675365388 1,200000 -1,000000 -101,000000 0,000000 0,000000
396 1675365389 1,000000 -1,000000 -101,000000 0,000000 0,000000
396 1675365390 1,000000 -1,000000 -101,000000 0,000000 0,000000
396 1675365391 1,000000 -1,000000 -101,000000 0,000000 0,000000
396 1675365392 1,000000 -1,000000 -101,000000 0,000000 0,000000
396 1675365393 1,000000 -1,000000 -101,000000 0,000000 0,000000
396 1675365394 2,400000 -1,000000 -101,000000 0,000000 0,000000
396 1675365395 2,400000 -1,000000 -101,000000 0,000000 0,000000
396 1675365396 2,400000 -1,000000 -101,000000 0,000000 0,000000
396 1675365397 2,400000 -1,000000 -101,000000 0,000000 0,000000
396 1675365398 2,400000 -1,000000 -101,000000 0,000000 0,000000
396 1675365399 5,000000 -1,000000 -101,000000 0,000000 0,000000
396 1675365400 5,000000 -1,000000 -101,000000 0,000000 0,000000
396 1675365401 5,000000 -1,000000 -101,000000 0,000000 0,000000
396 1675365402 5,000000 -1,000000 -101,000000 0,000000 0,000000
396 1675365403 5,000000 -1,000000 -101,000000 0,000000 0,000000
396 1675365404 6,200000 -1,000000 -101,000000 0,000000 0,000000
396 1675365405 6,200000 -1,000000 -101,000000 0,000000 0,000000
396 1675365406 6,200000 -1,000000 -101,000000 0,000000 0,000000
396 1675365407 6,200000 -1,000000 -101,000000 0,000000 0,000000
396 1675365408 6,200000 -1,000000 -101,000000 0,000000 0,000000
396 1675365409 3,600000 -1,000000 -101,000000 0,000000 0,000000
396 1675365410 3,600000 -1,000000 -101,000000 0,000000 0,000000
396 1675365411 3,600000 -1,000000 -101,000000 0,000000 0,000000
396 1675365412 3,600000 -1,000000 -101,000000 0,000000 0,000000
396 1675365413 3,600000 -1,000000 -101,000000 0,000000 0,000000
396 1675365414 5,600000 -1,000000 -101,000000 0,000000 0,000000
396 1675365415 5,600000 -1,000000 -101,000000 0,000000 0,000000
396 1675365416 5,600000 -1,000000 -101,000000 0,000000 0,000000
396 1675365417 5,600000 -1,000000 -101,000000 0,000000 0,000000
396 1675365418 5,600000 -1,000000 -101,000000 0,000000 0,000000
396 1675365419 6,400000 -1,000000 -101,000000 0,000000 0,000000
396 1675365420 6,400000 -1,000000 -101,000000 0,000000 0,000000
396 1675365421 6,400000 -1,000000 -101,000000 0,000000 0,000000
396 1675365422 6,400000 -1,000000 -101,000000 0,000000 0,000000
396 1675365423 6,400000 -1,000000 -101,000000 0,000000 0,000000
396 1675365424 5,000000 -1,000000 -101,000000 0,000000 0,000000
396 1675365425 5,000000 -1,000000 -101,000000 0,000000 0,000000
396 1675365426 5,000000 -1,000000 -101,000000 0,000000 0,000000
396 1675365427 5,000000 -1,000000 -101,000000 0,000000 0,000000
396 1675365428 5,000000 -1,000000 -101,000000 0,000000 0,000000
396 1675365429 5,400000 -1,000000 -101,000000 0,000000 0,000000
396 1675365430 5,400000 -1,000000 -101,000000 0,000000 0,000000
396 1675365431 5,400000 -1,000000 -101,000000 0,000000 0,000000
396 1675365432 5,400000 -1,000000 -101,000000 0,000000 0,000000
396 1675365433 5,400000 -1,000000 -101,000000 0,000000 0,000000
396 1675365434 1,200000 -1,000000 -101,000000 0,000000 0,000000
396 1675365435 1,200000 -1,000000 -101,000000 0,000000 0,000000
396 1675365436 1,200000 -1,000000 -101,000000 0,000000 0,000000
396 1675365437 1,200000 -1,000000 -101,000000 0,000000 0,000000
396 1675365438 1,200000 -1,000000 -101,000000 0,000000 0,000000
396 1675365439 1,600000 -1,000000 -101,000000 0,000000 0,000000
396 1675365440 1,600000 -1,000000 -101,000000 0,000000 0,000000
396 1675365441 1,600000 -1,000000 -101,000000 0,000000 0,000000
396 1675365442 1,600000 -1,000000 -101,000000 0,000000 0,000000
396 1675365443 1,600000 -1,000000 -101,000000 0,000000 0,000000
396 1675365449 0,800000 -1,000000 -101,000000 0,000000 0,000000
396 1675365450 0,800000 -1,000000 -101,000000 0,000000 0,000000
396 1675365451 0,800000 -1,000000 -101,000000 0,000000 0,000000
396 1675365452 0,800000 -1,000000 -101,000000 0,000000 0,000000
396 1675365453 0,800000 -1,000000 -101,000000 0,000000 0,000000
396 1675365459 3,000000 -1,000000 -101,000000 0,000000 0,000000
396 1675365460 3,000000 -1,000000 -101,000000 0,000000 0,000000
396 1675365461 3,000000 -1,000000 -101,000000 0,000000 0,000000
396 1675365462 3,000000 -1,000000 -101,000000 0,000000 0,000000
396 1675365463 3,000000 -1,000000 -101,000000 0,000000 0,000000
396 1675365464 4,800000 -1,000000 -101,000000 0,000000 0,000000
396 1675365465 4,800000 -1,000000 -101,000000 0,000000 0,000000
396 1675365466 4,800000 -1,000000 -101,000000 0,000000 0,000000
396 1675365467 4,800000 -1,000000 -101,000000 0,000000 0,000000
396 1675365468 4,800000 -1,000000 -101,000000 0,000000 0,000000
396 1675365469 4,800000 -1,000000 -101,000000 0,000000 0,000000
396 1675365470 4,800000 -1,000000 -101,000000 0,000000 0,000000
396 1675365471 4,800000 -1,000000 -101,000000 0,000000 0,000000
396 1675365472 4,800000 -1,000000 -101,000000 0,000000 0,000000
396 1675365473 4,800000 -1,000000 -101,000000 0,000000 0,000000
396 1675365474 4,000000 -1,000000 -101,000000 0,000000 0,000000
396 1675365475 4,000000 -1,000000 -101,000000 0,000000 0,000000
396 1675365476 4,000000 -1,000000 -101,000000 0,000000 0,000000
396 1675365477 4,000000 -1,000000 -101,000000 0,000000 0,000000
396 1675365478 4,000000 -1,000000 -101,000000 0,000000 0,000000
396 1675365479 2,400000 -1,000000 -101,000000 0,000000 0,000000
396 1675365480 2,400000 -1,000000 -101,000000 0,000000 0,000000
396 1675365481 2,400000 -1,000000 -101,000000 0,000000 0,000000
396 1675365482 2,400000 -1,000000 -101,000000 0,000000 0,000000
396 1675365483 2,400000 -1,000000 -101,000000 0,000000 0,000000
396 1675365484 1,600000 -1,000000 -101,000000 0,000000 0,000000
396 1675365485 1,600000 -1,000000 -101,000000 0,000000 0,000000
396 1675365486 1,600000 -1,000000 -101,000000 0,000000 0,000000
396 1675365487 1,600000 -1,000000 -101,000000 0,000000 0,000000
396 1675365488 1,600000 -1,000000 -101,000000 0,000000 0,000000
396 1675365489 5,800000 -1,000000 -101,000000 0,000000 0,000000
396 1675365490 5,800000 -1,000000 -101,000000 0,000000 0,000000
396 1675365491 5,800000 -1,000000 -101,000000 0,000000 0,000000
396 1675365492 5,800000 -1,000000 -101,000000 0,000000 0,000000
396 1675365493 5,800000 -1,000000 -101,000000 0,000000 0,000000
396 1675365494 2,600000 -1,000000 -101,000000 0,000000 0,000000
396 1675365495 2,600000 -1,000000 -101,000000 0,000000 0,000000
396 1675365496 2,600000 -1,000000 -101,000000 0,000000 0,000000
396 1675365497 2,600000 -1,000000 -101,000000 0,000000 0,000000
396 1675365498 2,600000 -1,000000 -101,000000 0,000000 0,000000
396 1675365499 1,800000 -1,000000 -101,000000 0,000000 0,000000
396 1675365500 1,800000 -1,000000 -101,000000 0,000000 0,000000
396 1675365501 1,800000 -1,000000 -101,000000 0,000000 0,000000
396 1675365502 1,800000 -1,000000 -101,000000 0,000000 0,000000
396 1675365503 1,800000 -1,000000 -101,000000 0,000000 0,000000
396 1675365504 3,400000 -1,000000 -101,000000 0,000000 0,000000
396 1675365505 3,400000 -1,000000 -101,000000 0,000000 0,000000
396 1675365506 3,400000 -1,000000 -101,000000 0,000000 0,000000
396 1675365507 3,400000 -1,000000 -101,000000 0,000000 0,000000
396 1675365508 3,400000 -1,000000 -101,000000 0,000000 0,000000
396 1675365509 2,200000 -1,000000 -101,000000 0,000000 0,000000
396 1675365510 2,200000 -1,000000 -101,000000 0,000000 0,000000
396 1675365511 2,200000 -1,000000 -101,000000 0,000000 0,000000
396 1675365512 2,200000 -1,000000 -101,000000 0,000000 0,000000
396 1675365513 2,200000 -1,000000 -101,000000 0,000000 0,000000
396 1675365514 4,200000 -1,000000 -101,000000 0,000000 0,000000
396 1675365515 4,200000 -1,000000 -101,000000 0,000000 0,000000
396 1675365516 4,200000 -1,000000 -101,000000 0,000000 0,000000
396 1675365517 4,200000 -1,000000 -101,000000 0,000000 0,000000
396 1675365518 4,200000 -1,000000 -101,000000 0,000000 0,000000
396 1675365519 4,000000 -1,000000 -101,000000 0,000000 0,000000
396 1675365520 4,000000 -1,000000 -101,000000 0,000000 0,000000
396 1675365521 4,000000 -1,000000 -101,000000 0,000000 0,000000
396 1675365522 4,000000 -1,000000 -101,000000 0,000000 0,000000
396 1675365523 4,000000 -1,000000 -101,000000 0,000000 0,000000
396 1675365524 4,200000 -1,000000 -101,000000 0,000000 0,000000
396 1675365525 4,200000 -1,000000 -101,000000 0,000000 0,000000
396 1675365526 4,200000 -1,000000 -101,000000 0,000000 0,000000
396 1675365527 4,200000 -1,000000 -101,000000 0,000000 0,000000
396 1675365528 4,200000 -1,000000 -101,000000 0,000000 0,000000
396 1675365529 4,800000 -1,000000 -101,000000 0,000000 0,000000
396 1675365530 4,800000 -1,000000 -101,000000 0,000000 0,000000
396 1675365531 4,800000 -1,000000 -101,000000 0,000000 0,000000
396 1675365532 4,800000 -1,000000 -101,000000 0,000000 0,000000
396 1675365533 4,800000 -1,000000 -101,000000 0,000000 0,000000
396 1675365534 2,600000 -1,000000 -101,000000 0,000000 0,000000
396 1675365535 2,600000 -1,000000 -101,000000 0,000000 0,000000
396 1675365536 2,600000 -1,000000 -101,000000 0,000000 0,000000
396 1675365537 2,600000 -1,000000 -101,000000 0,000000 0,000000
396 1675365538 2,600000 -1,000000 -101,000000 0,000000 0,000000
396 1675365539 3,600000 -1,000000 -101,000000 0,000000 0,000000
396 1675365540 3,600000 -1,000000 -101,000000 0,000000 0,000000
396 1675365541 3,600000 -1,000000 -101,000000 0,000000 0,000000
396 1675365542 3,600000 -1,000000 -101,000000 0,000000 0,000000
396 1675365543 3,600000 -1,000000 -101,000000 0,000000 0,000000
396 1675365544 3,400000 -1,000000 -101,000000 0,000000 0,000000
396 1675365545 3,400000 -1,000000 -101,000000 0,000000 0,000000
396 1675365546 3,400000 -1,000000 -101,000000 0,000000 0,000000
396 1675365547 3,400000 -1,000000 -101,000000 0,000000 0,000000
396 1675365548 3,400000 -1,000000 -101,000000 0,000000 0,000000
396 1675365549 4,400000 -1,000000 -101,000000 0,000000 0,000000
396 1675365550 4,400000 -1,000000 -101,000000 0,000000 0,000000
396 1675365551 4,400000 -1,000000 -101,000000 0,000000 0,000000
396 1675365552 4,400000 -1,000000 -101,000000 0,000000 0,000000
396 1675365553 4,400000 -1,000000 -101,000000 0,000000 0,000000
396 1675365554 2,600000 -1,000000 -101,000000 0,000000 0,000000
396 1675365555 2,600000 -1,000000 -101,000000 0,000000 0,000000
396 1675365556 2,600000 -1,000000 -101,000000 0,000000 0,000000
396 1675365557 2,600000 -1,000000 -101,000000 0,000000 0,000000
396 1675365558 2,600000 -1,000000 -101,000000 0,000000 0,000000
396 1675365559 1,000000 -1,000000 -101,000000 0,000000 0,000000
396 1675365560 1,000000 -1,000000 -101,000000 0,000000 0,000000
396 1675365561 1,000000 -1,000000 -101,000000 0,000000 0,000000
396 1675365562 1,000000 -1,000000 -101,000000 0,000000 0,000000
396 1675365563 1,000000 -1,000000 -101,000000 0,000000 0,000000
396 1675365564 4,000000 -1,000000 -101,000000 0,000000 0,000000
396 1675365565 4,000000 -1,000000 -101,000000 0,000000 0,000000
396 1675365566 4,000000 -1,000000 -101,000000 0,000000 0,000000
396 1675365567 4,000000 -1,000000 -101,000000 0,000000 0,000000
396 1675365568 4,000000 -1,000000 -101,000000 0,000000 0,000000
396 1675365569 2,200000 -1,000000 -101,000000 0,000000 0,000000
396 1675365570 2,200000 -1,000000 -101,000000 0,000000 0,000000
396 1675365571 2,200000 -1,000000 -101,000000 0,000000 0,000000
396 1675365572 2,200000 -1,000000 -101,000000 0,000000 0,000000
396 1675365573 2,200000 -1,000000 -101,000000 0,000000 0,000000
396 1675365574 1,800000 -1,000000 -101,000000 0,000000 0,000000
396 1675365575 1,800000 -1,000000 -101,000000 0,000000 0,000000
396 1675365576 1,800000 -1,000000 -101,000000 0,000000 0,000000
396 1675365577 1,800000 -1,000000 -101,000000 0,000000 0,000000
396 1675365578 1,800000 -1,000000 -101,000000 0,000000 0,000000
396 1675365579 2,600000 -1,000000 -101,000000 0,000000 0,000000
396 1675365580 2,600000 -1,000000 -101,000000 0,000000 0,000000
396 1675365581 2,600000 -1,000000 -101,000000 0,000000 0,000000
396 1675365582 2,600000 -1,000000 -101,000000 0,000000 0,000000
396 1675365583 2,600000 -1,000000 -101,000000 0,000000 0,000000
396 1675365584 2,400000 -1,000000 -101,000000 0,000000 0,000000
396 1675365585 2,400000 -1,000000 -101,000000 0,000000 0,000000
396 1675365586 2,400000 -1,000000 -101,000000 0,000000 0,000000
396 1675365587 2,400000 -1,000000 -101,000000 0,000000 0,000000
396 1675365588 2,400000 -1,000000 -101,000000 0,000000 0,000000
396 1675365589 3,000000 -1,000000 -101,000000 0,000000 0,000000
396 1675365590 3,000000 -1,000000 -101,000000 0,000000 0,000000
396 1675365591 3,000000 -1,000000 -101,000000 0,000000 0,000000
396 1675365592 3,000000 -1,000000 -101,000000 0,000000 0,000000
396 1675365593 3,000000 -1,000000 -101,000000 0,000000 0,000000
396 1675365594 2,000000 -1,000000 -101,000000 0,000000 0,000000
396 1675365595 2,000000 -1,000000 -101,000000 0,000000 0,000000
396 1675365596 2,000000 -1,000000 -101,000000 0,000000 0,000000
396 1675365597 2,000000 -1,000000 -101,000000 0,000000 0,000000
396 1675365598 2,000000 -1,000000 -101,000000 0,000000 0,000000
396 1675365599 1,800000 -1,000000 -101,000000 0,000000 0,000000
396 1675365600 1,800000 -1,000000 -101,000000 0,000000 0,000000
466 1675365253 0,200000 -1,000000 0,200000 0,200000 0,016000
466 1675365252 0,200000 -1,000000 0,200000 0,200000 0,016000
466 1675365251 0,200000 -1,000000 0,200000 0,200000 0,016000
466 1675365250 0,200000 -1,000000 0,200000 0,200000 0,016000
466 1675365249 0,200000 -1,000000 0,200000 0,200000 0,016000
466 1675365223 0,200000 -1,000000 0,200000 0,200000 0,016000
466 1675365222 0,200000 -1,000000 0,200000 0,200000 0,016000
466 1675365221 0,200000 -1,000000 0,200000 0,200000 0,016000
466 1675365220 0,200000 -1,000000 0,200000 0,200000 0,016000
466 1675365219 0,200000 -1,000000 0,200000 0,200000 0,016000
396 1675365663 0,400000 -1,000000 0,400000 0,400000 0,064000
396 1675365662 0,400000 -1,000000 0,400000 0,400000 0,064000
396 1675365661 0,400000 -1,000000 0,400000 0,400000 0,064000
396 1675365660 0,400000 -1,000000 0,400000 0,400000 0,064000
396 1675365659 0,400000 -1,000000 0,400000 0,400000 0,064000
396 1675365658 6,000000 -1,000000 6,000000 6,000000 14,400000
396 1675365657 6,000000 -1,000000 6,000000 6,000000 14,400000
396 1675365656 6,000000 -1,000000 6,000000 6,000000 14,400000
396 1675365655 6,000000 -1,000000 6,000000 6,000000 14,400000
396 1675365654 6,000000 -1,000000 6,000000 6,000000 14,400000
396 1675365653 4,800000 -1,000000 4,800000 4,800000 9,216000
396 1675365652 4,800000 -1,000000 4,800000 4,800000 9,216000
396 1675365651 4,800000 -1,000000 4,800000 4,800000 9,216000
396 1675365650 4,800000 -1,000000 4,800000 4,800000 9,216000
396 1675365649 4,800000 -1,000000 4,800000 4,800000 9,216000
396 1675365648 2,400000 -1,000000 2,400000 2,400000 2,304000
396 1675365647 2,400000 -1,000000 2,400000 2,400000 2,304000
396 1675365646 2,400000 -1,000000 2,400000 2,400000 2,304000
396 1675365645 2,400000 -1,000000 2,400000 2,400000 2,304000
396 1675365644 2,400000 -1,000000 2,400000 2,400000 2,304000
396 1675365643 2,400000 -1,000000 2,400000 2,400000 2,304000
396 1675365642 2,400000 -1,000000 2,400000 2,400000 2,304000
396 1675365641 2,400000 -1,000000 2,400000 2,400000 2,304000
396 1675365640 2,400000 -1,000000 2,400000 2,400000 2,304000
396 1675365639 2,400000 -1,000000 2,400000 2,400000 2,304000
396 1675365638 0,600000 -1,000000 0,600000 0,600000 0,144000
396 1675365637 0,600000 -1,000000 0,600000 0,600000 0,144000
396 1675365636 0,600000 -1,000000 0,600000 0,600000 0,144000
396 1675365635 0,600000 -1,000000 0,600000 0,600000 0,144000
396 1675365634 0,600000 -1,000000 0,600000 0,600000 0,144000
396 1675365633 2,400000 -1,000000 2,400000 2,400000 2,304000
396 1675365632 2,400000 -1,000000 2,400000 2,400000 2,304000
396 1675365631 2,400000 -1,000000 2,400000 2,400000 2,304000
396 1675365630 2,400000 -1,000000 2,400000 2,400000 2,304000
396 1675365629 2,400000 -1,000000 2,400000 2,400000 2,304000
396 1675365628 8,000000 -1,000000 8,000000 8,000000 25,600000
396 1675365627 8,000000 -1,000000 8,000000 8,000000 25,600000
396 1675365626 8,000000 -1,000000 8,000000 8,000000 25,600000
396 1675365625 8,000000 -1,000000 8,000000 8,000000 25,600000
396 1675365624 8,000000 -1,000000 8,000000 8,000000 25,600000
396 1675365623 5,200000 -1,000000 5,200000 5,200000 10,816000
396 1675365622 5,200000 -1,000000 5,200000 5,200000 10,816000
396 1675365621 5,200000 -1,000000 5,200000 5,200000 10,816000
396 1675365620 5,200000 -1,000000 5,200000 5,200000 10,816000
396 1675365619 5,200000 -1,000000 5,200000 5,200000 10,816000
396 1675365618 6,800000 -1,000000 6,800000 6,800000 18,496000
396 1675365617 6,800000 -1,000000 6,800000 6,800000 18,496000
396 1675365616 6,800000 -1,000000 6,800000 6,800000 18,496000
396 1675365615 6,800000 -1,000000 6,800000 6,800000 18,496000
396 1675365614 6,800000 -1,000000 6,800000 6,800000 18,496000
396 1675365613 3,200000 -1,000000 3,200000 3,200000 4,096000
396 1675365612 3,200000 -1,000000 3,200000 3,200000 4,096000
396 1675365611 3,200000 -1,000000 3,200000 3,200000 4,096000
396 1675365610 3,200000 -1,000000 3,200000 3,200000 4,096000
396 1675365609 3,200000 -1,000000 3,200000 3,200000 4,096000
396 1675365608 2,400000 -1,000000 2,400000 2,400000 2,304000
396 1675365607 2,400000 -1,000000 2,400000 2,400000 2,304000
396 1675365606 2,400000 -1,000000 2,400000 2,400000 2,304000
396 1675365605 2,400000 -1,000000 2,400000 2,400000 2,304000
396 1675365604 2,400000 -1,000000 2,400000 2,400000 2,304000
396 1675365603 1,800000 -1,000000 1,800000 1,800000 1,296000
396 1675365602 1,800000 -1,000000 1,800000 1,800000 1,296000
396 1675365601 1,800000 -1,000000 1,800000 1,800000 1,296000
396 1675365601 1,800000 -1,000000 -101,000000 0,000000 0,000000
396 1675365602 1,800000 -1,000000 -101,000000 0,000000 0,000000
396 1675365603 1,800000 -1,000000 -101,000000 0,000000 0,000000
396 1675365604 2,400000 -1,000000 -101,000000 0,000000 0,000000
396 1675365605 2,400000 -1,000000 -101,000000 0,000000 0,000000
396 1675365606 2,400000 -1,000000 -101,000000 0,000000 0,000000
396 1675365607 2,400000 -1,000000 -101,000000 0,000000 0,000000
396 1675365608 2,400000 -1,000000 -101,000000 0,000000 0,000000
396 1675365609 3,200000 -1,000000 -101,000000 0,000000 0,000000
396 1675365610 3,200000 -1,000000 -101,000000 0,000000 0,000000
396 1675365611 3,200000 -1,000000 -101,000000 0,000000 0,000000
396 1675365612 3,200000 -1,000000 -101,000000 0,000000 0,000000
396 1675365613 3,200000 -1,000000 -101,000000 0,000000 0,000000
396 1675365614 6,800000 -1,000000 -101,000000 0,000000 0,000000
396 1675365615 6,800000 -1,000000 -101,000000 0,000000 0,000000
396 1675365616 6,800000 -1,000000 -101,000000 0,000000 0,000000
396 1675365617 6,800000 -1,000000 -101,000000 0,000000 0,000000
396 1675365618 6,800000 -1,000000 -101,000000 0,000000 0,000000
396 1675365619 5,200000 -1,000000 -101,000000 0,000000 0,000000
396 1675365620 5,200000 -1,000000 -101,000000 0,000000 0,000000
396 1675365621 5,200000 -1,000000 -101,000000 0,000000 0,000000
396 1675365622 5,200000 -1,000000 -101,000000 0,000000 0,000000
396 1675365623 5,200000 -1,000000 -101,000000 0,000000 0,000000
396 1675365624 8,000000 -1,000000 -101,000000 0,000000 0,000000
396 1675365625 8,000000 -1,000000 -101,000000 0,000000 0,000000
396 1675365626 8,000000 -1,000000 -101,000000 0,000000 0,000000
396 1675365627 8,000000 -1,000000 -101,000000 0,000000 0,000000
396 1675365628 8,000000 -1,000000 -101,000000 0,000000 0,000000
396 1675365629 2,400000 -1,000000 -101,000000 0,000000 0,000000
396 1675365630 2,400000 -1,000000 -101,000000 0,000000 0,000000
396 1675365631 2,400000 -1,000000 -101,000000 0,000000 0,000000
396 1675365632 2,400000 -1,000000 -101,000000 0,000000 0,000000
396 1675365633 2,400000 -1,000000 -101,000000 0,000000 0,000000
396 1675365634 0,600000 -1,000000 -101,000000 0,000000 0,000000
396 1675365635 0,600000 -1,000000 -101,000000 0,000000 0,000000
396 1675365636 0,600000 -1,000000 -101,000000 0,000000 0,000000
396 1675365637 0,600000 -1,000000 -101,000000 0,000000 0,000000
396 1675365638 0,600000 -1,000000 -101,000000 0,000000 0,000000
396 1675365639 2,400000 -1,000000 -101,000000 0,000000 0,000000
396 1675365640 2,400000 -1,000000 -101,000000 0,000000 0,000000
396 1675365641 2,400000 -1,000000 -101,000000 0,000000 0,000000
396 1675365642 2,400000 -1,000000 -101,000000 0,000000 0,000000
396 1675365643 2,400000 -1,000000 -101,000000 0,000000 0,000000
396 1675365644 2,400000 -1,000000 -101,000000 0,000000 0,000000
396 1675365645 2,400000 -1,000000 -101,000000 0,000000 0,000000
396 1675365646 2,400000 -1,000000 -101,000000 0,000000 0,000000
396 1675365647 2,400000 -1,000000 -101,000000 0,000000 0,000000
396 1675365648 2,400000 -1,000000 -101,000000 0,000000 0,000000
396 1675365649 4,800000 -1,000000 -101,000000 0,000000 0,000000
396 1675365650 4,800000 -1,000000 -101,000000 0,000000 0,000000
396 1675365651 4,800000 -1,000000 -101,000000 0,000000 0,000000
396 1675365652 4,800000 -1,000000 -101,000000 0,000000 0,000000
396 1675365653 4,800000 -1,000000 -101,000000 0,000000 0,000000
396 1675365654 6,000000 -1,000000 -101,000000 0,000000 0,000000
396 1675365655 6,000000 -1,000000 -101,000000 0,000000 0,000000
396 1675365656 6,000000 -1,000000 -101,000000 0,000000 0,000000
396 1675365657 6,000000 -1,000000 -101,000000 0,000000 0,000000
396 1675365658 6,000000 -1,000000 -101,000000 0,000000 0,000000
396 1675365659 0,400000 -1,000000 -101,000000 0,000000 0,000000
396 1675365660 0,400000 -1,000000 -101,000000 0,000000 0,000000
396 1675365661 0,400000 -1,000000 -101,000000 0,000000 0,000000
396 1675365662 0,400000 -1,000000 -101,000000 0,000000 0,000000
396 1675365663 0,400000 -1,000000 -101,000000 0,000000 0,000000
396 1675365664 2,400000 -1,000000 -101,000000 0,000000 0,000000
396 1675365665 2,400000 -1,000000 -101,000000 0,000000 0,000000
396 1675365666 2,400000 -1,000000 -101,000000 0,000000 0,000000
396 1675365667 2,400000 -1,000000 -101,000000 0,000000 0,000000
396 1675365668 2,400000 -1,000000 -101,000000 0,000000 0,000000
396 1675365669 1,800000 -1,000000 -101,000000 0,000000 0,000000
396 1675365670 1,800000 -1,000000 -101,000000 0,000000 0,000000
396 1675365671 1,800000 -1,000000 -101,000000 0,000000 0,000000
396 1675365672 1,800000 -1,000000 -101,000000 0,000000 0,000000
396 1675365673 1,800000 -1,000000 -101,000000 0,000000 0,000000
396 1675365674 1,800000 -1,000000 -101,000000 0,000000 0,000000
396 1675365675 1,800000 -1,000000 -101,000000 0,000000 0,000000
396 1675365676 1,800000 -1,000000 -101,000000 0,000000 0,000000
396 1675365677 1,800000 -1,000000 -101,000000 0,000000 0,000000
396 1675365678 1,800000 -1,000000 -101,000000 0,000000 0,000000
396 1675365679 3,400000 -1,000000 -101,000000 0,000000 0,000000
396 1675365680 3,400000 -1,000000 -101,000000 0,000000 0,000000
396 1675365681 3,400000 -1,000000 -101,000000 0,000000 0,000000
396 1675365682 3,400000 -1,000000 -101,000000 0,000000 0,000000
396 1675365683 3,400000 -1,000000 -101,000000 0,000000 0,000000
396 1675365684 1,400000 -1,000000 -101,000000 0,000000 0,000000
396 1675365685 1,400000 -1,000000 -101,000000 0,000000 0,000000
396 1675365686 1,400000 -1,000000 -101,000000 0,000000 0,000000
396 1675365687 1,400000 -1,000000 -101,000000 0,000000 0,000000
396 1675365688 1,400000 -1,000000 -101,000000 0,000000 0,000000
396 1675365689 2,000000 -1,000000 -101,000000 0,000000 0,000000
396 1675365690 2,000000 -1,000000 -101,000000 0,000000 0,000000
396 1675365691 2,000000 -1,000000 -101,000000 0,000000 0,000000
396 1675365692 2,000000 -1,000000 -101,000000 0,000000 0,000000
396 1675365693 2,000000 -1,000000 -101,000000 0,000000 0,000000
396 1675365694 1,600000 -1,000000 -101,000000 0,000000 0,000000
396 1675365695 1,600000 -1,000000 -101,000000 0,000000 0,000000
396 1675365696 1,600000 -1,000000 -101,000000 0,000000 0,000000
396 1675365697 1,600000 -1,000000 -101,000000 0,000000 0,000000
396 1675365698 1,600000 -1,000000 -101,000000 0,000000 0,000000
396 1675365699 1,600000 -1,000000 -101,000000 0,000000 0,000000
396 1675365700 1,600000 -1,000000 -101,000000 0,000000 0,000000
396 1675365701 1,600000 -1,000000 -101,000000 0,000000 0,000000
396 1675365702 1,600000 -1,000000 -101,000000 0,000000 0,000000
396 1675365703 1,600000 -1,000000 -101,000000 0,000000 0,000000
396 1675365704 2,200000 -1,000000 -101,000000 0,000000 0,000000
396 1675365705 2,200000 -1,000000 -101,000000 0,000000 0,000000
396 1675365706 2,200000 -1,000000 -101,000000 0,000000 0,000000
396 1675365707 2,200000 -1,000000 -101,000000 0,000000 0,000000
396 1675365708 2,200000 -1,000000 -101,000000 0,000000 0,000000
396 1675365709 3,600000 -1,000000 -101,000000 0,000000 0,000000
396 1675365710 3,600000 -1,000000 -101,000000 0,000000 0,000000
396 1675365711 3,600000 -1,000000 -101,000000 0,000000 0,000000
396 1675365712 3,600000 -1,000000 -101,000000 0,000000 0,000000
396 1675365713 3,600000 -1,000000 -101,000000 0,000000 0,000000
396 1675365714 5,600000 -1,000000 -101,000000 0,000000 0,000000
396 1675365715 5,600000 -1,000000 -101,000000 0,000000 0,000000
396 1675365716 5,600000 -1,000000 -101,000000 0,000000 0,000000
396 1675365717 5,600000 -1,000000 -101,000000 0,000000 0,000000
396 1675365718 5,600000 -1,000000 -101,000000 0,000000 0,000000
396 1675365719 6,000000 -1,000000 -101,000000 0,000000 0,000000
396 1675365720 6,000000 -1,000000 -101,000000 0,000000 0,000000
396 1675365721 6,000000 -1,000000 -101,000000 0,000000 0,000000
396 1675365722 6,000000 -1,000000 -101,000000 0,000000 0,000000
396 1675365723 6,000000 -1,000000 -101,000000 0,000000 0,000000
396 1675365724 5,200000 -1,000000 -101,000000 0,000000 0,000000
396 1675365725 5,200000 -1,000000 -101,000000 0,000000 0,000000
396 1675365726 5,200000 -1,000000 -101,000000 0,000000 0,000000
396 1675365727 5,200000 -1,000000 -101,000000 0,000000 0,000000
396 1675365728 5,200000 -1,000000 -101,000000 0,000000 0,000000
396 1675365729 7,200000 -1,000000 -101,000000 0,000000 0,000000
396 1675365730 7,200000 -1,000000 -101,000000 0,000000 0,000000
396 1675365731 7,200000 -1,000000 -101,000000 0,000000 0,000000
396 1675365732 7,200000 -1,000000 -101,000000 0,000000 0,000000
396 1675365733 7,200000 -1,000000 -101,000000 0,000000 0,000000
396 1675365734 3,600000 -1,000000 -101,000000 0,000000 0,000000
396 1675365735 3,600000 -1,000000 -101,000000 0,000000 0,000000
396 1675365736 3,600000 -1,000000 -101,000000 0,000000 0,000000
396 1675365737 3,600000 -1,000000 -101,000000 0,000000 0,000000
396 1675365738 3,600000 -1,000000 -101,000000 0,000000 0,000000
396 1675365739 2,000000 -1,000000 -101,000000 0,000000 0,000000
396 1675365740 2,000000 -1,000000 -101,000000 0,000000 0,000000
396 1675365741 2,000000 -1,000000 -101,000000 0,000000 0,000000
396 1675365742 2,000000 -1,000000 -101,000000 0,000000 0,000000
396 1675365743 2,000000 -1,000000 -101,000000 0,000000 0,000000
396 1675365744 0,800000 -1,000000 -101,000000 0,000000 0,000000
396 1675365745 0,800000 -1,000000 -101,000000 0,000000 0,000000
396 1675365746 0,800000 -1,000000 -101,000000 0,000000 0,000000
396 1675365747 0,800000 -1,000000 -101,000000 0,000000 0,000000
396 1675365748 0,800000 -1,000000 -101,000000 0,000000 0,000000
396 1675365754 2,400000 -1,000000 -101,000000 0,000000 0,000000
396 1675365755 2,400000 -1,000000 -101,000000 0,000000 0,000000
396 1675365756 2,400000 -1,000000 -101,000000 0,000000 0,000000
396 1675365757 2,400000 -1,000000 -101,000000 0,000000 0,000000
396 1675365758 2,400000 -1,000000 -101,000000 0,000000 0,000000
396 1675365759 1,400000 -1,000000 -101,000000 0,000000 0,000000
396 1675365760 1,400000 -1,000000 -101,000000 0,000000 0,000000
466 1675365219 0,200000 -1,000000 -101,000000 0,000000 0,000000
466 1675365220 0,200000 -1,000000 -101,000000 0,000000 0,000000
466 1675365221 0,200000 -1,000000 -101,000000 0,000000 0,000000
466 1675365222 0,200000 -1,000000 -101,000000 0,000000 0,000000
466 1675365223 0,200000 -1,000000 -101,000000 0,000000 0,000000
466 1675365249 0,200000 -1,000000 -101,000000 0,000000 0,000000
466 1675365250 0,200000 -1,000000 -101,000000 0,000000 0,000000
466 1675365251 0,200000 -1,000000 -101,000000 0,000000 0,000000
466 1675365252 0,200000 -1,000000 -101,000000 0,000000 0,000000
466 1675365253 0,200000 -1,000000 -101,000000 0,000000 0,000000
396 1675365761 1,400000 -1,000000 -101,000000 0,000000 0,000000
396 1675365762 1,400000 -1,000000 -101,000000 0,000000 0,000000
396 1675365763 1,400000 -1,000000 -101,000000 0,000000 0,000000
396 1675365764 0,800000 -1,000000 -101,000000 0,000000 0,000000
396 1675365765 0,800000 -1,000000 -101,000000 0,000000 0,000000
396 1675365766 0,800000 -1,000000 -101,000000 0,000000 0,000000
396 1675365767 0,800000 -1,000000 -101,000000 0,000000 0,000000
396 1675365768 0,800000 -1,000000 -101,000000 0,000000 0,000000
396 1675365769 4,200000 -1,000000 -101,000000 0,000000 0,000000
396 1675365770 4,200000 -1,000000 -101,000000 0,000000 0,000000
396 1675365771 4,200000 -1,000000 -101,000000 0,000000 0,000000
396 1675365772 4,200000 -1,000000 -101,000000 0,000000 0,000000
396 1675365773 4,200000 -1,000000 -101,000000 0,000000 0,000000
396 1675365774 4,600000 -1,000000 -101,000000 0,000000 0,000000
396 1675365775 4,600000 -1,000000 -101,000000 0,000000 0,000000
396 1675365776 4,600000 -1,000000 -101,000000 0,000000 0,000000
396 1675365777 4,600000 -1,000000 -101,000000 0,000000 0,000000
396 1675365778 4,600000 -1,000000 -101,000000 0,000000 0,000000
396 1675365779 4,600000 -1,000000 -101,000000 0,000000 0,000000
396 1675365780 4,600000 -1,000000 -101,000000 0,000000 0,000000
396 1675365781 4,600000 -1,000000 -101,000000 0,000000 0,000000
396 1675365782 4,600000 -1,000000 -101,000000 0,000000 0,000000
396 1675365783 4,600000 -1,000000 -101,000000 0,000000 0,000000
396 1675365784 2,400000 -1,000000 -101,000000 0,000000 0,000000
396 1675365785 2,400000 -1,000000 -101,000000 0,000000 0,000000
396 1675365786 2,400000 -1,000000 -101,000000 0,000000 0,000000
396 1675365787 2,400000 -1,000000 -101,000000 0,000000 0,000000
396 1675365788 2,400000 -1,000000 -101,000000 0,000000 0,000000
396 1675365789 3,200000 -1,000000 -101,000000 0,000000 0,000000
396 1675365790 3,200000 -1,000000 -101,000000 0,000000 0,000000
396 1675365791 3,200000 -1,000000 -101,000000 0,000000 0,000000
396 1675365792 3,200000 -1,000000 -101,000000 0,000000 0,000000
396 1675365793 3,200000 -1,000000 -101,000000 0,000000 0,000000
396 1675365794 2,000000 -1,000000 -101,000000 0,000000 0,000000
396 1675365795 2,000000 -1,000000 -101,000000 0,000000 0,000000
396 1675365796 2,000000 -1,000000 -101,000000 0,000000 0,000000
396 1675365797 2,000000 -1,000000 -101,000000 0,000000 0,000000
396 1675365798 2,000000 -1,000000 -101,000000 0,000000 0,000000
396 1675365799 4,200000 -1,000000 -101,000000 0,000000 0,000000
396 1675365800 4,200000 -1,000000 -101,000000 0,000000 0,000000
396 1675365801 4,200000 -1,000000 -101,000000 0,000000 0,000000
396 1675365802 4,200000 -1,000000 -101,000000 0,000000 0,000000
396 1675365803 4,200000 -1,000000 -101,000000 0,000000 0,000000
396 1675365804 4,600000 -1,000000 -101,000000 0,000000 0,000000
396 1675365805 4,600000 -1,000000 -101,000000 0,000000 0,000000
396 1675365806 4,600000 -1,000000 -101,000000 0,000000 0,000000
396 1675365807 4,600000 -1,000000 -101,000000 0,000000 0,000000
396 1675365808 4,600000 -1,000000 -101,000000 0,000000 0,000000
396 1675365809 1,400000 -1,000000 -101,000000 0,000000 0,000000
396 1675365810 1,400000 -1,000000 -101,000000 0,000000 0,000000
396 1675365811 1,400000 -1,000000 -101,000000 0,000000 0,000000
396 1675365812 1,400000 -1,000000 -101,000000 0,000000 0,000000
396 1675365813 1,400000 -1,000000 -101,000000 0,000000 0,000000
396 1675365814 3,200000 -1,000000 -101,000000 0,000000 0,000000
396 1675365815 3,200000 -1,000000 -101,000000 0,000000 0,000000
396 1675365816 3,200000 -1,000000 -101,000000 0,000000 0,000000
396 1675365817 3,200000 -1,000000 -101,000000 0,000000 0,000000
396 1675365818 3,200000 -1,000000 -101,000000 0,000000 0,000000
396 1675365819 2,400000 -1,000000 -101,000000 0,000000 0,000000
396 1675365820 2,400000 -1,000000 -101,000000 0,000000 0,000000
396 1675365821 2,400000 -1,000000 -101,000000 0,000000 0,000000
396 1675365822 2,400000 -1,000000 -101,000000 0,000000 0,000000
396 1675365823 2,400000 -1,000000 -101,000000 0,000000 0,000000
396 1675365824 1,400000 -1,000000 -101,000000 0,000000 0,000000
396 1675365825 1,400000 -1,000000 -101,000000 0,000000 0,000000
396 1675365826 1,400000 -1,000000 -101,000000 0,000000 0,000000
396 1675365827 1,400000 -1,000000 -101,000000 0,000000 0,000000
396 1675365828 1,400000 -1,000000 -101,000000 0,000000 0,000000
396 1675365829 4,000000 -1,000000 -101,000000 0,000000 0,000000
396 1675365830 4,000000 -1,000000 -101,000000 0,000000 0,000000
466 1675365819 0,200000 -1,000000 -101,000000 0,000000 0,000000
466 1675365820 0,200000 -1,000000 -101,000000 0,000000 0,000000
466 1675365821 0,200000 -1,000000 -101,000000 0,000000 0,000000
466 1675365822 0,200000 -1,000000 -101,000000 0,000000 0,000000
466 1675365823 0,200000 -1,000000 -101,000000 0,000000 0,000000
396 1675365831 4,000000 -1,000000 -101,000000 0,000000 0,000000
396 1675365832 4,000000 -1,000000 -101,000000 0,000000 0,000000
396 1675365833 4,000000 -1,000000 -101,000000 0,000000 0,000000
396 1675365834 2,800000 -1,000000 -101,000000 0,000000 0,000000
396 1675365835 2,800000 -1,000000 -101,000000 0,000000 0,000000
396 1675365836 2,800000 -1,000000 -101,000000 0,000000 0,000000
396 1675365837 2,800000 -1,000000 -101,000000 0,000000 0,000000
396 1675365838 2,800000 -1,000000 -101,000000 0,000000 0,000000
396 1675365839 4,200000 -1,000000 -101,000000 0,000000 0,000000
396 1675365840 4,200000 -1,000000 -101,000000 0,000000 0,000000
396 1675365841 4,200000 -1,000000 -101,000000 0,000000 0,000000
396 1675365842 4,200000 -1,000000 -101,000000 0,000000 0,000000
396 1675365843 4,200000 -1,000000 -101,000000 0,000000 0,000000
396 1675365844 7,600000 -1,000000 -101,000000 0,000000 0,000000
396 1675365845 7,600000 -1,000000 -101,000000 0,000000 0,000000
396 1675365846 7,600000 -1,000000 -101,000000 0,000000 0,000000
396 1675365847 7,600000 -1,000000 -101,000000 0,000000 0,000000
396 1675365848 7,600000 -1,000000 -101,000000 0,000000 0,000000
396 1675365849 3,600000 -1,000000 -101,000000 0,000000 0,000000
396 1675365850 3,600000 -1,000000 -101,000000 0,000000 0,000000
396 1675365851 3,600000 -1,000000 -101,000000 0,000000 0,000000
396 1675365852 3,600000 -1,000000 -101,000000 0,000000 0,000000
396 1675365853 3,600000 -1,000000 -101,000000 0,000000 0,000000
396 1675365854 2,800000 -1,000000 -101,000000 0,000000 0,000000
396 1675365855 2,800000 -1,000000 -101,000000 0,000000 0,000000
396 1675365856 2,800000 -1,000000 -101,000000 0,000000 0,000000
396 1675365857 2,800000 -1,000000 -101,000000 0,000000 0,000000
396 1675365858 2,800000 -1,000000 -101,000000 0,000000 0,000000
396 1675365859 1,600000 -1,000000 -101,000000 0,000000 0,000000
396 1675365860 1,600000 -1,000000 -101,000000 0,000000 0,000000
396 1675365861 1,600000 -1,000000 -101,000000 0,000000 0,000000
396 1675365862 1,600000 -1,000000 -101,000000 0,000000 0,000000
396 1675365863 1,600000 -1,000000 -101,000000 0,000000 0,000000
396 1675365864 5,000000 -1,000000 -101,000000 0,000000 0,000000
396 1675365865 5,000000 -1,000000 -101,000000 0,000000 0,000000
396 1675365866 5,000000 -1,000000 -101,000000 0,000000 0,000000
396 1675365867 5,000000 -1,000000 -101,000000 0,000000 0,000000
396 1675365868 5,000000 -1,000000 -101,000000 0,000000 0,000000
396 1675365869 2,000000 -1,000000 -101,000000 0,000000 0,000000
396 1675365870 2,000000 -1,000000 -101,000000 0,000000 0,000000
396 1675365871 2,000000 -1,000000 -101,000000 0,000000 0,000000
396 1675365872 2,000000 -1,000000 -101,000000 0,000000 0,000000
396 1675365873 2,000000 -1,000000 -101,000000 0,000000 0,000000
396 1675365874 3,200000 -1,000000 -101,000000 0,000000 0,000000
396 1675365875 3,200000 -1,000000 -101,000000 0,000000 0,000000
396 1675365876 3,200000 -1,000000 -101,000000 0,000000 0,000000
396 1675365877 3,200000 -1,000000 -101,000000 0,000000 0,000000
396 1675365878 3,200000 -1,000000 -101,000000 0,000000 0,000000
396 1675365879 1,800000 -1,000000 -101,000000 0,000000 0,000000
396 1675365880 1,800000 -1,000000 -101,000000 0,000000 0,000000
396 1675365881 1,800000 -1,000000 -101,000000 0,000000 0,000000
396 1675365882 1,800000 -1,000000 -101,000000 0,000000 0,000000
396 1675365883 1,800000 -1,000000 -101,000000 0,000000 0,000000
396 1675365884 0,600000 -1,000000 -101,000000 0,000000 0,000000
396 1675365885 0,600000 -1,000000 -101,000000 0,000000 0,000000
396 1675365886 0,600000 -1,000000 -101,000000 0,000000 0,000000
396 1675365887 0,600000 -1,000000 -101,000000 0,000000 0,000000
396 1675365888 0,600000 -1,000000 -101,000000 0,000000 0,000000
396 1675365889 0,800000 -1,000000 -101,000000 0,000000 0,000000
396 1675365890 0,800000 -1,000000 -101,000000 0,000000 0,000000
396 1675365891 0,800000 -1,000000 -101,000000 0,000000 0,000000
396 1675365892 0,800000 -1,000000 -101,000000 0,000000 0,000000
396 1675365893 0,800000 -1,000000 -101,000000 0,000000 0,000000
396 1675365894 1,400000 -1,000000 -101,000000 0,000000 0,000000
396 1675365895 1,400000 -1,000000 -101,000000 0,000000 0,000000
396 1675365896 1,400000 -1,000000 -101,000000 0,000000 0,000000
396 1675365897 1,400000 -1,000000 -101,000000 0,000000 0,000000
396 1675365898 1,400000 -1,000000 -101,000000 0,000000 0,000000
396 1675365899 2,800000 -1,000000 -101,000000 0,000000 0,000000
396 1675365900 2,800000 -1,000000 -101,000000 0,000000 0,000000
396 1675365901 2,800000 -1,000000 -101,000000 0,000000 0,000000
396 1675365902 2,800000 -1,000000 -101,000000 0,000000 0,000000
396 1675365903 2,800000 -1,000000 -101,000000 0,000000 0,000000
396 1675365904 3,200000 -1,000000 -101,000000 0,000000 0,000000
396 1675365905 3,200000 -1,000000 -101,000000 0,000000 0,000000
396 1675365906 3,200000 -1,000000 -101,000000 0,000000 0,000000
396 1675365907 3,200000 -1,000000 -101,000000 0,000000 0,000000
396 1675365908 3,200000 -1,000000 -101,000000 0,000000 0,000000
396 1675365909 3,400000 -1,000000 -101,000000 0,000000 0,000000
396 1675365910 3,400000 -1,000000 -101,000000 0,000000 0,000000
396 1675365911 3,400000 -1,000000 -101,000000 0,000000 0,000000
396 1675365912 3,400000 -1,000000 -101,000000 0,000000 0,000000
396 1675365913 3,400000 -1,000000 -101,000000 0,000000 0,000000
396 1675365914 5,200000 -1,000000 -101,000000 0,000000 0,000000
396 1675365915 5,200000 -1,000000 -101,000000 0,000000 0,000000
396 1675365916 5,200000 -1,000000 -101,000000 0,000000 0,000000
396 1675365917 5,200000 -1,000000 -101,000000 0,000000 0,000000
396 1675365918 5,200000 -1,000000 -101,000000 0,000000 0,000000
396 1675365919 6,000000 -1,000000 -101,000000 0,000000 0,000000
396 1675365920 6,000000 -1,000000 -101,000000 0,000000 0,000000
396 1675365921 6,000000 -1,000000 -101,000000 0,000000 0,000000
396 1675365922 6,000000 -1,000000 -101,000000 0,000000 0,000000
396 1675365923 6,000000 -1,000000 -101,000000 0,000000 0,000000
396 1675365924 6,000000 -1,000000 -101,000000 0,000000 0,000000
396 1675365925 6,000000 -1,000000 -101,000000 0,000000 0,000000
396 1675365926 6,000000 -1,000000 -101,000000 0,000000 0,000000
396 1675365927 6,000000 -1,000000 -101,000000 0,000000 0,000000
396 1675365928 6,000000 -1,000000 -101,000000 0,000000 0,000000
396 1675365929 3,600000 -1,000000 -101,000000 0,000000 0,000000
396 1675365930 3,600000 -1,000000 -101,000000 0,000000 0,000000
396 1675365931 3,600000 -1,000000 -101,000000 0,000000 0,000000
396 1675365932 3,600000 -1,000000 -101,000000 0,000000 0,000000
396 1675365933 3,600000 -1,000000 -101,000000 0,000000 0,000000
396 1675365934 1,000000 -1,000000 -101,000000 0,000000 0,000000
396 1675365935 1,000000 -1,000000 -101,000000 0,000000 0,000000
396 1675365936 1,000000 -1,000000 -101,000000 0,000000 0,000000
396 1675365937 1,000000 -1,000000 -101,000000 0,000000 0,000000
396 1675365938 1,000000 -1,000000 -101,000000 0,000000 0,000000
396 1675365939 3,200000 -1,000000 -101,000000 0,000000 0,000000
396 1675365940 3,200000 -1,000000 -101,000000 0,000000 0,000000
396 1675365941 3,200000 -1,000000 -101,000000 0,000000 0,000000
396 1675365942 3,200000 -1,000000 -101,000000 0,000000 0,000000
396 1675365943 3,200000 -1,000000 -101,000000 0,000000 0,000000
396 1675365944 1,600000 -1,000000 -101,000000 0,000000 0,000000
396 1675365945 1,600000 -1,000000 -101,000000 0,000000 0,000000
396 1675365946 1,600000 -1,000000 -101,000000 0,000000 0,000000
396 1675365947 1,600000 -1,000000 -101,000000 0,000000 0,000000
396 1675365948 1,600000 -1,000000 -101,000000 0,000000 0,000000
396 1675365949 2,800000 -1,000000 -101,000000 0,000000 0,000000
396 1675365950 2,800000 -1,000000 -101,000000 0,000000 0,000000
396 1675365951 2,800000 -1,000000 -101,000000 0,000000 0,000000
396 1675365952 2,800000 -1,000000 -101,000000 0,000000 0,000000
396 1675365953 2,800000 -1,000000 -101,000000 0,000000 0,000000
396 1675365954 6,000000 -1,000000 -101,000000 0,000000 0,000000
396 1675365955 6,000000 -1,000000 -101,000000 0,000000 0,000000
396 1675365956 6,000000 -1,000000 -101,000000 0,000000 0,000000
396 1675365957 6,000000 -1,000000 -101,000000 0,000000 0,000000
396 1675365958 6,000000 -1,000000 -101,000000 0,000000 0,000000
396 1675365959 4,000000 -1,000000 -101,000000 0,000000 0,000000
396 1675365960 4,000000 -1,000000 -101,000000 0,000000 0,000000
396 1675365961 4,000000 -1,000000 -101,000000 0,000000 0,000000
396 1675365962 4,000000 -1,000000 -101,000000 0,000000 0,000000
396 1675365963 4,000000 -1,000000 -101,000000 0,000000 0,000000
396 1675365964 3,400000 -1,000000 -101,000000 0,000000 0,000000
396 1675365965 3,400000 -1,000000 -101,000000 0,000000 0,000000
396 1675365966 3,400000 -1,000000 -101,000000 0,000000 0,000000
396 1675365967 3,400000 -1,000000 -101,000000 0,000000 0,000000
396 1675365968 3,400000 -1,000000 -101,000000 0,000000 0,000000
396 1675365969 0,800000 -1,000000 -101,000000 0,000000 0,000000
396 1675365970 0,800000 -1,000000 -101,000000 0,000000 0,000000
396 1675365971 0,800000 -1,000000 -101,000000 0,000000 0,000000
396 1675365972 0,800000 -1,000000 -101,000000 0,000000 0,000000
396 1675365973 0,800000 -1,000000 -101,000000 0,000000 0,000000
396 1675365974 2,200000 -1,000000 -101,000000 0,000000 0,000000
396 1675365975 2,200000 -1,000000 -101,000000 0,000000 0,000000
396 1675365976 2,200000 -1,000000 -101,000000 0,000000 0,000000
396 1675365977 2,200000 -1,000000 -101,000000 0,000000 0,000000
396 1675365978 2,200000 -1,000000 -101,000000 0,000000 0,000000
396 1675365979 1,400000 -1,000000 -101,000000 0,000000 0,000000
396 1675365980 1,400000 -1,000000 -101,000000 0,000000 0,000000
396 1675365981 1,400000 -1,000000 -101,000000 0,000000 0,000000
396 1675365982 1,400000 -1,000000 -101,000000 0,000000 0,000000
396 1675365983 1,400000 -1,000000 -101,000000 0,000000 0,000000
396 1675365984 1,400000 -1,000000 -101,000000 0,000000 0,000000
396 1675365985 1,400000 -1,000000 -101,000000 0,000000 0,000000
396 1675365986 1,400000 -1,000000 -101,000000 0,000000 0,000000
396 1675365987 1,400000 -1,000000 -101,000000 0,000000 0,000000
396 1675365988 1,400000 -1,000000 -101,000000 0,000000 0,000000
396 1675365989 4,000000 -1,000000 -101,000000 0,000000 0,000000
396 1675365990 4,000000 -1,000000 -101,000000 0,000000 0,000000
396 1675365991 4,000000 -1,000000 -101,000000 0,000000 0,000000
396 1675365992 4,000000 -1,000000 -101,000000 0,000000 0,000000
396 1675365993 4,000000 -1,000000 -101,000000 0,000000 0,000000
396 1675365994 3,000000 -1,000000 -101,000000 0,000000 0,000000
396 1675365995 3,000000 -1,000000 -101,000000 0,000000 0,000000
396 1675365996 3,000000 -1,000000 -101,000000 0,000000 0,000000
396 1675365997 3,000000 -1,000000 -101,000000 0,000000 0,000000
396 1675365998 3,000000 -1,000000 -101,000000 0,000000 0,000000
396 1675365999 3,400000 -1,000000 -101,000000 0,000000 0,000000
396 1675366000 3,400000 -1,000000 -101,000000 0,000000 0,000000
396 1675366001 3,400000 -1,000000 -101,000000 0,000000 0,000000
396 1675366002 3,400000 -1,000000 -101,000000 0,000000 0,000000
396 1675366003 3,400000 -1,000000 -101,000000 0,000000 0,000000
396 1675366004 1,400000 -1,000000 -101,000000 0,000000 0,000000
396 1675366005 1,400000 -1,000000 -101,000000 0,000000 0,000000
396 1675366006 1,400000 -1,000000 -101,000000 0,000000 0,000000
396 1675366007 1,400000 -1,000000 -101,000000 0,000000 0,000000
396 1675366008 1,400000 -1,000000 -101,000000 0,000000 0,000000
396 1675366009 1,400000 -1,000000 -101,000000 0,000000 0,000000
396 1675366010 1,400000 -1,000000 -101,000000 0,000000 0,000000
396 1675366011 1,400000 -1,000000 -101,000000 0,000000 0,000000
396 1675366012 1,400000 -1,000000 -101,000000 0,000000 0,000000
396 1675366013 1,400000 -1,000000 -101,000000 0,000000 0,000000
396 1675366014 3,800000 -1,000000 -101,000000 0,000000 0,000000
396 1675366015 3,800000 -1,000000 -101,000000 0,000000 0,000000
396 1675366016 3,800000 -1,000000 -101,000000 0,000000 0,000000
396 1675366017 3,800000 -1,000000 -101,000000 0,000000 0,000000
396 1675366018 3,800000 -1,000000 -101,000000 0,000000 0,000000
396 1675366019 6,200000 -1,000000 -101,000000 0,000000 0,000000
396 1675366020 6,200000 -1,000000 -101,000000 0,000000 0,000000
396 1675366021 6,200000 -1,000000 -101,000000 0,000000 0,000000
396 1675366022 6,200000 -1,000000 -101,000000 0,000000 0,000000
396 1675366023 6,200000 -1,000000 -101,000000 0,000000 0,000000
396 1675366024 4,600000 -1,000000 -101,000000 0,000000 0,000000
396 1675366025 4,600000 -1,000000 -101,000000 0,000000 0,000000
396 1675366026 4,600000 -1,000000 -101,000000 0,000000 0,000000
396 1675366027 4,600000 -1,000000 -101,000000 0,000000 0,000000
396 1675366028 4,600000 -1,000000 -101,000000 0,000000 0,000000
396 1675366029 6,600000 -1,000000 -101,000000 0,000000 0,000000
396 1675366030 6,600000 -1,000000 -101,000000 0,000000 0,000000
396 1675366031 6,600000 -1,000000 -101,000000 0,000000 0,000000
396 1675366032 6,600000 -1,000000 -101,000000 0,000000 0,000000
396 1675366033 6,600000 -1,000000 -101,000000 0,000000 0,000000
396 1675366034 3,000000 -1,000000 -101,000000 0,000000 0,000000
396 1675366035 3,000000 -1,000000 -101,000000 0,000000 0,000000
396 1675366036 3,000000 -1,000000 -101,000000 0,000000 0,000000
396 1675366037 3,000000 -1,000000 -101,000000 0,000000 0,000000
396 1675366038 3,000000 -1,000000 -101,000000 0,000000 0,000000
396 1675366039 1,800000 -1,000000 -101,000000 0,000000 0,000000
396 1675366040 1,800000 -1,000000 -101,000000 0,000000 0,000000
396 1675366041 1,800000 -1,000000 -101,000000 0,000000 0,000000
396 1675366042 1,800000 -1,000000 -101,000000 0,000000 0,000000
396 1675366043 1,800000 -1,000000 -101,000000 0,000000 0,000000
396 1675366044 1,600000 -1,000000 -101,000000 0,000000 0,000000
396 1675366045 1,600000 -1,000000 -101,000000 0,000000 0,000000
396 1675366046 1,600000 -1,000000 -101,000000 0,000000 0,000000
396 1675366047 1,600000 -1,000000 -101,000000 0,000000 0,000000
396 1675366048 1,600000 -1,000000 -101,000000 0,000000 0,000000
396 1675366049 3,400000 -1,000000 -101,000000 0,000000 0,000000
396 1675366050 3,400000 -1,000000 -101,000000 0,000000 0,000000
396 1675366051 3,400000 -1,000000 -101,000000 0,000000 0,000000
396 1675366052 3,400000 -1,000000 -101,000000 0,000000 0,000000
396 1675366053 3,400000 -1,000000 -101,000000 0,000000 0,000000
396 1675366054 0,400000 -1,000000 -101,000000 0,000000 0,000000
396 1675366055 0,400000 -1,000000 -101,000000 0,000000 0,000000
396 1675366056 0,400000 -1,000000 -101,000000 0,000000 0,000000
396 1675366057 0,400000 -1,000000 -101,000000 0,000000 0,000000
396 1675366058 0,400000 -1,000000 -101,000000 0,000000 0,000000
396 1675366059 1,600000 -1,000000 -101,000000 0,000000 0,000000
396 1675366060 1,600000 -1,000000 -101,000000 0,000000 0,000000
396 1675366061 1,600000 -1,000000 -101,000000 0,000000 0,000000
396 1675366062 1,600000 -1,000000 -101,000000 0,000000 0,000000
396 1675366063 1,600000 -1,000000 -101,000000 0,000000 0,000000
396 1675366064 6,600000 -1,000000 -101,000000 0,000000 0,000000
396 1675366065 6,600000 -1,000000 -101,000000 0,000000 0,000000
396 1675366066 6,600000 -1,000000 -101,000000 0,000000 0,000000
396 1675366067 6,600000 -1,000000 -101,000000 0,000000 0,000000
396 1675366068 6,600000 -1,000000 -101,000000 0,000000 0,000000
396 1675366069 2,600000 -1,000000 -101,000000 0,000000 0,000000
396 1675366070 2,600000 -1,000000 -101,000000 0,000000 0,000000
396 1675366071 2,600000 -1,000000 -101,000000 0,000000 0,000000
466 1675365889 0,200000 -1,000000 -101,000000 0,000000 0,000000
466 1675365890 0,200000 -1,000000 -101,000000 0,000000 0,000000
466 1675365891 0,200000 -1,000000 -101,000000 0,000000 0,000000
466 1675365892 0,200000 -1,000000 -101,000000 0,000000 0,000000
466 1675365893 0,200000 -1,000000 -101,000000 0,000000 0,000000
396 1675366072 2,600000 -1,000000 -101,000000 0,000000 0,000000
396 1675366073 2,600000 -1,000000 -101,000000 0,000000 0,000000
396 1675366074 1,800000 -1,000000 -101,000000 0,000000 0,000000
396 1675366075 1,800000 -1,000000 -101,000000 0,000000 0,000000
396 1675366076 1,800000 -1,000000 -101,000000 0,000000 0,000000
396 1675366077 1,800000 -1,000000 -101,000000 0,000000 0,000000
396 1675366078 1,800000 -1,000000 -101,000000 0,000000 0,000000
396 1675366079 2,400000 -1,000000 -101,000000 0,000000 0,000000
396 1675366080 2,400000 -1,000000 -101,000000 0,000000 0,000000
396 1675366081 2,400000 -1,000000 -101,000000 0,000000 0,000000
396 1675366082 2,400000 -1,000000 -101,000000 0,000000 0,000000
396 1675366083 2,400000 -1,000000 -101,000000 0,000000 0,000000
396 1675366084 4,000000 -1,000000 -101,000000 0,000000 0,000000
396 1675366085 4,000000 -1,000000 -101,000000 0,000000 0,000000
396 1675366086 4,000000 -1,000000 -101,000000 0,000000 0,000000
396 1675366087 4,000000 -1,000000 -101,000000 0,000000 0,000000
396 1675366088 4,000000 -1,000000 -101,000000 0,000000 0,000000
396 1675366089 4,800000 -1,000000 -101,000000 0,000000 0,000000
396 1675366090 4,800000 -1,000000 -101,000000 0,000000 0,000000
396 1675366091 4,800000 -1,000000 -101,000000 0,000000 0,000000
396 1675366092 4,800000 -1,000000 -101,000000 0,000000 0,000000
396 1675366093 4,800000 -1,000000 -101,000000 0,000000 0,000000
396 1675366094 1,800000 -1,000000 -101,000000 0,000000 0,000000
396 1675366095 1,800000 -1,000000 -101,000000 0,000000 0,000000
396 1675366096 1,800000 -1,000000 -101,000000 0,000000 0,000000
396 1675366097 1,800000 -1,000000 -101,000000 0,000000 0,000000
396 1675366098 1,800000 -1,000000 -101,000000 0,000000 0,000000
396 1675366099 1,200000 -1,000000 -101,000000 0,000000 0,000000
396 1675366100 1,200000 -1,000000 -101,000000 0,000000 0,000000
396 1675366101 1,200000 -1,000000 -101,000000 0,000000 0,000000
396 1675366102 1,200000 -1,000000 -101,000000 0,000000 0,000000
396 1675366103 1,200000 -1,000000 -101,000000 0,000000 0,000000
396 1675366104 3,000000 -1,000000 -101,000000 0,000000 0,000000
396 1675366105 3,000000 -1,000000 -101,000000 0,000000 0,000000
396 1675366106 3,000000 -1,000000 -101,000000 0,000000 0,000000
396 1675366107 3,000000 -1,000000 -101,000000 0,000000 0,000000
396 1675366108 3,000000 -1,000000 -101,000000 0,000000 0,000000
396 1675366109 4,200000 -1,000000 -101,000000 0,000000 0,000000
396 1675366110 4,200000 -1,000000 -101,000000 0,000000 0,000000
396 1675366111 4,200000 -1,000000 -101,000000 0,000000 0,000000
396 1675366112 4,200000 -1,000000 -101,000000 0,000000 0,000000
396 1675366113 4,200000 -1,000000 -101,000000 0,000000 0,000000
396 1675366114 3,400000 -1,000000 -101,000000 0,000000 0,000000
396 1675366115 3,400000 -1,000000 -101,000000 0,000000 0,000000
396 1675366116 3,400000 -1,000000 -101,000000 0,000000 0,000000
396 1675366117 3,400000 -1,000000 -101,000000 0,000000 0,000000
396 1675366118 3,400000 -1,000000 -101,000000 0,000000 0,000000
396 1675366119 3,400000 -1,000000 -101,000000 0,000000 0,000000
396 1675366120 3,400000 -1,000000 -101,000000 0,000000 0,000000
396 1675366121 3,400000 -1,000000 -101,000000 0,000000 0,000000
396 1675366122 3,400000 -1,000000 -101,000000 0,000000 0,000000
396 1675366123 3,400000 -1,000000 -101,000000 0,000000 0,000000
396 1675366124 3,000000 -1,000000 -101,000000 0,000000 0,000000
396 1675366125 3,000000 -1,000000 -101,000000 0,000000 0,000000
396 1675366126 3,000000 -1,000000 -101,000000 0,000000 0,000000
396 1675366127 3,000000 -1,000000 -101,000000 0,000000 0,000000
396 1675366128 3,000000 -1,000000 -101,000000 0,000000 0,000000
396 1675366129 1,600000 -1,000000 -101,000000 0,000000 0,000000
396 1675366130 1,600000 -1,000000 -101,000000 0,000000 0,000000
396 1675366131 1,600000 -1,000000 -101,000000 0,000000 0,000000
396 1675366132 1,600000 -1,000000 -101,000000 0,000000 0,000000
396 1675366133 1,600000 -1,000000 -101,000000 0,000000 0,000000
396 1675366134 0,800000 -1,000000 -101,000000 0,000000 0,000000
396 1675366135 0,800000 -1,000000 -101,000000 0,000000 0,000000
396 1675366136 0,800000 -1,000000 -101,000000 0,000000 0,000000
396 1675366137 0,800000 -1,000000 -101,000000 0,000000 0,000000
396 1675366138 0,800000 -1,000000 -101,000000 0,000000 0,000000
396 1675366139 3,800000 -1,000000 -101,000000 0,000000 0,000000
396 1675366140 3,800000 -1,000000 -101,000000 0,000000 0,000000
396 1675366141 3,800000 -1,000000 -101,000000 0,000000 0,000000
396 1675366142 3,800000 -1,000000 -101,000000 0,000000 0,000000
396 1675366143 3,800000 -1,000000 -101,000000 0,000000 0,000000
396 1675366144 4,200000 -1,000000 -101,000000 0,000000 0,000000
396 1675366145 4,200000 -1,000000 -101,000000 0,000000 0,000000
396 1675366146 4,200000 -1,000000 -101,000000 0,000000 0,000000
396 1675366147 4,200000 -1,000000 -101,000000 0,000000 0,000000
396 1675366148 4,200000 -1,000000 -101,000000 0,000000 0,000000
396 1675366149 4,000000 -1,000000 -101,000000 0,000000 0,000000
396 1675366150 4,000000 -1,000000 -101,000000 0,000000 0,000000
396 1675366151 4,000000 -1,000000 -101,000000 0,000000 0,000000
396 1675366152 4,000000 -1,000000 -101,000000 0,000000 0,000000
396 1675366153 4,000000 -1,000000 -101,000000 0,000000 0,000000
396 1675366154 3,200000 -1,000000 -101,000000 0,000000 0,000000
396 1675366155 3,200000 -1,000000 -101,000000 0,000000 0,000000
396 1675366156 3,200000 -1,000000 -101,000000 0,000000 0,000000
396 1675366157 3,200000 -1,000000 -101,000000 0,000000 0,000000
396 1675366158 3,200000 -1,000000 -101,000000 0,000000 0,000000
396 1675366159 3,000000 -1,000000 -101,000000 0,000000 0,000000
396 1675366160 3,000000 -1,000000 -101,000000 0,000000 0,000000
396 1675366161 3,000000 -1,000000 -101,000000 0,000000 0,000000
396 1675366162 3,000000 -1,000000 -101,000000 0,000000 0,000000
396 1675366163 3,000000 -1,000000 -101,000000 0,000000 0,000000
396 1675366164 3,000000 -1,000000 -101,000000 0,000000 0,000000
396 1675366165 3,000000 -1,000000 -101,000000 0,000000 0,000000
396 1675366166 3,000000 -1,000000 -101,000000 0,000000 0,000000
396 1675366167 3,000000 -1,000000 -101,000000 0,000000 0,000000
396 1675366168 3,000000 -1,000000 -101,000000 0,000000 0,000000
396 1675366169 2,600000 -1,000000 -101,000000 0,000000 0,000000
396 1675366170 2,600000 -1,000000 -101,000000 0,000000 0,000000
396 1675366171 2,600000 -1,000000 -101,000000 0,000000 0,000000
396 1675366172 2,600000 -1,000000 -101,000000 0,000000 0,000000
396 1675366173 2,600000 -1,000000 -101,000000 0,000000 0,000000
396 1675366174 7,600000 -1,000000 -101,000000 0,000000 0,000000
396 1675366175 7,600000 -1,000000 -101,000000 0,000000 0,000000
396 1675366176 7,600000 -1,000000 -101,000000 0,000000 0,000000
396 1675366177 7,600000 -1,000000 -101,000000 0,000000 0,000000
396 1675366178 7,600000 -1,000000 -101,000000 0,000000 0,000000
396 1675366179 3,400000 -1,000000 -101,000000 0,000000 0,000000
396 1675366180 3,400000 -1,000000 -101,000000 0,000000 0,000000
396 1675366181 3,400000 -1,000000 -101,000000 0,000000 0,000000
466 1675366129 0,200000 -1,000000 -101,000000 0,000000 0,000000
466 1675366130 0,200000 -1,000000 -101,000000 0,000000 0,000000
466 1675366131 0,200000 -1,000000 -101,000000 0,000000 0,000000
466 1675366132 0,200000 -1,000000 -101,000000 0,000000 0,000000
466 1675366133 0,200000 -1,000000 -101,000000 0,000000 0,000000
396 1675366182 3,400000 -1,000000 -101,000000 0,000000 0,000000
396 1675366183 3,400000 -1,000000 -101,000000 0,000000 0,000000
396 1675366184 2,400000 -1,000000 -101,000000 0,000000 0,000000
396 1675366185 2,400000 -1,000000 -101,000000 0,000000 0,000000
396 1675366186 2,400000 -1,000000 -101,000000 0,000000 0,000000
396 1675366187 2,400000 -1,000000 -101,000000 0,000000 0,000000
396 1675366188 2,400000 -1,000000 -101,000000 0,000000 0,000000
396 1675366189 0,600000 -1,000000 -101,000000 0,000000 0,000000
396 1675366190 0,600000 -1,000000 -101,000000 0,000000 0,000000
396 1675366191 0,600000 -1,000000 -101,000000 0,000000 0,000000
396 1675366192 0,600000 -1,000000 -101,000000 0,000000 0,000000
396 1675366193 0,600000 -1,000000 -101,000000 0,000000 0,000000
396 1675366194 0,200000 -1,000000 -101,000000 0,000000 0,000000
396 1675366195 0,200000 -1,000000 -101,000000 0,000000 0,000000
396 1675366196 0,200000 -1,000000 -101,000000 0,000000 0,000000
396 1675366197 0,200000 -1,000000 -101,000000 0,000000 0,000000
396 1675366198 0,200000 -1,000000 -101,000000 0,000000 0,000000
396 1675366199 1,200000 -1,000000 -101,000000 0,000000 0,000000
396 1675366200 1,200000 -1,000000 -101,000000 0,000000 0,000000
396 1675366201 1,200000 -1,000000 -101,000000 0,000000 0,000000
396 1675366202 1,200000 -1,000000 -101,000000 0,000000 0,000000
396 1675366203 1,200000 -1,000000 -101,000000 0,000000 0,000000
396 1675366204 0,800000 -1,000000 -101,000000 0,000000 0,000000
396 1675366205 0,800000 -1,000000 -101,000000 0,000000 0,000000
396 1675366206 0,800000 -1,000000 -101,000000 0,000000 0,000000
396 1675366207 0,800000 -1,000000 -101,000000 0,000000 0,000000
396 1675366208 0,800000 -1,000000 -101,000000 0,000000 0,000000
396 1675366209 3,600000 -1,000000 -101,000000 0,000000 0,000000
396 1675366210 3,600000 -1,000000 -101,000000 0,000000 0,000000
396 1675366211 3,600000 -1,000000 -101,000000 0,000000 0,000000
396 1675366212 3,600000 -1,000000 -101,000000 0,000000 0,000000
396 1675366213 3,600000 -1,000000 -101,000000 0,000000 0,000000
396 1675366214 6,200000 -1,000000 -101,000000 0,000000 0,000000
396 1675366215 6,200000 -1,000000 -101,000000 0,000000 0,000000
396 1675366216 6,200000 -1,000000 -101,000000 0,000000 0,000000
396 1675366217 6,200000 -1,000000 -101,000000 0,000000 0,000000
396 1675366218 6,200000 -1,000000 -101,000000 0,000000 0,000000
396 1675366219 7,000000 -1,000000 -101,000000 0,000000 0,000000
396 1675366220 7,000000 -1,000000 -101,000000 0,000000 0,000000
396 1675366221 7,000000 -1,000000 -101,000000 0,000000 0,000000
396 1675366222 7,000000 -1,000000 -101,000000 0,000000 0,000000
396 1675366223 7,000000 -1,000000 -101,000000 0,000000 0,000000
396 1675366224 6,200000 -1,000000 -101,000000 0,000000 0,000000
396 1675366225 6,200000 -1,000000 -101,000000 0,000000 0,000000
396 1675366226 6,200000 -1,000000 -101,000000 0,000000 0,000000
396 1675366227 6,200000 -1,000000 -101,000000 0,000000 0,000000
396 1675366228 6,200000 -1,000000 -101,000000 0,000000 0,000000
396 1675366229 3,200000 -1,000000 -101,000000 0,000000 0,000000
396 1675366230 3,200000 -1,000000 -101,000000 0,000000 0,000000
396 1675366231 3,200000 -1,000000 -101,000000 0,000000 0,000000
396 1675366232 3,200000 -1,000000 -101,000000 0,000000 0,000000
396 1675366233 3,200000 -1,000000 -101,000000 0,000000 0,000000
396 1675366234 2,000000 -1,000000 -101,000000 0,000000 0,000000
396 1675366235 2,000000 -1,000000 -101,000000 0,000000 0,000000
396 1675366236 2,000000 -1,000000 -101,000000 0,000000 0,000000
396 1675366237 2,000000 -1,000000 -101,000000 0,000000 0,000000
396 1675366238 2,000000 -1,000000 -101,000000 0,000000 0,000000
396 1675366239 1,800000 -1,000000 -101,000000 0,000000 0,000000
396 1675366240 1,800000 -1,000000 -101,000000 0,000000 0,000000
396 1675366241 1,800000 -1,000000 -101,000000 0,000000 0,000000
396 1675366242 1,800000 -1,000000 -101,000000 0,000000 0,000000
396 1675366243 1,800000 -1,000000 -101,000000 0,000000 0,000000
396 1675366244 1,200000 -1,000000 -101,000000 0,000000 0,000000
396 1675366245 1,200000 -1,000000 -101,000000 0,000000 0,000000
396 1675366246 1,200000 -1,000000 -101,000000 0,000000 0,000000
396 1675366247 1,200000 -1,000000 -101,000000 0,000000 0,000000
396 1675366248 1,200000 -1,000000 -101,000000 0,000000 0,000000
396 1675366249 3,000000 -1,000000 -101,000000 0,000000 0,000000
396 1675366250 3,000000 -1,000000 -101,000000 0,000000 0,000000
396 1675366251 3,000000 -1,000000 -101,000000 0,000000 0,000000
396 1675366252 3,000000 -1,000000 -101,000000 0,000000 0,000000
396 1675366253 3,000000 -1,000000 -101,000000 0,000000 0,000000
396 1675366254 3,000000 -1,000000 -101,000000 0,000000 0,000000
396 1675366255 3,000000 -1,000000 -101,000000 0,000000 0,000000
396 1675366256 3,000000 -1,000000 -101,000000 0,000000 0,000000
396 1675366257 3,000000 -1,000000 -101,000000 0,000000 0,000000
396 1675366258 3,000000 -1,000000 -101,000000 0,000000 0,000000
396 1675366259 1,200000 -1,000000 -101,000000 0,000000 0,000000
396 1675366260 1,200000 -1,000000 -101,000000 0,000000 0,000000
396 1675366261 1,200000 -1,000000 -101,000000 0,000000 0,000000
396 1675366262 1,200000 -1,000000 -101,000000 0,000000 0,000000
396 1675366263 1,200000 -1,000000 -101,000000 0,000000 0,000000
396 1675366264 1,800000 -1,000000 -101,000000 0,000000 0,000000
396 1675366265 1,800000 -1,000000 -101,000000 0,000000 0,000000
396 1675366266 1,800000 -1,000000 -101,000000 0,000000 0,000000
396 1675366267 1,800000 -1,000000 -101,000000 0,000000 0,000000
396 1675366268 1,800000 -1,000000 -101,000000 0,000000 0,000000
396 1675366269 2,800000 -1,000000 -101,000000 0,000000 0,000000
396 1675366270 2,800000 -1,000000 -101,000000 0,000000 0,000000
396 1675366271 2,800000 -1,000000 -101,000000 0,000000 0,000000
396 1675366272 2,800000 -1,000000 -101,000000 0,000000 0,000000
396 1675366273 2,800000 -1,000000 -101,000000 0,000000 0,000000
396 1675366274 3,800000 -1,000000 -101,000000 0,000000 0,000000
396 1675366275 3,800000 -1,000000 -101,000000 0,000000 0,000000
396 1675366276 3,800000 -1,000000 -101,000000 0,000000 0,000000
396 1675366277 3,800000 -1,000000 -101,000000 0,000000 0,000000
396 1675366278 3,800000 -1,000000 -101,000000 0,000000 0,000000
396 1675366279 1,000000 -1,000000 -101,000000 0,000000 0,000000
396 1675366280 1,000000 -1,000000 -101,000000 0,000000 0,000000
396 1675366281 1,000000 -1,000000 -101,000000 0,000000 0,000000
396 1675366282 1,000000 -1,000000 -101,000000 0,000000 0,000000
396 1675366283 1,000000 -1,000000 -101,000000 0,000000 0,000000
396 1675366284 4,600000 -1,000000 -101,000000 0,000000 0,000000
396 1675366285 4,600000 -1,000000 -101,000000 0,000000 0,000000
396 1675366286 4,600000 -1,000000 -101,000000 0,000000 0,000000
396 1675366287 4,600000 -1,000000 -101,000000 0,000000 0,000000
396 1675366288 4,600000 -1,000000 -101,000000 0,000000 0,000000
396 1675366289 3,400000 -1,000000 -101,000000 0,000000 0,000000
396 1675366290 3,400000 -1,000000 -101,000000 0,000000 0,000000
396 1675366291 3,400000 -1,000000 -101,000000 0,000000 0,000000
396 1675366292 3,400000 -1,000000 -101,000000 0,000000 0,000000
396 1675366293 3,400000 -1,000000 -101,000000 0,000000 0,000000
396 1675366294 4,600000 -1,000000 -101,000000 0,000000 0,000000
396 1675366295 4,600000 -1,000000 -101,000000 0,000000 0,000000
396 1675366296 4,600000 -1,000000 -101,000000 0,000000 0,000000
396 1675366297 4,600000 -1,000000 -101,000000 0,000000 0,000000
396 1675366298 4,600000 -1,000000 -101,000000 0,000000 0,000000
396 1675366299 5,000000 -1,000000 -101,000000 0,000000 0,000000
396 1675366300 5,000000 -1,000000 -101,000000 0,000000 0,000000
396 1675366301 5,000000 -1,000000 -101,000000 0,000000 0,000000
396 1675366302 5,000000 -1,000000 -101,000000 0,000000 0,000000
396 1675366303 5,000000 -1,000000 -101,000000 0,000000 0,000000
396 1675366304 1,400000 -1,000000 -101,000000 0,000000 0,000000
396 1675366305 1,400000 -1,000000 -101,000000 0,000000 0,000000
396 1675366306 1,400000 -1,000000 -101,000000 0,000000 0,000000
396 1675366307 1,400000 -1,000000 -101,000000 0,000000 0,000000
396 1675366308 1,400000 -1,000000 -101,000000 0,000000 0,000000
396 1675366309 3,600000 -1,000000 -101,000000 0,000000 0,000000
396 1675366310 3,600000 -1,000000 -101,000000 0,000000 0,000000
396 1675366311 3,600000 -1,000000 -101,000000 0,000000 0,000000
396 1675366312 3,600000 -1,000000 -101,000000 0,000000 0,000000
396 1675366313 3,600000 -1,000000 -101,000000 0,000000 0,000000
396 1675366314 3,000000 -1,000000 -101,000000 0,000000 0,000000
396 1675366315 3,000000 -1,000000 -101,000000 0,000000 0,000000
396 1675366316 3,000000 -1,000000 -101,000000 0,000000 0,000000
396 1675366317 3,000000 -1,000000 -101,000000 0,000000 0,000000
396 1675366318 3,000000 -1,000000 -101,000000 0,000000 0,000000
396 1675366319 3,200000 -1,000000 -101,000000 0,000000 0,000000
396 1675366320 3,200000 -1,000000 -101,000000 0,000000 0,000000
396 1675366321 3,200000 -1,000000 -101,000000 0,000000 0,000000
396 1675366322 3,200000 -1,000000 -101,000000 0,000000 0,000000
396 1675366323 3,200000 -1,000000 -101,000000 0,000000 0,000000
396 1675366324 3,600000 -1,000000 -101,000000 0,000000 0,000000
396 1675366325 3,600000 -1,000000 -101,000000 0,000000 0,000000
396 1675366326 3,600000 -1,000000 -101,000000 0,000000 0,000000
396 1675366327 3,600000 -1,000000 -101,000000 0,000000 0,000000
396 1675366328 3,600000 -1,000000 -101,000000 0,000000 0,000000
396 1675366329 6,800000 -1,000000 -101,000000 0,000000 0,000000
396 1675366330 6,800000 -1,000000 -101,000000 0,000000 0,000000
396 1675366331 6,800000 -1,000000 -101,000000 0,000000 0,000000
396 1675366332 6,800000 -1,000000 -101,000000 0,000000 0,000000
396 1675366333 6,800000 -1,000000 -101,000000 0,000000 0,000000
396 1675366334 2,600000 -1,000000 -101,000000 0,000000 0,000000
396 1675366335 2,600000 -1,000000 -101,000000 0,000000 0,000000
396 1675366336 2,600000 -1,000000 -101,000000 0,000000 0,000000
396 1675366337 2,600000 -1,000000 -101,000000 0,000000 0,000000
396 1675366338 2,600000 -1,000000 -101,000000 0,000000 0,000000
396 1675366339 3,200000 -1,000000 -101,000000 0,000000 0,000000
396 1675366340 3,200000 -1,000000 -101,000000 0,000000 0,000000
396 1675366341 3,200000 -1,000000 -101,000000 0,000000 0,000000
396 1675366342 3,200000 -1,000000 -101,000000 0,000000 0,000000
396 1675366343 3,200000 -1,000000 -101,000000 0,000000 0,000000
396 1675366344 2,000000 -1,000000 -101,000000 0,000000 0,000000
396 1675366345 2,000000 -1,000000 -101,000000 0,000000 0,000000
396 1675366346 2,000000 -1,000000 -101,000000 0,000000 0,000000
396 1675366347 2,000000 -1,000000 -101,000000 0,000000 0,000000
396 1675366348 2,000000 -1,000000 -101,000000 0,000000 0,000000
396 1675366349 2,200000 -1,000000 -101,000000 0,000000 0,000000
396 1675366350 2,200000 -1,000000 -101,000000 0,000000 0,000000
396 1675366351 2,200000 -1,000000 -101,000000 0,000000 0,000000
396 1675366352 2,200000 -1,000000 -101,000000 0,000000 0,000000
396 1675366353 2,200000 -1,000000 -101,000000 0,000000 0,000000
396 1675366354 1,000000 -1,000000 -101,000000 0,000000 0,000000
396 1675366355 1,000000 -1,000000 -101,000000 0,000000 0,000000
396 1675366356 1,000000 -1,000000 -101,000000 0,000000 0,000000
396 1675366357 1,000000 -1,000000 -101,000000 0,000000 0,000000
396 1675366358 1,000000 -1,000000 -101,000000 0,000000 0,000000
396 1675366359 3,400000 -1,000000 -101,000000 0,000000 0,000000
396 1675366360 3,400000 -1,000000 -101,000000 0,000000 0,000000
396 1675366361 3,400000 -1,000000 -101,000000 0,000000 0,000000
396 1675366362 3,400000 -1,000000 -101,000000 0,000000 0,000000
396 1675366363 3,400000 -1,000000 -101,000000 0,000000 0,000000
396 1675366364 2,000000 -1,000000 -101,000000 0,000000 0,000000
396 1675366365 2,000000 -1,000000 -101,000000 0,000000 0,000000
396 1675366366 2,000000 -1,000000 -101,000000 0,000000 0,000000
396 1675366367 2,000000 -1,000000 -101,000000 0,000000 0,000000
396 1675366368 2,000000 -1,000000 -101,000000 0,000000 0,000000
396 1675366369 4,000000 -1,000000 -101,000000 0,000000 0,000000
396 1675366370 4,000000 -1,000000 -101,000000 0,000000 0,000000
396 1675366371 4,000000 -1,000000 -101,000000 0,000000 0,000000
396 1675366372 4,000000 -1,000000 -101,000000 0,000000 0,000000
396 1675366373 4,000000 -1,000000 -101,000000 0,000000 0,000000
396 1675366374 3,200000 -1,000000 -101,000000 0,000000 0,000000
396 1675366375 3,200000 -1,000000 -101,000000 0,000000 0,000000
396 1675366376 3,200000 -1,000000 -101,000000 0,000000 0,000000
396 1675366377 3,200000 -1,000000 -101,000000 0,000000 0,000000
396 1675366378 3,200000 -1,000000 -101,000000 0,000000 0,000000
396 1675366379 1,000000 -1,000000 -101,000000 0,000000 0,000000
396 1675366380 1,000000 -1,000000 -101,000000 0,000000 0,000000
396 1675366381 1,000000 -1,000000 -101,000000 0,000000 0,000000
396 1675366382 1,000000 -1,000000 -101,000000 0,000000 0,000000
396 1675366383 1,000000 -1,000000 -101,000000 0,000000 0,000000
396 1675366384 0,800000 -1,000000 -101,000000 0,000000 0,000000
396 1675366385 0,800000 -1,000000 -101,000000 0,000000 0,000000
396 1675366386 0,800000 -1,000000 -101,000000 0,000000 0,000000
396 1675366387 0,800000 -1,000000 -101,000000 0,000000 0,000000
396 1675366388 0,800000 -1,000000 -101,000000 0,000000 0,000000
396 1675366389 4,400000 -1,000000 -101,000000 0,000000 0,000000
396 1675366390 4,400000 -1,000000 -101,000000 0,000000 0,000000
396 1675366391 4,400000 -1,000000 -101,000000 0,000000 0,000000
396 1675366392 4,400000 -1,000000 -101,000000 0,000000 0,000000
396 1675366393 4,400000 -1,000000 -101,000000 0,000000 0,000000
396 1675366394 6,400000 -1,000000 -101,000000 0,000000 0,000000
396 1675366395 6,400000 -1,000000 -101,000000 0,000000 0,000000
396 1675366396 6,400000 -1,000000 -101,000000 0,000000 0,000000
396 1675366397 6,400000 -1,000000 -101,000000 0,000000 0,000000
396 1675366398 6,400000 -1,000000 -101,000000 0,000000 0,000000
396 1675366399 3,800000 -1,000000 -101,000000 0,000000 0,000000
396 1675366400 3,800000 -1,000000 -101,000000 0,000000 0,000000
396 1675366401 3,800000 -1,000000 -101,000000 0,000000 0,000000
396 1675366402 3,800000 -1,000000 -101,000000 0,000000 0,000000
396 1675366403 3,800000 -1,000000 -101,000000 0,000000 0,000000
396 1675366404 4,200000 -1,000000 -101,000000 0,000000 0,000000
396 1675366405 4,200000 -1,000000 -101,000000 0,000000 0,000000
396 1675366406 4,200000 -1,000000 -101,000000 0,000000 0,000000
396 1675366407 4,200000 -1,000000 -101,000000 0,000000 0,000000
396 1675366408 4,200000 -1,000000 -101,000000 0,000000 0,000000
396 1675366409 2,600000 -1,000000 -101,000000 0,000000 0,000000
396 1675366410 2,600000 -1,000000 -101,000000 0,000000 0,000000
396 1675366411 2,600000 -1,000000 -101,000000 0,000000 0,000000
396 1675366412 2,600000 -1,000000 -101,000000 0,000000 0,000000
396 1675366413 2,600000 -1,000000 -101,000000 0,000000 0,000000
396 1675366414 4,200000 -1,000000 -101,000000 0,000000 0,000000
396 1675366415 4,200000 -1,000000 -101,000000 0,000000 0,000000
396 1675366416 4,200000 -1,000000 -101,000000 0,000000 0,000000
396 1675366417 4,200000 -1,000000 -101,000000 0,000000 0,000000
396 1675366418 4,200000 -1,000000 -101,000000 0,000000 0,000000
396 1675366419 4,800000 -1,000000 -101,000000 0,000000 0,000000
396 1675366420 4,800000 -1,000000 -101,000000 0,000000 0,000000
396 1675366421 4,800000 -1,000000 -101,000000 0,000000 0,000000
396 1675366422 4,800000 -1,000000 -101,000000 0,000000 0,000000
396 1675366423 4,800000 -1,000000 -101,000000 0,000000 0,000000
396 1675366424 3,800000 -1,000000 -101,000000 0,000000 0,000000
396 1675366425 3,800000 -1,000000 -101,000000 0,000000 0,000000
396 1675366426 3,800000 -1,000000 -101,000000 0,000000 0,000000
396 1675366427 3,800000 -1,000000 -101,000000 0,000000 0,000000
396 1675366428 3,800000 -1,000000 -101,000000 0,000000 0,000000
396 1675366429 2,000000 -1,000000 -101,000000 0,000000 0,000000
396 1675366430 2,000000 -1,000000 -101,000000 0,000000 0,000000
396 1675366431 2,000000 -1,000000 -101,000000 0,000000 0,000000
396 1675366432 2,000000 -1,000000 -101,000000 0,000000 0,000000
396 1675366433 2,000000 -1,000000 -101,000000 0,000000 0,000000
396 1675366434 1,600000 -1,000000 -101,000000 0,000000 0,000000
396 1675366435 1,600000 -1,000000 -101,000000 0,000000 0,000000
396 1675366436 1,600000 -1,000000 -101,000000 0,000000 0,000000
396 1675366437 1,600000 -1,000000 -101,000000 0,000000 0,000000
396 1675366438 1,600000 -1,000000 -101,000000 0,000000 0,000000
396 1675366439 1,600000 -1,000000 -101,000000 0,000000 0,000000
396 1675366440 1,600000 -1,000000 -101,000000 0,000000 0,000000
396 1675366441 1,600000 -1,000000 -101,000000 0,000000 0,000000
396 1675366442 1,600000 -1,000000 -101,000000 0,000000 0,000000
396 1675366443 1,600000 -1,000000 -101,000000 0,000000 0,000000
396 1675366444 2,800000 -1,000000 -101,000000 0,000000 0,000000
396 1675366445 2,800000 -1,000000 -101,000000 0,000000 0,000000
396 1675366446 2,800000 -1,000000 -101,000000 0,000000 0,000000
396 1675366447 2,800000 -1,000000 -101,000000 0,000000 0,000000
396 1675366448 2,800000 -1,000000 -101,000000 0,000000 0,000000
396 1675366449 4,400000 -1,000000 -101,000000 0,000000 0,000000
396 1675366450 4,400000 -1,000000 -101,000000 0,000000 0,000000
396 1675366451 4,400000 -1,000000 -101,000000 0,000000 0,000000
396 1675366452 4,400000 -1,000000 -101,000000 0,000000 0,000000
396 1675366453 4,400000 -1,000000 -101,000000 0,000000 0,000000
396 1675366454 3,600000 -1,000000 -101,000000 0,000000 0,000000
396 1675366455 3,600000 -1,000000 -101,000000 0,000000 0,000000
396 1675366456 3,600000 -1,000000 -101,000000 0,000000 0,000000
396 1675366457 3,600000 -1,000000 -101,000000 0,000000 0,000000
396 1675366458 3,600000 -1,000000 -101,000000 0,000000 0,000000
396 1675366459 2,000000 -1,000000 -101,000000 0,000000 0,000000
396 1675366460 2,000000 -1,000000 -101,000000 0,000000 0,000000
396 1675366461 2,000000 -1,000000 -101,000000 0,000000 0,000000
396 1675366462 2,000000 -1,000000 -101,000000 0,000000 0,000000
396 1675366463 2,000000 -1,000000 -101,000000 0,000000 0,000000
396 1675366464 4,400000 -1,000000 -101,000000 0,000000 0,000000
396 1675366465 4,400000 -1,000000 -101,000000 0,000000 0,000000
396 1675366466 4,400000 -1,000000 -101,000000 0,000000 0,000000
396 1675366467 4,400000 -1,000000 -101,000000 0,000000 0,000000
396 1675366468 4,400000 -1,000000 -101,000000 0,000000 0,000000
396 1675366469 2,600000 -1,000000 -101,000000 0,000000 0,000000
396 1675366470 2,600000 -1,000000 -101,000000 0,000000 0,000000
396 1675366471 2,600000 -1,000000 -101,000000 0,000000 0,000000
396 1675366472 2,600000 -1,000000 -101,000000 0,000000 0,000000
396 1675366473 2,600000 -1,000000 -101,000000 0,000000 0,000000
396 1675366474 2,000000 -1,000000 -101,000000 0,000000 0,000000
396 1675366475 2,000000 -1,000000 -101,000000 0,000000 0,000000
396 1675366476 2,000000 -1,000000 -101,000000 0,000000 0,000000
396 1675366477 2,000000 -1,000000 -101,000000 0,000000 0,000000
396 1675366478 2,000000 -1,000000 -101,000000 0,000000 0,000000
396 1675366479 3,400000 -1,000000 -101,000000 0,000000 0,000000
396 1675366480 3,400000 -1,000000 -101,000000 0,000000 0,000000
396 1675366481 3,400000 -1,000000 -101,000000 0,000000 0,000000
396 1675366482 3,400000 -1,000000 -101,000000 0,000000 0,000000
396 1675366483 3,400000 -1,000000 -101,000000 0,000000 0,000000
396 1675366484 3,000000 -1,000000 -101,000000 0,000000 0,000000
396 1675366485 3,000000 -1,000000 -101,000000 0,000000 0,000000
396 1675366486 3,000000 -1,000000 -101,000000 0,000000 0,000000
396 1675366487 3,000000 -1,000000 -101,000000 0,000000 0,000000
396 1675366488 3,000000 -1,000000 -101,000000 0,000000 0,000000
396 1675366489 0,800000 -1,000000 -101,000000 0,000000 0,000000
396 1675366490 0,800000 -1,000000 -101,000000 0,000000 0,000000
396 1675366491 0,800000 -1,000000 -101,000000 0,000000 0,000000
396 1675366492 0,800000 -1,000000 -101,000000 0,000000 0,000000
396 1675366493 0,800000 -1,000000 -101,000000 0,000000 0,000000
396 1675366494 1,200000 -1,000000 -101,000000 0,000000 0,000000
396 1675366495 1,200000 -1,000000 -101,000000 0,000000 0,000000
396 1675366496 1,200000 -1,000000 -101,000000 0,000000 0,000000
396 1675366497 1,200000 -1,000000 -101,000000 0,000000 0,000000
396 1675366498 1,200000 -1,000000 -101,000000 0,000000 0,000000
396 1675366499 1,200000 -1,000000 -101,000000 0,000000 0,000000
396 1675366500 1,200000 -1,000000 -101,000000 0,000000 0,000000
396 1675366501 1,200000 -1,000000 -101,000000 0,000000 0,000000
