417 1675365104 0,200000 -1,000000 -101,000000 0,000000 0,000000
417 1675365105 0,200000 -1,000000 -101,000000 0,000000 0,000000
417 1675365106 0,200000 -1,000000 -101,000000 0,000000 0,000000
417 1675365107 0,200000 -1,000000 -101,000000 0,000000 0,000000
417 1675365108 0,200000 -1,000000 -101,000000 0,000000 0,000000
417 1675365134 0,200000 -1,000000 -101,000000 0,000000 0,000000
417 1675365135 0,200000 -1,000000 -101,000000 0,000000 0,000000
417 1675365136 0,200000 -1,000000 -101,000000 0,000000 0,000000
417 1675365137 0,200000 -1,000000 -101,000000 0,000000 0,000000
417 1675365138 0,200000 -1,000000 -101,000000 0,000000 0,000000
417 1675365154 0,200000 -1,000000 -101,000000 0,000000 0,000000
417 1675365155 0,200000 -1,000000 -101,000000 0,000000 0,000000
417 1675365156 0,200000 -1,000000 -101,000000 0,000000 0,000000
417 1675365157 0,200000 -1,000000 -101,000000 0,000000 0,000000
417 1675365158 0,200000 -1,000000 -101,000000 0,000000 0,000000
417 1675365164 0,200000 -1,000000 -101,000000 0,000000 0,000000
417 1675365165 0,200000 -1,000000 -101,000000 0,000000 0,000000
417 1675365166 0,200000 -1,000000 -101,000000 0,000000 0,000000
417 1675365167 0,200000 -1,000000 -101,000000 0,000000 0,000000
417 1675365168 0,200000 -1,000000 -101,000000 0,000000 0,000000
417 1675365169 0,600000 -1,000000 -101,000000 0,000000 0,000000
417 1675365170 0,600000 -1,000000 -101,000000 0,000000 0,000000
417 1675365171 0,600000 -1,000000 -101,000000 0,000000 0,000000
417 1675365172 0,600000 -1,000000 -101,000000 0,000000 0,000000
417 1675365173 0,600000 -1,000000 -101,000000 0,000000 0,000000
417 1675365179 0,400000 -1,000000 -101,000000 0,000000 0,000000
417 1675365180 0,400000 -1,000000 -101,000000 0,000000 0,000000
417 1675365181 0,400000 -1,000000 -101,000000 0,000000 0,000000
417 1675365182 0,400000 -1,000000 -101,000000 0,000000 0,000000
417 1675365183 0,400000 -1,000000 -101,000000 0,000000 0,000000
417 1675365184 0,400000 -1,000000 -101,000000 0,000000 0,000000
417 1675365185 0,400000 -1,000000 -101,000000 0,000000 0,000000
417 1675365186 0,400000 -1,000000 -101,000000 0,000000 0,000000
417 1675365187 0,400000 -1,000000 -101,000000 0,000000 0,000000
417 1675365188 0,400000 -1,000000 -101,000000 0,000000 0,000000
417 1675365214 0,400000 -1,000000 -101,000000 0,000000 0,000000
417 1675365215 0,400000 -1,000000 -101,000000 0,000000 0,000000
417 1675365216 0,400000 -1,000000 -101,000000 0,000000 0,000000
417 1675365217 0,400000 -1,000000 -101,000000 0,000000 0,000000
417 1675365218 0,400000 -1,000000 -101,000000 0,000000 0,000000
417 1675365224 0,400000 -1,000000 -101,000000 0,000000 0,000000
417 1675365225 0,400000 -1,000000 -101,000000 0,000000 0,000000
417 1675365226 0,400000 -1,000000 -101,000000 0,000000 0,000000
417 1675365227 0,400000 -1,000000 -101,000000 0,000000 0,000000
417 1675365228 0,400000 -1,000000 -101,000000 0,000000 0,000000
417 1675365229 0,400000 -1,000000 -101,000000 0,000000 0,000000
417 1675365230 0,400000 -1,000000 -101,000000 0,000000 0,000000
417 1675365231 0,400000 -1,000000 -101,000000 0,000000 0,000000
417 1675365232 0,400000 -1,000000 -101,000000 0,000000 0,000000
417 1675365233 0,400000 -1,000000 -101,000000 0,000000 0,000000
417 1675365244 0,400000 -1,000000 -101,000000 0,000000 0,000000
417 1675365245 0,400000 -1,000000 -101,000000 0,000000 0,000000
417 1675365246 0,400000 -1,000000 -101,000000 0,000000 0,000000
417 1675365247 0,400000 -1,000000 -101,000000 0,000000 0,000000
417 1675365248 0,400000 -1,000000 -101,000000 0,000000 0,000000
417 1675365249 0,200000 -1,000000 -101,000000 0,000000 0,000000
417 1675365250 0,200000 -1,000000 -101,000000 0,000000 0,000000
417 1675365251 0,200000 -1,000000 -101,000000 0,000000 0,000000
417 1675365252 0,200000 -1,000000 -101,000000 0,000000 0,000000
417 1675365253 0,200000 -1,000000 -101,000000 0,000000 0,000000
417 1675365269 0,200000 -1,000000 -101,000000 0,000000 0,000000
417 1675365270 0,200000 -1,000000 -101,000000 0,000000 0,000000
417 1675365271 0,200000 -1,000000 -101,000000 0,000000 0,000000
417 1675365272 0,200000 -1,000000 -101,000000 0,000000 0,000000
417 1675365273 0,200000 -1,000000 -101,000000 0,000000 0,000000
417 1675365274 0,200000 -1,000000 -101,000000 0,000000 0,000000
417 1675365275 0,200000 -1,000000 -101,000000 0,000000 0,000000
417 1675365276 0,200000 -1,000000 -101,000000 0,000000 0,000000
417 1675365277 0,200000 -1,000000 -101,000000 0,000000 0,000000
417 1675365278 0,200000 -1,000000 -101,000000 0,000000 0,000000
417 1675365294 0,400000 -1,000000 -101,000000 0,000000 0,000000
417 1675365295 0,400000 -1,000000 -101,000000 0,000000 0,000000
417 1675365296 0,400000 -1,000000 -101,000000 0,000000 0,000000
417 1675365297 0,400000 -1,000000 -101,000000 0,000000 0,000000
417 1675365298 0,400000 -1,000000 -101,000000 0,000000 0,000000
417 1675365299 0,200000 -1,000000 -101,000000 0,000000 0,000000
417 1675365300 0,200000 -1,000000 -101,000000 0,000000 0,000000
417 1675365301 0,200000 -1,000000 -101,000000 0,000000 0,000000
417 1675365302 0,200000 -1,000000 -101,000000 0,000000 0,000000
417 1675365303 0,200000 -1,000000 -101,000000 0,000000 0,000000
417 1675365304 0,400000 -1,000000 -101,000000 0,000000 0,000000
417 1675365305 0,400000 -1,000000 -101,000000 0,000000 0,000000
417 1675365306 0,400000 -1,000000 -101,000000 0,000000 0,000000
417 1675365307 0,400000 -1,000000 -101,000000 0,000000 0,000000
417 1675365308 0,400000 -1,000000 -101,000000 0,000000 0,000000
417 1675365319 0,600000 -1,000000 -101,000000 0,000000 0,000000
417 1675365320 0,600000 -1,000000 -101,000000 0,000000 0,000000
417 1675365321 0,600000 -1,000000 -101,000000 0,000000 0,000000
417 1675365322 0,600000 -1,000000 -101,000000 0,000000 0,000000
417 1675365323 0,600000 -1,000000 -101,000000 0,000000 0,000000
417 1675365324 0,400000 -1,000000 -101,000000 0,000000 0,000000
417 1675365325 0,400000 -1,000000 -101,000000 0,000000 0,000000
417 1675365326 0,400000 -1,000000 -101,000000 0,000000 0,000000
417 1675365327 0,400000 -1,000000 -101,000000 0,000000 0,000000
417 1675365328 0,400000 -1,000000 -101,000000 0,000000 0,000000
417 1675365339 0,400000 -1,000000 -101,000000 0,000000 0,000000
417 1675365340 0,400000 -1,000000 -101,000000 0,000000 0,000000
417 1675365341 0,400000 -1,000000 -101,000000 0,000000 0,000000
417 1675365342 0,400000 -1,000000 -101,000000 0,000000 0,000000
417 1675365343 0,400000 -1,000000 -101,000000 0,000000 0,000000
417 1675365344 0,400000 -1,000000 -101,000000 0,000000 0,000000
417 1675365345 0,400000 -1,000000 -101,000000 0,000000 0,000000
417 1675365346 0,400000 -1,000000 -101,000000 0,000000 0,000000
417 1675365347 0,400000 -1,000000 -101,000000 0,000000 0,000000
417 1675365348 0,400000 -1,000000 -101,000000 0,000000 0,000000
417 1675365354 0,200000 -1,000000 -101,000000 0,000000 0,000000
417 1675365355 0,200000 -1,000000 -101,000000 0,000000 0,000000
417 1675365356 0,200000 -1,000000 -101,000000 0,000000 0,000000
417 1675365357 0,200000 -1,000000 -101,000000 0,000000 0,000000
417 1675365358 0,200000 -1,000000 -101,000000 0,000000 0,000000
417 1675365374 0,200000 -1,000000 -101,000000 0,000000 0,000000
417 1675365375 0,200000 -1,000000 -101,000000 0,000000 0,000000
417 1675365376 0,200000 -1,000000 -101,000000 0,000000 0,000000
417 1675365377 0,200000 -1,000000 -101,000000 0,000000 0,000000
417 1675365378 0,200000 -1,000000 -101,000000 0,000000 0,000000
417 1675365379 0,200000 -1,000000 -101,000000 0,000000 0,000000
417 1675365380 0,200000 -1,000000 -101,000000 0,000000 0,000000
417 1675365381 0,200000 -1,000000 -101,000000 0,000000 0,000000
417 1675365382 0,200000 -1,000000 -101,000000 0,000000 0,000000
417 1675365383 0,200000 -1,000000 -101,000000 0,000000 0,000000
417 1675365389 0,200000 -1,000000 -101,000000 0,000000 0,000000
417 1675365390 0,200000 -1,000000 -101,000000 0,000000 0,000000
417 1675365391 0,200000 -1,000000 -101,000000 0,000000 0,000000
417 1675365392 0,200000 -1,000000 -101,000000 0,000000 0,000000
417 1675365393 0,200000 -1,000000 -101,000000 0,000000 0,000000
417 1675365394 0,200000 -1,000000 -101,000000 0,000000 0,000000
417 1675365395 0,200000 -1,000000 -101,000000 0,000000 0,000000
417 1675365396 0,200000 -1,000000 -101,000000 0,000000 0,000000
417 1675365397 0,200000 -1,000000 -101,000000 0,000000 0,000000
417 1675365398 0,200000 -1,000000 -101,000000 0,000000 0,000000
417 1675365404 1,000000 -1,000000 -101,000000 0,000000 0,000000
417 1675365405 1,000000 -1,000000 -101,000000 0,000000 0,000000
417 1675365406 1,000000 -1,000000 -101,000000 0,000000 0,000000
417 1675365407 1,000000 -1,000000 -101,000000 0,000000 0,000000
417 1675365408 1,000000 -1,000000 -101,000000 0,000000 0,000000
417 1675365414 0,400000 -1,000000 -101,000000 0,000000 0,000000
417 1675365415 0,400000 -1,000000 -101,000000 0,000000 0,000000
417 1675365416 0,400000 -1,000000 -101,000000 0,000000 0,000000
417 1675365417 0,400000 -1,000000 -101,000000 0,000000 0,000000
417 1675365418 0,400000 -1,000000 -101,000000 0,000000 0,000000
417 1675365419 0,200000 -1,000000 -101,000000 0,000000 0,000000
417 1675365420 0,200000 -1,000000 -101,000000 0,000000 0,000000
417 1675365421 0,200000 -1,000000 -101,000000 0,000000 0,000000
417 1675365422 0,200000 -1,000000 -101,000000 0,000000 0,000000
417 1675365423 0,200000 -1,000000 -101,000000 0,000000 0,000000
417 1675365424 0,200000 -1,000000 -101,000000 0,000000 0,000000
417 1675365425 0,200000 -1,000000 -101,000000 0,000000 0,000000
417 1675365426 0,200000 -1,000000 -101,000000 0,000000 0,000000
417 1675365427 0,200000 -1,000000 -101,000000 0,000000 0,000000
417 1675365428 0,200000 -1,000000 -101,000000 0,000000 0,000000
417 1675365429 0,200000 -1,000000 -101,000000 0,000000 0,000000
417 1675365430 0,200000 -1,000000 -101,000000 0,000000 0,000000
417 1675365431 0,200000 -1,000000 -101,000000 0,000000 0,000000
417 1675365432 0,200000 -1,000000 -101,000000 0,000000 0,000000
417 1675365433 0,200000 -1,000000 -101,000000 0,000000 0,000000
417 1675365434 0,200000 -1,000000 -101,000000 0,000000 0,000000
417 1675365435 0,200000 -1,000000 -101,000000 0,000000 0,000000
417 1675365436 0,200000 -1,000000 -101,000000 0,000000 0,000000
417 1675365437 0,200000 -1,000000 -101,000000 0,000000 0,000000
417 1675365438 0,200000 -1,000000 -101,000000 0,000000 0,000000
417 1675365459 0,600000 -1,000000 -101,000000 0,000000 0,000000
417 1675365460 0,600000 -1,000000 -101,000000 0,000000 0,000000
417 1675365461 0,600000 -1,000000 -101,000000 0,000000 0,000000
417 1675365462 0,600000 -1,000000 -101,000000 0,000000 0,000000
417 1675365463 0,600000 -1,000000 -101,000000 0,000000 0,000000
417 1675365464 0,800000 -1,000000 -101,000000 0,000000 0,000000
417 1675365465 0,800000 -1,000000 -101,000000 0,000000 0,000000
417 1675365466 0,800000 -1,000000 -101,000000 0,000000 0,000000
417 1675365467 0,800000 -1,000000 -101,000000 0,000000 0,000000
417 1675365468 0,800000 -1,000000 -101,000000 0,000000 0,000000
417 1675365469 0,200000 -1,000000 -101,000000 0,000000 0,000000
417 1675365470 0,200000 -1,000000 -101,000000 0,000000 0,000000
417 1675365471 0,200000 -1,000000 -101,000000 0,000000 0,000000
417 1675365472 0,200000 -1,000000 -101,000000 0,000000 0,000000
417 1675365473 0,200000 -1,000000 -101,000000 0,000000 0,000000
417 1675365474 0,200000 -1,000000 -101,000000 0,000000 0,000000
417 1675365475 0,200000 -1,000000 -101,000000 0,000000 0,000000
417 1675365476 0,200000 -1,000000 -101,000000 0,000000 0,000000
417 1675365477 0,200000 -1,000000 -101,000000 0,000000 0,000000
417 1675365478 0,200000 -1,000000 -101,000000 0,000000 0,000000
417 1675365489 0,200000 -1,000000 -101,000000 0,000000 0,000000
417 1675365490 0,200000 -1,000000 -101,000000 0,000000 0,000000
417 1675365491 0,200000 -1,000000 -101,000000 0,000000 0,000000
417 1675365492 0,200000 -1,000000 -101,000000 0,000000 0,000000
417 1675365493 0,200000 -1,000000 -101,000000 0,000000 0,000000
417 1675365494 0,400000 -1,000000 -101,000000 0,000000 0,000000
417 1675365495 0,400000 -1,000000 -101,000000 0,000000 0,000000
417 1675365496 0,400000 -1,000000 -101,000000 0,000000 0,000000
417 1675365497 0,400000 -1,000000 -101,000000 0,000000 0,000000
417 1675365498 0,400000 -1,000000 -101,000000 0,000000 0,000000
417 1675365509 0,600000 -1,000000 -101,000000 0,000000 0,000000
417 1675365510 0,600000 -1,000000 -101,000000 0,000000 0,000000
417 1675365511 0,600000 -1,000000 -101,000000 0,000000 0,000000
417 1675365512 0,600000 -1,000000 -101,000000 0,000000 0,000000
417 1675365513 0,600000 -1,000000 -101,000000 0,000000 0,000000
417 1675365514 0,200000 -1,000000 -101,000000 0,000000 0,000000
417 1675365515 0,200000 -1,000000 -101,000000 0,000000 0,000000
417 1675365516 0,200000 -1,000000 -101,000000 0,000000 0,000000
417 1675365517 0,200000 -1,000000 -101,000000 0,000000 0,000000
417 1675365518 0,200000 -1,000000 -101,000000 0,000000 0,000000
417 1675365519 0,200000 -1,000000 -101,000000 0,000000 0,000000
417 1675365520 0,200000 -1,000000 -101,000000 0,000000 0,000000
417 1675365521 0,200000 -1,000000 -101,000000 0,000000 0,000000
417 1675365522 0,200000 -1,000000 -101,000000 0,000000 0,000000
417 1675365523 0,200000 -1,000000 -101,000000 0,000000 0,000000
417 1675365524 0,600000 -1,000000 -101,000000 0,000000 0,000000
417 1675365525 0,600000 -1,000000 -101,000000 0,000000 0,000000
417 1675365526 0,600000 -1,000000 -101,000000 0,000000 0,000000
417 1675365527 0,600000 -1,000000 -101,000000 0,000000 0,000000
417 1675365528 0,600000 -1,000000 -101,000000 0,000000 0,000000
417 1675365544 0,600000 -1,000000 -101,000000 0,000000 0,000000
417 1675365545 0,600000 -1,000000 -101,000000 0,000000 0,000000
417 1675365546 0,600000 -1,000000 -101,000000 0,000000 0,000000
417 1675365547 0,600000 -1,000000 -101,000000 0,000000 0,000000
417 1675365548 0,600000 -1,000000 -101,000000 0,000000 0,000000
417 1675365584 0,200000 -1,000000 -101,000000 0,000000 0,000000
417 1675365585 0,200000 -1,000000 -101,000000 0,000000 0,000000
417 1675365586 0,200000 -1,000000 -101,000000 0,000000 0,000000
417 1675365587 0,200000 -1,000000 -101,000000 0,000000 0,000000
417 1675365588 0,200000 -1,000000 -101,000000 0,000000 0,000000
417 1675365589 0,200000 -1,000000 -101,000000 0,000000 0,000000
417 1675365590 0,200000 -1,000000 -101,000000 0,000000 0,000000
417 1675365591 0,200000 -1,000000 -101,000000 0,000000 0,000000
417 1675365592 0,200000 -1,000000 -101,000000 0,000000 0,000000
417 1675365593 0,200000 -1,000000 -101,000000 0,000000 0,000000
417 1675365663 0,400000 -1,000000 0,400000 0,400000 0,064000
417 1675365662 0,400000 -1,000000 0,400000 0,400000 0,064000
417 1675365661 0,400000 -1,000000 0,400000 0,400000 0,064000
417 1675365660 0,400000 -1,000000 0,400000 0,400000 0,064000
417 1675365659 0,400000 -1,000000 0,400000 0,400000 0,064000
417 1675365658 0,200000 -1,000000 0,200000 0,200000 0,016000
417 1675365657 0,200000 -1,000000 0,200000 0,200000 0,016000
417 1675365656 0,200000 -1,000000 0,200000 0,200000 0,016000
417 1675365655 0,200000 -1,000000 0,200000 0,200000 0,016000
417 1675365654 0,200000 -1,000000 0,200000 0,200000 0,016000
417 1675365653 1,000000 -1,000000 1,000000 1,000000 0,400000
417 1675365652 1,000000 -1,000000 1,000000 1,000000 0,400000
417 1675365651 1,000000 -1,000000 1,000000 1,000000 0,400000
417 1675365650 1,000000 -1,000000 1,000000 1,000000 0,400000
417 1675365649 1,000000 -1,000000 1,000000 1,000000 0,400000
417 1675365633 0,200000 -1,000000 0,200000 0,200000 0,016000
417 1675365632 0,200000 -1,000000 0,200000 0,200000 0,016000
417 1675365631 0,200000 -1,000000 0,200000 0,200000 0,016000
417 1675365630 0,200000 -1,000000 0,200000 0,200000 0,016000
417 1675365629 0,200000 -1,000000 0,200000 0,200000 0,016000
417 1675365628 0,800000 -1,000000 0,800000 0,800000 0,256000
417 1675365627 0,800000 -1,000000 0,800000 0,800000 0,256000
417 1675365626 0,800000 -1,000000 0,800000 0,800000 0,256000
417 1675365625 0,800000 -1,000000 0,800000 0,800000 0,256000
417 1675365624 0,800000 -1,000000 0,800000 0,800000 0,256000
417 1675365623 0,400000 -1,000000 0,400000 0,400000 0,064000
417 1675365622 0,400000 -1,000000 0,400000 0,400000 0,064000
417 1675365621 0,400000 -1,000000 0,400000 0,400000 0,064000
417 1675365620 0,400000 -1,000000 0,400000 0,400000 0,064000
417 1675365619 0,400000 -1,000000 0,400000 0,400000 0,064000
417 1675365613 0,200000 -1,000000 0,200000 0,200000 0,016000
417 1675365612 0,200000 -1,000000 0,200000 0,200000 0,016000
417 1675365611 0,200000 -1,000000 0,200000 0,200000 0,016000
417 1675365610 0,200000 -1,000000 0,200000 0,200000 0,016000
417 1675365609 0,200000 -1,000000 0,200000 0,200000 0,016000
417 1675365608 0,200000 -1,000000 0,200000 0,200000 0,016000
417 1675365607 0,200000 -1,000000 0,200000 0,200000 0,016000
417 1675365606 0,200000 -1,000000 0,200000 0,200000 0,016000
417 1675365605 0,200000 -1,000000 0,200000 0,200000 0,016000
417 1675365604 0,200000 -1,000000 0,200000 0,200000 0,016000
417 1675365604 0,200000 -1,000000 -101,000000 0,000000 0,000000
417 1675365605 0,200000 -1,000000 -101,000000 0,000000 0,000000
417 1675365606 0,200000 -1,000000 -101,000000 0,000000 0,000000
417 1675365607 0,200000 -1,000000 -101,000000 0,000000 0,000000
417 1675365608 0,200000 -1,000000 -101,000000 0,000000 0,000000
417 1675365609 0,200000 -1,000000 -101,000000 0,000000 0,000000
417 1675365610 0,200000 -1,000000 -101,000000 0,000000 0,000000
417 1675365611 0,200000 -1,000000 -101,000000 0,000000 0,000000
417 1675365612 0,200000 -1,000000 -101,000000 0,000000 0,000000
417 1675365613 0,200000 -1,000000 -101,000000 0,000000 0,000000
417 1675365619 0,400000 -1,000000 -101,000000 0,000000 0,000000
417 1675365620 0,400000 -1,000000 -101,000000 0,000000 0,000000
417 1675365621 0,400000 -1,000000 -101,000000 0,000000 0,000000
417 1675365622 0,400000 -1,000000 -101,000000 0,000000 0,000000
417 1675365623 0,400000 -1,000000 -101,000000 0,000000 0,000000
417 1675365624 0,800000 -1,000000 -101,000000 0,000000 0,000000
417 1675365625 0,800000 -1,000000 -101,000000 0,000000 0,000000
417 1675365626 0,800000 -1,000000 -101,000000 0,000000 0,000000
417 1675365627 0,800000 -1,000000 -101,000000 0,000000 0,000000
417 1675365628 0,800000 -1,000000 -101,000000 0,000000 0,000000
417 1675365629 0,200000 -1,000000 -101,000000 0,000000 0,000000
417 1675365630 0,200000 -1,000000 -101,000000 0,000000 0,000000
417 1675365631 0,200000 -1,000000 -101,000000 0,000000 0,000000
417 1675365632 0,200000 -1,000000 -101,000000 0,000000 0,000000
417 1675365633 0,200000 -1,000000 -101,000000 0,000000 0,000000
417 1675365649 1,000000 -1,000000 -101,000000 0,000000 0,000000
417 1675365650 1,000000 -1,000000 -101,000000 0,000000 0,000000
417 1675365651 1,000000 -1,000000 -101,000000 0,000000 0,000000
417 1675365652 1,000000 -1,000000 -101,000000 0,000000 0,000000
417 1675365653 1,000000 -1,000000 -101,000000 0,000000 0,000000
417 1675365654 0,200000 -1,000000 -101,000000 0,000000 0,000000
417 1675365655 0,200000 -1,000000 -101,000000 0,000000 0,000000
417 1675365656 0,200000 -1,000000 -101,000000 0,000000 0,000000
417 1675365657 0,200000 -1,000000 -101,000000 0,000000 0,000000
417 1675365658 0,200000 -1,000000 -101,000000 0,000000 0,000000
417 1675365659 0,400000 -1,000000 -101,000000 0,000000 0,000000
417 1675365660 0,400000 -1,000000 -101,000000 0,000000 0,000000
417 1675365661 0,400000 -1,000000 -101,000000 0,000000 0,000000
417 1675365662 0,400000 -1,000000 -101,000000 0,000000 0,000000
417 1675365663 0,400000 -1,000000 -101,000000 0,000000 0,000000
417 1675365664 0,200000 -1,000000 -101,000000 0,000000 0,000000
417 1675365665 0,200000 -1,000000 -101,000000 0,000000 0,000000
417 1675365666 0,200000 -1,000000 -101,000000 0,000000 0,000000
417 1675365667 0,200000 -1,000000 -101,000000 0,000000 0,000000
417 1675365668 0,200000 -1,000000 -101,000000 0,000000 0,000000
417 1675365684 0,400000 -1,000000 -101,000000 0,000000 0,000000
417 1675365685 0,400000 -1,000000 -101,000000 0,000000 0,000000
417 1675365686 0,400000 -1,000000 -101,000000 0,000000 0,000000
417 1675365687 0,400000 -1,000000 -101,000000 0,000000 0,000000
417 1675365688 0,400000 -1,000000 -101,000000 0,000000 0,000000
417 1675365689 0,200000 -1,000000 -101,000000 0,000000 0,000000
417 1675365690 0,200000 -1,000000 -101,000000 0,000000 0,000000
417 1675365691 0,200000 -1,000000 -101,000000 0,000000 0,000000
417 1675365692 0,200000 -1,000000 -101,000000 0,000000 0,000000
417 1675365693 0,200000 -1,000000 -101,000000 0,000000 0,000000
417 1675365699 0,200000 -1,000000 -101,000000 0,000000 0,000000
417 1675365700 0,200000 -1,000000 -101,000000 0,000000 0,000000
417 1675365701 0,200000 -1,000000 -101,000000 0,000000 0,000000
417 1675365702 0,200000 -1,000000 -101,000000 0,000000 0,000000
417 1675365703 0,200000 -1,000000 -101,000000 0,000000 0,000000
417 1675365704 0,400000 -1,000000 -101,000000 0,000000 0,000000
417 1675365705 0,400000 -1,000000 -101,000000 0,000000 0,000000
417 1675365706 0,400000 -1,000000 -101,000000 0,000000 0,000000
417 1675365707 0,400000 -1,000000 -101,000000 0,000000 0,000000
417 1675365708 0,400000 -1,000000 -101,000000 0,000000 0,000000
417 1675365709 0,400000 -1,000000 -101,000000 0,000000 0,000000
417 1675365710 0,400000 -1,000000 -101,000000 0,000000 0,000000
417 1675365711 0,400000 -1,000000 -101,000000 0,000000 0,000000
417 1675365712 0,400000 -1,000000 -101,000000 0,000000 0,000000
417 1675365713 0,400000 -1,000000 -101,000000 0,000000 0,000000
417 1675365714 0,400000 -1,000000 -101,000000 0,000000 0,000000
417 1675365715 0,400000 -1,000000 -101,000000 0,000000 0,000000
417 1675365716 0,400000 -1,000000 -101,000000 0,000000 0,000000
417 1675365717 0,400000 -1,000000 -101,000000 0,000000 0,000000
417 1675365718 0,400000 -1,000000 -101,000000 0,000000 0,000000
417 1675365719 1,000000 -1,000000 -101,000000 0,000000 0,000000
417 1675365720 1,000000 -1,000000 -101,000000 0,000000 0,000000
417 1675365721 1,000000 -1,000000 -101,000000 0,000000 0,000000
417 1675365722 1,000000 -1,000000 -101,000000 0,000000 0,000000
417 1675365723 1,000000 -1,000000 -101,000000 0,000000 0,000000
417 1675365724 0,600000 -1,000000 -101,000000 0,000000 0,000000
417 1675365725 0,600000 -1,000000 -101,000000 0,000000 0,000000
417 1675365726 0,600000 -1,000000 -101,000000 0,000000 0,000000
417 1675365727 0,600000 -1,000000 -101,000000 0,000000 0,000000
417 1675365728 0,600000 -1,000000 -101,000000 0,000000 0,000000
417 1675365729 0,800000 -1,000000 -101,000000 0,000000 0,000000
417 1675365730 0,800000 -1,000000 -101,000000 0,000000 0,000000
417 1675365731 0,800000 -1,000000 -101,000000 0,000000 0,000000
417 1675365732 0,800000 -1,000000 -101,000000 0,000000 0,000000
417 1675365733 0,800000 -1,000000 -101,000000 0,000000 0,000000
417 1675365734 0,600000 -1,000000 -101,000000 0,000000 0,000000
417 1675365735 0,600000 -1,000000 -101,000000 0,000000 0,000000
417 1675365736 0,600000 -1,000000 -101,000000 0,000000 0,000000
417 1675365737 0,600000 -1,000000 -101,000000 0,000000 0,000000
417 1675365738 0,600000 -1,000000 -101,000000 0,000000 0,000000
417 1675365754 0,200000 -1,000000 -101,000000 0,000000 0,000000
417 1675365755 0,200000 -1,000000 -101,000000 0,000000 0,000000
417 1675365756 0,200000 -1,000000 -101,000000 0,000000 0,000000
417 1675365757 0,200000 -1,000000 -101,000000 0,000000 0,000000
417 1675365758 0,200000 -1,000000 -101,000000 0,000000 0,000000
417 1675365759 0,200000 -1,000000 -101,000000 0,000000 0,000000
417 1675365760 0,200000 -1,000000 -101,000000 0,000000 0,000000
417 1675365761 0,200000 -1,000000 -101,000000 0,000000 0,000000
417 1675365762 0,200000 -1,000000 -101,000000 0,000000 0,000000
417 1675365763 0,200000 -1,000000 -101,000000 0,000000 0,000000
417 1675365764 0,400000 -1,000000 -101,000000 0,000000 0,000000
417 1675365765 0,400000 -1,000000 -101,000000 0,000000 0,000000
417 1675365766 0,400000 -1,000000 -101,000000 0,000000 0,000000
417 1675365767 0,400000 -1,000000 -101,000000 0,000000 0,000000
417 1675365768 0,400000 -1,000000 -101,000000 0,000000 0,000000
417 1675365769 0,200000 -1,000000 -101,000000 0,000000 0,000000
417 1675365770 0,200000 -1,000000 -101,000000 0,000000 0,000000
417 1675365771 0,200000 -1,000000 -101,000000 0,000000 0,000000
417 1675365772 0,200000 -1,000000 -101,000000 0,000000 0,000000
417 1675365773 0,200000 -1,000000 -101,000000 0,000000 0,000000
417 1675365774 0,600000 -1,000000 -101,000000 0,000000 0,000000
417 1675365775 0,600000 -1,000000 -101,000000 0,000000 0,000000
417 1675365776 0,600000 -1,000000 -101,000000 0,000000 0,000000
417 1675365777 0,600000 -1,000000 -101,000000 0,000000 0,000000
417 1675365778 0,600000 -1,000000 -101,000000 0,000000 0,000000
417 1675365779 0,400000 -1,000000 -101,000000 0,000000 0,000000
417 1675365780 0,400000 -1,000000 -101,000000 0,000000 0,000000
417 1675365781 0,400000 -1,000000 -101,000000 0,000000 0,000000
417 1675365782 0,400000 -1,000000 -101,000000 0,000000 0,000000
417 1675365783 0,400000 -1,000000 -101,000000 0,000000 0,000000
417 1675365794 0,200000 -1,000000 -101,000000 0,000000 0,000000
417 1675365795 0,200000 -1,000000 -101,000000 0,000000 0,000000
417 1675365796 0,200000 -1,000000 -101,000000 0,000000 0,000000
417 1675365797 0,200000 -1,000000 -101,000000 0,000000 0,000000
417 1675365798 0,200000 -1,000000 -101,000000 0,000000 0,000000
417 1675365799 0,200000 -1,000000 -101,000000 0,000000 0,000000
417 1675365800 0,200000 -1,000000 -101,000000 0,000000 0,000000
417 1675365801 0,200000 -1,000000 -101,000000 0,000000 0,000000
417 1675365802 0,200000 -1,000000 -101,000000 0,000000 0,000000
417 1675365803 0,200000 -1,000000 -101,000000 0,000000 0,000000
417 1675365804 0,400000 -1,000000 -101,000000 0,000000 0,000000
417 1675365805 0,400000 -1,000000 -101,000000 0,000000 0,000000
417 1675365806 0,400000 -1,000000 -101,000000 0,000000 0,000000
417 1675365807 0,400000 -1,000000 -101,000000 0,000000 0,000000
417 1675365808 0,400000 -1,000000 -101,000000 0,000000 0,000000
417 1675365814 0,200000 -1,000000 -101,000000 0,000000 0,000000
417 1675365815 0,200000 -1,000000 -101,000000 0,000000 0,000000
417 1675365816 0,200000 -1,000000 -101,000000 0,000000 0,000000
417 1675365817 0,200000 -1,000000 -101,000000 0,000000 0,000000
417 1675365818 0,200000 -1,000000 -101,000000 0,000000 0,000000
417 1675365819 0,200000 -1,000000 -101,000000 0,000000 0,000000
417 1675365820 0,200000 -1,000000 -101,000000 0,000000 0,000000
417 1675365821 0,200000 -1,000000 -101,000000 0,000000 0,000000
417 1675365822 0,200000 -1,000000 -101,000000 0,000000 0,000000
417 1675365823 0,200000 -1,000000 -101,000000 0,000000 0,000000
417 1675365824 0,200000 -1,000000 -101,000000 0,000000 0,000000
417 1675365825 0,200000 -1,000000 -101,000000 0,000000 0,000000
417 1675365826 0,200000 -1,000000 -101,000000 0,000000 0,000000
417 1675365827 0,200000 -1,000000 -101,000000 0,000000 0,000000
417 1675365828 0,200000 -1,000000 -101,000000 0,000000 0,000000
417 1675365839 1,200000 -1,000000 -101,000000 0,000000 0,000000
417 1675365840 1,200000 -1,000000 -101,000000 0,000000 0,000000
417 1675365841 1,200000 -1,000000 -101,000000 0,000000 0,000000
417 1675365842 1,200000 -1,000000 -101,000000 0,000000 0,000000
417 1675365843 1,200000 -1,000000 -101,000000 0,000000 0,000000
417 1675365844 1,400000 -1,000000 -101,000000 0,000000 0,000000
417 1675365845 1,400000 -1,000000 -101,000000 0,000000 0,000000
417 1675365846 1,400000 -1,000000 -101,000000 0,000000 0,000000
417 1675365847 1,400000 -1,000000 -101,000000 0,000000 0,000000
417 1675365848 1,400000 -1,000000 -101,000000 0,000000 0,000000
417 1675365849 0,400000 -1,000000 -101,000000 0,000000 0,000000
417 1675365850 0,400000 -1,000000 -101,000000 0,000000 0,000000
417 1675365851 0,400000 -1,000000 -101,000000 0,000000 0,000000
417 1675365852 0,400000 -1,000000 -101,000000 0,000000 0,000000
417 1675365853 0,400000 -1,000000 -101,000000 0,000000 0,000000
417 1675365854 0,400000 -1,000000 -101,000000 0,000000 0,000000
417 1675365855 0,400000 -1,000000 -101,000000 0,000000 0,000000
417 1675365856 0,400000 -1,000000 -101,000000 0,000000 0,000000
417 1675365857 0,400000 -1,000000 -101,000000 0,000000 0,000000
417 1675365858 0,400000 -1,000000 -101,000000 0,000000 0,000000
417 1675365864 0,200000 -1,000000 -101,000000 0,000000 0,000000
417 1675365865 0,200000 -1,000000 -101,000000 0,000000 0,000000
417 1675365866 0,200000 -1,000000 -101,000000 0,000000 0,000000
417 1675365867 0,200000 -1,000000 -101,000000 0,000000 0,000000
417 1675365868 0,200000 -1,000000 -101,000000 0,000000 0,000000
417 1675365869 0,200000 -1,000000 -101,000000 0,000000 0,000000
417 1675365870 0,200000 -1,000000 -101,000000 0,000000 0,000000
417 1675365871 0,200000 -1,000000 -101,000000 0,000000 0,000000
417 1675365872 0,200000 -1,000000 -101,000000 0,000000 0,000000
417 1675365873 0,200000 -1,000000 -101,000000 0,000000 0,000000
417 1675365894 0,400000 -1,000000 -101,000000 0,000000 0,000000
417 1675365895 0,400000 -1,000000 -101,000000 0,000000 0,000000
417 1675365896 0,400000 -1,000000 -101,000000 0,000000 0,000000
417 1675365897 0,400000 -1,000000 -101,000000 0,000000 0,000000
417 1675365898 0,400000 -1,000000 -101,000000 0,000000 0,000000
417 1675365899 0,200000 -1,000000 -101,000000 0,000000 0,000000
417 1675365900 0,200000 -1,000000 -101,000000 0,000000 0,000000
417 1675365901 0,200000 -1,000000 -101,000000 0,000000 0,000000
417 1675365902 0,200000 -1,000000 -101,000000 0,000000 0,000000
417 1675365903 0,200000 -1,000000 -101,000000 0,000000 0,000000
417 1675365909 0,400000 -1,000000 -101,000000 0,000000 0,000000
417 1675365910 0,400000 -1,000000 -101,000000 0,000000 0,000000
417 1675365911 0,400000 -1,000000 -101,000000 0,000000 0,000000
417 1675365912 0,400000 -1,000000 -101,000000 0,000000 0,000000
417 1675365913 0,400000 -1,000000 -101,000000 0,000000 0,000000
417 1675365914 1,000000 -1,000000 -101,000000 0,000000 0,000000
417 1675365915 1,000000 -1,000000 -101,000000 0,000000 0,000000
417 1675365916 1,000000 -1,000000 -101,000000 0,000000 0,000000
417 1675365917 1,000000 -1,000000 -101,000000 0,000000 0,000000
417 1675365918 1,000000 -1,000000 -101,000000 0,000000 0,000000
417 1675365919 0,600000 -1,000000 -101,000000 0,000000 0,000000
417 1675365920 0,600000 -1,000000 -101,000000 0,000000 0,000000
417 1675365921 0,600000 -1,000000 -101,000000 0,000000 0,000000
417 1675365922 0,600000 -1,000000 -101,000000 0,000000 0,000000
417 1675365923 0,600000 -1,000000 -101,000000 0,000000 0,000000
417 1675365924 0,400000 -1,000000 -101,000000 0,000000 0,000000
417 1675365925 0,400000 -1,000000 -101,000000 0,000000 0,000000
417 1675365926 0,400000 -1,000000 -101,000000 0,000000 0,000000
417 1675365927 0,400000 -1,000000 -101,000000 0,000000 0,000000
417 1675365928 0,400000 -1,000000 -101,000000 0,000000 0,000000
417 1675365929 0,400000 -1,000000 -101,000000 0,000000 0,000000
417 1675365930 0,400000 -1,000000 -101,000000 0,000000 0,000000
417 1675365931 0,400000 -1,000000 -101,000000 0,000000 0,000000
417 1675365932 0,400000 -1,000000 -101,000000 0,000000 0,000000
417 1675365933 0,400000 -1,000000 -101,000000 0,000000 0,000000
417 1675365944 0,200000 -1,000000 -101,000000 0,000000 0,000000
417 1675365945 0,200000 -1,000000 -101,000000 0,000000 0,000000
417 1675365946 0,200000 -1,000000 -101,000000 0,000000 0,000000
417 1675365947 0,200000 -1,000000 -101,000000 0,000000 0,000000
417 1675365948 0,200000 -1,000000 -101,000000 0,000000 0,000000
417 1675365949 0,200000 -1,000000 -101,000000 0,000000 0,000000
417 1675365950 0,200000 -1,000000 -101,000000 0,000000 0,000000
417 1675365951 0,200000 -1,000000 -101,000000 0,000000 0,000000
417 1675365952 0,200000 -1,000000 -101,000000 0,000000 0,000000
417 1675365953 0,200000 -1,000000 -101,000000 0,000000 0,000000
417 1675365954 1,000000 -1,000000 -101,000000 0,000000 0,000000
417 1675365955 1,000000 -1,000000 -101,000000 0,000000 0,000000
417 1675365956 1,000000 -1,000000 -101,000000 0,000000 0,000000
417 1675365957 1,000000 -1,000000 -101,000000 0,000000 0,000000
417 1675365958 1,000000 -1,000000 -101,000000 0,000000 0,000000
417 1675365959 0,600000 -1,000000 -101,000000 0,000000 0,000000
417 1675365960 0,600000 -1,000000 -101,000000 0,000000 0,000000
417 1675365961 0,600000 -1,000000 -101,000000 0,000000 0,000000
417 1675365962 0,600000 -1,000000 -101,000000 0,000000 0,000000
417 1675365963 0,600000 -1,000000 -101,000000 0,000000 0,000000
417 1675365989 0,200000 -1,000000 -101,000000 0,000000 0,000000
417 1675365990 0,200000 -1,000000 -101,000000 0,000000 0,000000
417 1675365991 0,200000 -1,000000 -101,000000 0,000000 0,000000
417 1675365992 0,200000 -1,000000 -101,000000 0,000000 0,000000
417 1675365993 0,200000 -1,000000 -101,000000 0,000000 0,000000
417 1675365994 0,400000 -1,000000 -101,000000 0,000000 0,000000
417 1675365995 0,400000 -1,000000 -101,000000 0,000000 0,000000
417 1675365996 0,400000 -1,000000 -101,000000 0,000000 0,000000
417 1675365997 0,400000 -1,000000 -101,000000 0,000000 0,000000
417 1675365998 0,400000 -1,000000 -101,000000 0,000000 0,000000
417 1675366014 0,200000 -1,000000 -101,000000 0,000000 0,000000
417 1675366015 0,200000 -1,000000 -101,000000 0,000000 0,000000
417 1675366016 0,200000 -1,000000 -101,000000 0,000000 0,000000
417 1675366017 0,200000 -1,000000 -101,000000 0,000000 0,000000
417 1675366018 0,200000 -1,000000 -101,000000 0,000000 0,000000
417 1675366019 1,000000 -1,000000 -101,000000 0,000000 0,000000
417 1675366020 1,000000 -1,000000 -101,000000 0,000000 0,000000
417 1675366021 1,000000 -1,000000 -101,000000 0,000000 0,000000
417 1675366022 1,000000 -1,000000 -101,000000 0,000000 0,000000
417 1675366023 1,000000 -1,000000 -101,000000 0,000000 0,000000
417 1675366024 1,400000 -1,000000 -101,000000 0,000000 0,000000
417 1675366025 1,400000 -1,000000 -101,000000 0,000000 0,000000
417 1675366026 1,400000 -1,000000 -101,000000 0,000000 0,000000
417 1675366027 1,400000 -1,000000 -101,000000 0,000000 0,000000
417 1675366028 1,400000 -1,000000 -101,000000 0,000000 0,000000
417 1675366029 0,800000 -1,000000 -101,000000 0,000000 0,000000
417 1675366030 0,800000 -1,000000 -101,000000 0,000000 0,000000
417 1675366031 0,800000 -1,000000 -101,000000 0,000000 0,000000
417 1675366032 0,800000 -1,000000 -101,000000 0,000000 0,000000
417 1675366033 0,800000 -1,000000 -101,000000 0,000000 0,000000
417 1675366039 0,200000 -1,000000 -101,000000 0,000000 0,000000
417 1675366040 0,200000 -1,000000 -101,000000 0,000000 0,000000
417 1675366041 0,200000 -1,000000 -101,000000 0,000000 0,000000
417 1675366042 0,200000 -1,000000 -101,000000 0,000000 0,000000
417 1675366043 0,200000 -1,000000 -101,000000 0,000000 0,000000
417 1675366044 0,200000 -1,000000 -101,000000 0,000000 0,000000
417 1675366045 0,200000 -1,000000 -101,000000 0,000000 0,000000
417 1675366046 0,200000 -1,000000 -101,000000 0,000000 0,000000
417 1675366047 0,200000 -1,000000 -101,000000 0,000000 0,000000
417 1675366048 0,200000 -1,000000 -101,000000 0,000000 0,000000
417 1675366049 0,400000 -1,000000 -101,000000 0,000000 0,000000
417 1675366050 0,400000 -1,000000 -101,000000 0,000000 0,000000
417 1675366051 0,400000 -1,000000 -101,000000 0,000000 0,000000
417 1675366052 0,400000 -1,000000 -101,000000 0,000000 0,000000
417 1675366053 0,400000 -1,000000 -101,000000 0,000000 0,000000
417 1675366064 0,600000 -1,000000 -101,000000 0,000000 0,000000
417 1675366065 0,600000 -1,000000 -101,000000 0,000000 0,000000
417 1675366066 0,600000 -1,000000 -101,000000 0,000000 0,000000
417 1675366067 0,600000 -1,000000 -101,000000 0,000000 0,000000
417 1675366068 0,600000 -1,000000 -101,000000 0,000000 0,000000
417 1675366074 0,200000 -1,000000 -101,000000 0,000000 0,000000
417 1675366075 0,200000 -1,000000 -101,000000 0,000000 0,000000
417 1675366076 0,200000 -1,000000 -101,000000 0,000000 0,000000
417 1675366077 0,200000 -1,000000 -101,000000 0,000000 0,000000
417 1675366078 0,200000 -1,000000 -101,000000 0,000000 0,000000
417 1675366079 0,600000 -1,000000 -101,000000 0,000000 0,000000
417 1675366080 0,600000 -1,000000 -101,000000 0,000000 0,000000
417 1675366081 0,600000 -1,000000 -101,000000 0,000000 0,000000
417 1675366082 0,600000 -1,000000 -101,000000 0,000000 0,000000
417 1675366083 0,600000 -1,000000 -101,000000 0,000000 0,000000
417 1675366084 0,200000 -1,000000 -101,000000 0,000000 0,000000
417 1675366085 0,200000 -1,000000 -101,000000 0,000000 0,000000
417 1675366086 0,200000 -1,000000 -101,000000 0,000000 0,000000
417 1675366087 0,200000 -1,000000 -101,000000 0,000000 0,000000
417 1675366088 0,200000 -1,000000 -101,000000 0,000000 0,000000
417 1675366089 0,200000 -1,000000 -101,000000 0,000000 0,000000
417 1675366090 0,200000 -1,000000 -101,000000 0,000000 0,000000
417 1675366091 0,200000 -1,000000 -101,000000 0,000000 0,000000
417 1675366092 0,200000 -1,000000 -101,000000 0,000000 0,000000
417 1675366093 0,200000 -1,000000 -101,000000 0,000000 0,000000
417 1675366104 0,800000 -1,000000 -101,000000 0,000000 0,000000
417 1675366105 0,800000 -1,000000 -101,000000 0,000000 0,000000
417 1675366106 0,800000 -1,000000 -101,000000 0,000000 0,000000
417 1675366107 0,800000 -1,000000 -101,000000 0,000000 0,000000
417 1675366108 0,800000 -1,000000 -101,000000 0,000000 0,000000
417 1675366119 0,200000 -1,000000 -101,000000 0,000000 0,000000
417 1675366120 0,200000 -1,000000 -101,000000 0,000000 0,000000
417 1675366121 0,200000 -1,000000 -101,000000 0,000000 0,000000
417 1675366122 0,200000 -1,000000 -101,000000 0,000000 0,000000
417 1675366123 0,200000 -1,000000 -101,000000 0,000000 0,000000
417 1675366124 0,200000 -1,000000 -101,000000 0,000000 0,000000
417 1675366125 0,200000 -1,000000 -101,000000 0,000000 0,000000
417 1675366126 0,200000 -1,000000 -101,000000 0,000000 0,000000
417 1675366127 0,200000 -1,000000 -101,000000 0,000000 0,000000
417 1675366128 0,200000 -1,000000 -101,000000 0,000000 0,000000
417 1675366139 0,200000 -1,000000 -101,000000 0,000000 0,000000
417 1675366140 0,200000 -1,000000 -101,000000 0,000000 0,000000
417 1675366141 0,200000 -1,000000 -101,000000 0,000000 0,000000
417 1675366142 0,200000 -1,000000 -101,000000 0,000000 0,000000
417 1675366143 0,200000 -1,000000 -101,000000 0,000000 0,000000
417 1675366144 0,400000 -1,000000 -101,000000 0,000000 0,000000
417 1675366145 0,400000 -1,000000 -101,000000 0,000000 0,000000
417 1675366146 0,400000 -1,000000 -101,000000 0,000000 0,000000
417 1675366147 0,400000 -1,000000 -101,000000 0,000000 0,000000
417 1675366148 0,400000 -1,000000 -101,000000 0,000000 0,000000
417 1675366149 0,400000 -1,000000 -101,000000 0,000000 0,000000
417 1675366150 0,400000 -1,000000 -101,000000 0,000000 0,000000
417 1675366151 0,400000 -1,000000 -101,000000 0,000000 0,000000
417 1675366152 0,400000 -1,000000 -101,000000 0,000000 0,000000
417 1675366153 0,400000 -1,000000 -101,000000 0,000000 0,000000
417 1675366154 0,200000 -1,000000 -101,000000 0,000000 0,000000
417 1675366155 0,200000 -1,000000 -101,000000 0,000000 0,000000
417 1675366156 0,200000 -1,000000 -101,000000 0,000000 0,000000
417 1675366157 0,200000 -1,000000 -101,000000 0,000000 0,000000
417 1675366158 0,200000 -1,000000 -101,000000 0,000000 0,000000
417 1675366159 0,200000 -1,000000 -101,000000 0,000000 0,000000
417 1675366160 0,200000 -1,000000 -101,000000 0,000000 0,000000
417 1675366161 0,200000 -1,000000 -101,000000 0,000000 0,000000
417 1675366162 0,200000 -1,000000 -101,000000 0,000000 0,000000
417 1675366163 0,200000 -1,000000 -101,000000 0,000000 0,000000
417 1675366164 0,600000 -1,000000 -101,000000 0,000000 0,000000
417 1675366165 0,600000 -1,000000 -101,000000 0,000000 0,000000
417 1675366166 0,600000 -1,000000 -101,000000 0,000000 0,000000
417 1675366167 0,600000 -1,000000 -101,000000 0,000000 0,000000
417 1675366168 0,600000 -1,000000 -101,000000 0,000000 0,000000
417 1675366169 0,400000 -1,000000 -101,000000 0,000000 0,000000
417 1675366170 0,400000 -1,000000 -101,000000 0,000000 0,000000
417 1675366171 0,400000 -1,000000 -101,000000 0,000000 0,000000
417 1675366172 0,400000 -1,000000 -101,000000 0,000000 0,000000
417 1675366173 0,400000 -1,000000 -101,000000 0,000000 0,000000
417 1675366174 0,600000 -1,000000 -101,000000 0,000000 0,000000
417 1675366175 0,600000 -1,000000 -101,000000 0,000000 0,000000
417 1675366176 0,600000 -1,000000 -101,000000 0,000000 0,000000
417 1675366177 0,600000 -1,000000 -101,000000 0,000000 0,000000
417 1675366178 0,600000 -1,000000 -101,000000 0,000000 0,000000
417 1675366179 0,400000 -1,000000 -101,000000 0,000000 0,000000
417 1675366180 0,400000 -1,000000 -101,000000 0,000000 0,000000
417 1675366181 0,400000 -1,000000 -101,000000 0,000000 0,000000
417 1675366182 0,400000 -1,000000 -101,000000 0,000000 0,000000
417 1675366183 0,400000 -1,000000 -101,000000 0,000000 0,000000
417 1675366204 0,200000 -1,000000 -101,000000 0,000000 0,000000
417 1675366205 0,200000 -1,000000 -101,000000 0,000000 0,000000
417 1675366206 0,200000 -1,000000 -101,000000 0,000000 0,000000
417 1675366207 0,200000 -1,000000 -101,000000 0,000000 0,000000
417 1675366208 0,200000 -1,000000 -101,000000 0,000000 0,000000
417 1675366209 0,200000 -1,000000 -101,000000 0,000000 0,000000
417 1675366210 0,200000 -1,000000 -101,000000 0,000000 0,000000
417 1675366211 0,200000 -1,000000 -101,000000 0,000000 0,000000
417 1675366212 0,200000 -1,000000 -101,000000 0,000000 0,000000
417 1675366213 0,200000 -1,000000 -101,000000 0,000000 0,000000
417 1675366214 0,600000 -1,000000 -101,000000 0,000000 0,000000
417 1675366215 0,600000 -1,000000 -101,000000 0,000000 0,000000
417 1675366216 0,600000 -1,000000 -101,000000 0,000000 0,000000
417 1675366217 0,600000 -1,000000 -101,000000 0,000000 0,000000
417 1675366218 0,600000 -1,000000 -101,000000 0,000000 0,000000
417 1675366219 1,000000 -1,000000 -101,000000 0,000000 0,000000
417 1675366220 1,000000 -1,000000 -101,000000 0,000000 0,000000
417 1675366221 1,000000 -1,000000 -101,000000 0,000000 0,000000
417 1675366222 1,000000 -1,000000 -101,000000 0,000000 0,000000
417 1675366223 1,000000 -1,000000 -101,000000 0,000000 0,000000
417 1675366224 0,400000 -1,000000 -101,000000 0,000000 0,000000
417 1675366225 0,400000 -1,000000 -101,000000 0,000000 0,000000
417 1675366226 0,400000 -1,000000 -101,000000 0,000000 0,000000
417 1675366227 0,400000 -1,000000 -101,000000 0,000000 0,000000
417 1675366228 0,400000 -1,000000 -101,000000 0,000000 0,000000
417 1675366229 0,400000 -1,000000 -101,000000 0,000000 0,000000
417 1675366230 0,400000 -1,000000 -101,000000 0,000000 0,000000
417 1675366231 0,400000 -1,000000 -101,000000 0,000000 0,000000
417 1675366232 0,400000 -1,000000 -101,000000 0,000000 0,000000
417 1675366233 0,400000 -1,000000 -101,000000 0,000000 0,000000
417 1675366234 0,200000 -1,000000 -101,000000 0,000000 0,000000
417 1675366235 0,200000 -1,000000 -101,000000 0,000000 0,000000
417 1675366236 0,200000 -1,000000 -101,000000 0,000000 0,000000
417 1675366237 0,200000 -1,000000 -101,000000 0,000000 0,000000
417 1675366238 0,200000 -1,000000 -101,000000 0,000000 0,000000
417 1675366244 0,200000 -1,000000 -101,000000 0,000000 0,000000
417 1675366245 0,200000 -1,000000 -101,000000 0,000000 0,000000
417 1675366246 0,200000 -1,000000 -101,000000 0,000000 0,000000
417 1675366247 0,200000 -1,000000 -101,000000 0,000000 0,000000
417 1675366248 0,200000 -1,000000 -101,000000 0,000000 0,000000
417 1675366254 0,200000 -1,000000 -101,000000 0,000000 0,000000
417 1675366255 0,200000 -1,000000 -101,000000 0,000000 0,000000
417 1675366256 0,200000 -1,000000 -101,000000 0,000000 0,000000
417 1675366257 0,200000 -1,000000 -101,000000 0,000000 0,000000
417 1675366258 0,200000 -1,000000 -101,000000 0,000000 0,000000
417 1675366269 0,200000 -1,000000 -101,000000 0,000000 0,000000
417 1675366270 0,200000 -1,000000 -101,000000 0,000000 0,000000
417 1675366271 0,200000 -1,000000 -101,000000 0,000000 0,000000
417 1675366272 0,200000 -1,000000 -101,000000 0,000000 0,000000
417 1675366273 0,200000 -1,000000 -101,000000 0,000000 0,000000
417 1675366284 0,600000 -1,000000 -101,000000 0,000000 0,000000
417 1675366285 0,600000 -1,000000 -101,000000 0,000000 0,000000
417 1675366286 0,600000 -1,000000 -101,000000 0,000000 0,000000
417 1675366287 0,600000 -1,000000 -101,000000 0,000000 0,000000
417 1675366288 0,600000 -1,000000 -101,000000 0,000000 0,000000
417 1675366289 0,800000 -1,000000 -101,000000 0,000000 0,000000
417 1675366290 0,800000 -1,000000 -101,000000 0,000000 0,000000
417 1675366291 0,800000 -1,000000 -101,000000 0,000000 0,000000
417 1675366292 0,800000 -1,000000 -101,000000 0,000000 0,000000
417 1675366293 0,800000 -1,000000 -101,000000 0,000000 0,000000
417 1675366294 0,400000 -1,000000 -101,000000 0,000000 0,000000
417 1675366295 0,400000 -1,000000 -101,000000 0,000000 0,000000
417 1675366296 0,400000 -1,000000 -101,000000 0,000000 0,000000
417 1675366297 0,400000 -1,000000 -101,000000 0,000000 0,000000
417 1675366298 0,400000 -1,000000 -101,000000 0,000000 0,000000
417 1675366299 0,400000 -1,000000 -101,000000 0,000000 0,000000
417 1675366300 0,400000 -1,000000 -101,000000 0,000000 0,000000
417 1675366301 0,400000 -1,000000 -101,000000 0,000000 0,000000
417 1675366302 0,400000 -1,000000 -101,000000 0,000000 0,000000
417 1675366303 0,400000 -1,000000 -101,000000 0,000000 0,000000
417 1675366314 0,200000 -1,000000 -101,000000 0,000000 0,000000
417 1675366315 0,200000 -1,000000 -101,000000 0,000000 0,000000
417 1675366316 0,200000 -1,000000 -101,000000 0,000000 0,000000
417 1675366317 0,200000 -1,000000 -101,000000 0,000000 0,000000
417 1675366318 0,200000 -1,000000 -101,000000 0,000000 0,000000
417 1675366324 0,600000 -1,000000 -101,000000 0,000000 0,000000
417 1675366325 0,600000 -1,000000 -101,000000 0,000000 0,000000
417 1675366326 0,600000 -1,000000 -101,000000 0,000000 0,000000
417 1675366327 0,600000 -1,000000 -101,000000 0,000000 0,000000
417 1675366328 0,600000 -1,000000 -101,000000 0,000000 0,000000
417 1675366329 0,200000 -1,000000 -101,000000 0,000000 0,000000
417 1675366330 0,200000 -1,000000 -101,000000 0,000000 0,000000
417 1675366331 0,200000 -1,000000 -101,000000 0,000000 0,000000
417 1675366332 0,200000 -1,000000 -101,000000 0,000000 0,000000
417 1675366333 0,200000 -1,000000 -101,000000 0,000000 0,000000
417 1675366334 1,000000 -1,000000 -101,000000 0,000000 0,000000
417 1675366335 1,000000 -1,000000 -101,000000 0,000000 0,000000
417 1675366336 1,000000 -1,000000 -101,000000 0,000000 0,000000
417 1675366337 1,000000 -1,000000 -101,000000 0,000000 0,000000
417 1675366338 1,000000 -1,000000 -101,000000 0,000000 0,000000
417 1675366339 0,200000 -1,000000 -101,000000 0,000000 0,000000
417 1675366340 0,200000 -1,000000 -101,000000 0,000000 0,000000
417 1675366341 0,200000 -1,000000 -101,000000 0,000000 0,000000
417 1675366342 0,200000 -1,000000 -101,000000 0,000000 0,000000
417 1675366343 0,200000 -1,000000 -101,000000 0,000000 0,000000
417 1675366359 0,400000 -1,000000 -101,000000 0,000000 0,000000
417 1675366360 0,400000 -1,000000 -101,000000 0,000000 0,000000
417 1675366361 0,400000 -1,000000 -101,000000 0,000000 0,000000
417 1675366362 0,400000 -1,000000 -101,000000 0,000000 0,000000
417 1675366363 0,400000 -1,000000 -101,000000 0,000000 0,000000
417 1675366364 0,200000 -1,000000 -101,000000 0,000000 0,000000
417 1675366365 0,200000 -1,000000 -101,000000 0,000000 0,000000
417 1675366366 0,200000 -1,000000 -101,000000 0,000000 0,000000
417 1675366367 0,200000 -1,000000 -101,000000 0,000000 0,000000
417 1675366368 0,200000 -1,000000 -101,000000 0,000000 0,000000
417 1675366369 1,000000 -1,000000 -101,000000 0,000000 0,000000
417 1675366370 1,000000 -1,000000 -101,000000 0,000000 0,000000
417 1675366371 1,000000 -1,000000 -101,000000 0,000000 0,000000
417 1675366372 1,000000 -1,000000 -101,000000 0,000000 0,000000
417 1675366373 1,000000 -1,000000 -101,000000 0,000000 0,000000
417 1675366379 0,400000 -1,000000 -101,000000 0,000000 0,000000
417 1675366380 0,400000 -1,000000 -101,000000 0,000000 0,000000
417 1675366381 0,400000 -1,000000 -101,000000 0,000000 0,000000
417 1675366382 0,400000 -1,000000 -101,000000 0,000000 0,000000
417 1675366383 0,400000 -1,000000 -101,000000 0,000000 0,000000
417 1675366389 0,600000 -1,000000 -101,000000 0,000000 0,000000
417 1675366390 0,600000 -1,000000 -101,000000 0,000000 0,000000
417 1675366391 0,600000 -1,000000 -101,000000 0,000000 0,000000
417 1675366392 0,600000 -1,000000 -101,000000 0,000000 0,000000
417 1675366393 0,600000 -1,000000 -101,000000 0,000000 0,000000
417 1675366394 0,800000 -1,000000 -101,000000 0,000000 0,000000
417 1675366395 0,800000 -1,000000 -101,000000 0,000000 0,000000
417 1675366396 0,800000 -1,000000 -101,000000 0,000000 0,000000
417 1675366397 0,800000 -1,000000 -101,000000 0,000000 0,000000
417 1675366398 0,800000 -1,000000 -101,000000 0,000000 0,000000
417 1675366409 0,800000 -1,000000 -101,000000 0,000000 0,000000
417 1675366410 0,800000 -1,000000 -101,000000 0,000000 0,000000
417 1675366411 0,800000 -1,000000 -101,000000 0,000000 0,000000
417 1675366412 0,800000 -1,000000 -101,000000 0,000000 0,000000
417 1675366413 0,800000 -1,000000 -101,000000 0,000000 0,000000
417 1675366414 0,200000 -1,000000 -101,000000 0,000000 0,000000
417 1675366415 0,200000 -1,000000 -101,000000 0,000000 0,000000
417 1675366416 0,200000 -1,000000 -101,000000 0,000000 0,000000
417 1675366417 0,200000 -1,000000 -101,000000 0,000000 0,000000
417 1675366418 0,200000 -1,000000 -101,000000 0,000000 0,000000
417 1675366419 0,200000 -1,000000 -101,000000 0,000000 0,000000
417 1675366420 0,200000 -1,000000 -101,000000 0,000000 0,000000
417 1675366421 0,200000 -1,000000 -101,000000 0,000000 0,000000
417 1675366422 0,200000 -1,000000 -101,000000 0,000000 0,000000
417 1675366423 0,200000 -1,000000 -101,000000 0,000000 0,000000
417 1675366424 1,000000 -1,000000 -101,000000 0,000000 0,000000
417 1675366425 1,000000 -1,000000 -101,000000 0,000000 0,000000
417 1675366426 1,000000 -1,000000 -101,000000 0,000000 0,000000
417 1675366427 1,000000 -1,000000 -101,000000 0,000000 0,000000
417 1675366428 1,000000 -1,000000 -101,000000 0,000000 0,000000
417 1675366429 0,200000 -1,000000 -101,000000 0,000000 0,000000
417 1675366430 0,200000 -1,000000 -101,000000 0,000000 0,000000
417 1675366431 0,200000 -1,000000 -101,000000 0,000000 0,000000
417 1675366432 0,200000 -1,000000 -101,000000 0,000000 0,000000
417 1675366433 0,200000 -1,000000 -101,000000 0,000000 0,000000
417 1675366439 0,200000 -1,000000 -101,000000 0,000000 0,000000
417 1675366440 0,200000 -1,000000 -101,000000 0,000000 0,000000
417 1675366441 0,200000 -1,000000 -101,000000 0,000000 0,000000
417 1675366442 0,200000 -1,000000 -101,000000 0,000000 0,000000
417 1675366443 0,200000 -1,000000 -101,000000 0,000000 0,000000
417 1675366444 0,200000 -1,000000 -101,000000 0,000000 0,000000
417 1675366445 0,200000 -1,000000 -101,000000 0,000000 0,000000
417 1675366446 0,200000 -1,000000 -101,000000 0,000000 0,000000
417 1675366447 0,200000 -1,000000 -101,000000 0,000000 0,000000
417 1675366448 0,200000 -1,000000 -101,000000 0,000000 0,000000
417 1675366449 0,200000 -1,000000 -101,000000 0,000000 0,000000
417 1675366450 0,200000 -1,000000 -101,000000 0,000000 0,000000
417 1675366451 0,200000 -1,000000 -101,000000 0,000000 0,000000
417 1675366452 0,200000 -1,000000 -101,000000 0,000000 0,000000
417 1675366453 0,200000 -1,000000 -101,000000 0,000000 0,000000
417 1675366454 0,200000 -1,000000 -101,000000 0,000000 0,000000
417 1675366455 0,200000 -1,000000 -101,000000 0,000000 0,000000
417 1675366456 0,200000 -1,000000 -101,000000 0,000000 0,000000
417 1675366457 0,200000 -1,000000 -101,000000 0,000000 0,000000
417 1675366458 0,200000 -1,000000 -101,000000 0,000000 0,000000
417 1675366464 0,600000 -1,000000 -101,000000 0,000000 0,000000
417 1675366465 0,600000 -1,000000 -101,000000 0,000000 0,000000
417 1675366466 0,600000 -1,000000 -101,000000 0,000000 0,000000
417 1675366467 0,600000 -1,000000 -101,000000 0,000000 0,000000
417 1675366468 0,600000 -1,000000 -101,000000 0,000000 0,000000
417 1675366469 0,600000 -1,000000 -101,000000 0,000000 0,000000
417 1675366470 0,600000 -1,000000 -101,000000 0,000000 0,000000
417 1675366471 0,600000 -1,000000 -101,000000 0,000000 0,000000
417 1675366472 0,600000 -1,000000 -101,000000 0,000000 0,000000
417 1675366473 0,600000 -1,000000 -101,000000 0,000000 0,000000
417 1675366474 0,200000 -1,000000 -101,000000 0,000000 0,000000
417 1675366475 0,200000 -1,000000 -101,000000 0,000000 0,000000
417 1675366476 0,200000 -1,000000 -101,000000 0,000000 0,000000
417 1675366477 0,200000 -1,000000 -101,000000 0,000000 0,000000
417 1675366478 0,200000 -1,000000 -101,000000 0,000000 0,000000
417 1675366484 0,400000 -1,000000 -101,000000 0,000000 0,000000
417 1675366485 0,400000 -1,000000 -101,000000 0,000000 0,000000
417 1675366486 0,400000 -1,000000 -101,000000 0,000000 0,000000
417 1675366487 0,400000 -1,000000 -101,000000 0,000000 0,000000
417 1675366488 0,400000 -1,000000 -101,000000 0,000000 0,000000
417 1675366489 0,200000 -1,000000 -101,000000 0,000000 0,000000
417 1675366490 0,200000 -1,000000 -101,000000 0,000000 0,000000
417 1675366491 0,200000 -1,000000 -101,000000 0,000000 0,000000
417 1675366492 0,200000 -1,000000 -101,000000 0,000000 0,000000
417 1675366493 0,200000 -1,000000 -101,000000 0,000000 0,000000
