394 1675365089 1084,400000 -1,000000 -101,000000 0,000000 0,000000
394 1675365090 1084,400000 -1,000000 -101,000000 0,000000 0,000000
394 1675365091 1084,400000 -1,000000 -101,000000 0,000000 0,000000
394 1675365092 1084,400000 -1,000000 -101,000000 0,000000 0,000000
394 1675365093 1084,400000 -1,000000 -101,000000 0,000000 0,000000
394 1675365094 1570,800000 -1,000000 -101,000000 0,000000 0,000000
394 1675365095 1570,800000 -1,000000 -101,000000 0,000000 0,000000
394 1675365096 1570,800000 -1,000000 -101,000000 0,000000 0,000000
394 1675365097 1570,800000 -1,000000 -101,000000 0,000000 0,000000
394 1675365098 1570,800000 -1,000000 -101,000000 0,000000 0,000000
394 1675365099 2032,800000 -1,000000 -101,000000 0,000000 0,000000
394 1675365100 2032,800000 -1,000000 -101,000000 0,000000 0,000000
394 1675365101 2032,800000 -1,000000 -101,000000 0,000000 0,000000
394 1675365102 2032,800000 -1,000000 -101,000000 0,000000 0,000000
394 1675365103 2032,800000 -1,000000 -101,000000 0,000000 0,000000
394 1675365104 1860,400000 -1,000000 -101,000000 0,000000 0,000000
394 1675365105 1860,400000 -1,000000 -101,000000 0,000000 0,000000
394 1675365106 1860,400000 -1,000000 -101,000000 0,000000 0,000000
394 1675365107 1860,400000 -1,000000 -101,000000 0,000000 0,000000
394 1675365108 1860,400000 -1,000000 -101,000000 0,000000 0,000000
394 1675365109 3663,200000 -1,000000 -101,000000 0,000000 0,000000
394 1675365110 3663,200000 -1,000000 -101,000000 0,000000 0,000000
394 1675365111 3663,200000 -1,000000 -101,000000 0,000000 0,000000
394 1675365112 3663,200000 -1,000000 -101,000000 0,000000 0,000000
394 1675365113 3663,200000 -1,000000 -101,000000 0,000000 0,000000
394 1675365114 1109,800000 -1,000000 -101,000000 0,000000 0,000000
394 1675365115 1109,800000 -1,000000 -101,000000 0,000000 0,000000
394 1675365116 1109,800000 -1,000000 -101,000000 0,000000 0,000000
394 1675365117 1109,800000 -1,000000 -101,000000 0,000000 0,000000
394 1675365118 1109,800000 -1,000000 -101,000000 0,000000 0,000000
394 1675365119 19371,600000 -1,000000 -101,000000 0,000000 0,000000
394 1675365120 19371,600000 -1,000000 -101,000000 0,000000 0,000000
394 1675365121 19371,600000 -1,000000 -101,000000 0,000000 0,000000
394 1675365122 19371,600000 -1,000000 -101,000000 0,000000 0,000000
394 1675365123 19371,600000 -1,000000 -101,000000 0,000000 0,000000
394 1675365124 1570,800000 -1,000000 -101,000000 0,000000 0,000000
394 1675365125 1570,800000 -1,000000 -101,000000 0,000000 0,000000
394 1675365126 1570,800000 -1,000000 -101,000000 0,000000 0,000000
394 1675365127 1570,800000 -1,000000 -101,000000 0,000000 0,000000
394 1675365128 1570,800000 -1,000000 -101,000000 0,000000 0,000000
394 1675365129 17476,000000 -1,000000 -101,000000 0,000000 0,000000
394 1675365130 17476,000000 -1,000000 -101,000000 0,000000 0,000000
394 1675365131 17476,000000 -1,000000 -101,000000 0,000000 0,000000
394 1675365132 17476,000000 -1,000000 -101,000000 0,000000 0,000000
394 1675365133 17476,000000 -1,000000 -101,000000 0,000000 0,000000
394 1675365134 16414,000000 -1,000000 -101,000000 0,000000 0,000000
394 1675365135 16414,000000 -1,000000 -101,000000 0,000000 0,000000
394 1675365136 16414,000000 -1,000000 -101,000000 0,000000 0,000000
394 1675365137 16414,000000 -1,000000 -101,000000 0,000000 0,000000
394 1675365138 16414,000000 -1,000000 -101,000000 0,000000 0,000000
394 1675365139 1571,400000 -1,000000 -101,000000 0,000000 0,000000
394 1675365140 1571,400000 -1,000000 -101,000000 0,000000 0,000000
394 1675365141 1571,400000 -1,000000 -101,000000 0,000000 0,000000
394 1675365142 1571,400000 -1,000000 -101,000000 0,000000 0,000000
394 1675365143 1571,400000 -1,000000 -101,000000 0,000000 0,000000
394 1675365149 2166,800000 -1,000000 -101,000000 0,000000 0,000000
394 1675365150 2166,800000 -1,000000 -101,000000 0,000000 0,000000
394 1675365151 2166,800000 -1,000000 -101,000000 0,000000 0,000000
394 1675365152 2166,800000 -1,000000 -101,000000 0,000000 0,000000
394 1675365153 2166,800000 -1,000000 -101,000000 0,000000 0,000000
394 1675365154 3141,400000 -1,000000 -101,000000 0,000000 0,000000
394 1675365155 3141,400000 -1,000000 -101,000000 0,000000 0,000000
394 1675365156 3141,400000 -1,000000 -101,000000 0,000000 0,000000
394 1675365157 3141,400000 -1,000000 -101,000000 0,000000 0,000000
394 1675365158 3141,400000 -1,000000 -101,000000 0,000000 0,000000
394 1675365159 4072,800000 -1,000000 -101,000000 0,000000 0,000000
394 1675365160 4072,800000 -1,000000 -101,000000 0,000000 0,000000
394 1675365161 4072,800000 -1,000000 -101,000000 0,000000 0,000000
394 1675365162 4072,800000 -1,000000 -101,000000 0,000000 0,000000
394 1675365163 4072,800000 -1,000000 -101,000000 0,000000 0,000000
394 1675365164 2634,800000 -1,000000 -101,000000 0,000000 0,000000
394 1675365165 2634,800000 -1,000000 -101,000000 0,000000 0,000000
394 1675365166 2634,800000 -1,000000 -101,000000 0,000000 0,000000
394 1675365167 2634,800000 -1,000000 -101,000000 0,000000 0,000000
394 1675365168 2634,800000 -1,000000 -101,000000 0,000000 0,000000
394 1675365169 2768,200000 -1,000000 -101,000000 0,000000 0,000000
394 1675365170 2768,200000 -1,000000 -101,000000 0,000000 0,000000
394 1675365171 2768,200000 -1,000000 -101,000000 0,000000 0,000000
394 1675365172 2768,200000 -1,000000 -101,000000 0,000000 0,000000
394 1675365173 2768,200000 -1,000000 -101,000000 0,000000 0,000000
394 1675365174 3669,200000 -1,000000 -101,000000 0,000000 0,000000
394 1675365175 3669,200000 -1,000000 -101,000000 0,000000 0,000000
394 1675365176 3669,200000 -1,000000 -101,000000 0,000000 0,000000
394 1675365177 3669,200000 -1,000000 -101,000000 0,000000 0,000000
394 1675365178 3669,200000 -1,000000 -101,000000 0,000000 0,000000
394 1675365179 26897,600000 -1,000000 -101,000000 0,000000 0,000000
394 1675365180 26897,600000 -1,000000 -101,000000 0,000000 0,000000
394 1675365181 26897,600000 -1,000000 -101,000000 0,000000 0,000000
394 1675365182 26897,600000 -1,000000 -101,000000 0,000000 0,000000
394 1675365183 26897,600000 -1,000000 -101,000000 0,000000 0,000000
394 1675365184 5750,800000 -1,000000 -101,000000 0,000000 0,000000
394 1675365185 5750,800000 -1,000000 -101,000000 0,000000 0,000000
394 1675365186 5750,800000 -1,000000 -101,000000 0,000000 0,000000
394 1675365187 5750,800000 -1,000000 -101,000000 0,000000 0,000000
394 1675365188 5750,800000 -1,000000 -101,000000 0,000000 0,000000
394 1675365189 10591,600000 -1,000000 -101,000000 0,000000 0,000000
394 1675365190 10591,600000 -1,000000 -101,000000 0,000000 0,000000
394 1675365191 10591,600000 -1,000000 -101,000000 0,000000 0,000000
394 1675365192 10591,600000 -1,000000 -101,000000 0,000000 0,000000
394 1675365193 10591,600000 -1,000000 -101,000000 0,000000 0,000000
394 1675365194 2650,000000 -1,000000 -101,000000 0,000000 0,000000
394 1675365195 2650,000000 -1,000000 -101,000000 0,000000 0,000000
394 1675365196 2650,000000 -1,000000 -101,000000 0,000000 0,000000
394 1675365197 2650,000000 -1,000000 -101,000000 0,000000 0,000000
394 1675365198 2650,000000 -1,000000 -101,000000 0,000000 0,000000
394 1675365199 3066,000000 -1,000000 -101,000000 0,000000 0,000000
394 1675365200 3066,000000 -1,000000 -101,000000 0,000000 0,000000
394 1675365201 3066,000000 -1,000000 -101,000000 0,000000 0,000000
394 1675365202 3066,000000 -1,000000 -101,000000 0,000000 0,000000
394 1675365203 3066,000000 -1,000000 -101,000000 0,000000 0,000000
394 1675365204 292,000000 -1,000000 -101,000000 0,000000 0,000000
394 1675365205 292,000000 -1,000000 -101,000000 0,000000 0,000000
394 1675365206 292,000000 -1,000000 -101,000000 0,000000 0,000000
394 1675365207 292,000000 -1,000000 -101,000000 0,000000 0,000000
394 1675365208 292,000000 -1,000000 -101,000000 0,000000 0,000000
394 1675365209 4817,400000 -1,000000 -101,000000 0,000000 0,000000
394 1675365210 4817,400000 -1,000000 -101,000000 0,000000 0,000000
394 1675365211 4817,400000 -1,000000 -101,000000 0,000000 0,000000
394 1675365212 4817,400000 -1,000000 -101,000000 0,000000 0,000000
394 1675365213 4817,400000 -1,000000 -101,000000 0,000000 0,000000
394 1675365214 4713,200000 -1,000000 -101,000000 0,000000 0,000000
394 1675365215 4713,200000 -1,000000 -101,000000 0,000000 0,000000
394 1675365216 4713,200000 -1,000000 -101,000000 0,000000 0,000000
394 1675365217 4713,200000 -1,000000 -101,000000 0,000000 0,000000
394 1675365218 4713,200000 -1,000000 -101,000000 0,000000 0,000000
394 1675365219 21838,600000 -1,000000 -101,000000 0,000000 0,000000
394 1675365220 21838,600000 -1,000000 -101,000000 0,000000 0,000000
394 1675365221 21838,600000 -1,000000 -101,000000 0,000000 0,000000
394 1675365222 21838,600000 -1,000000 -101,000000 0,000000 0,000000
394 1675365223 21838,600000 -1,000000 -101,000000 0,000000 0,000000
394 1675365224 19748,800000 -1,000000 -101,000000 0,000000 0,000000
394 1675365225 19748,800000 -1,000000 -101,000000 0,000000 0,000000
394 1675365226 19748,800000 -1,000000 -101,000000 0,000000 0,000000
394 1675365227 19748,800000 -1,000000 -101,000000 0,000000 0,000000
394 1675365228 19748,800000 -1,000000 -101,000000 0,000000 0,000000
394 1675365229 4514,000000 -1,000000 -101,000000 0,000000 0,000000
394 1675365230 4514,000000 -1,000000 -101,000000 0,000000 0,000000
394 1675365231 4514,000000 -1,000000 -101,000000 0,000000 0,000000
394 1675365232 4514,000000 -1,000000 -101,000000 0,000000 0,000000
394 1675365233 4514,000000 -1,000000 -101,000000 0,000000 0,000000
394 1675365234 5482,400000 -1,000000 -101,000000 0,000000 0,000000
394 1675365235 5482,400000 -1,000000 -101,000000 0,000000 0,000000
394 1675365236 5482,400000 -1,000000 -101,000000 0,000000 0,000000
394 1675365237 5482,400000 -1,000000 -101,000000 0,000000 0,000000
394 1675365238 5482,400000 -1,000000 -101,000000 0,000000 0,000000
394 1675365239 15597,000000 -1,000000 -101,000000 0,000000 0,000000
394 1675365240 15597,000000 -1,000000 -101,000000 0,000000 0,000000
394 1675365241 15597,000000 -1,000000 -101,000000 0,000000 0,000000
394 1675365242 15597,000000 -1,000000 -101,000000 0,000000 0,000000
394 1675365243 15597,000000 -1,000000 -101,000000 0,000000 0,000000
394 1675365244 12970,400000 -1,000000 -101,000000 0,000000 0,000000
394 1675365245 12970,400000 -1,000000 -101,000000 0,000000 0,000000
394 1675365246 12970,400000 -1,000000 -101,000000 0,000000 0,000000
394 1675365247 12970,400000 -1,000000 -101,000000 0,000000 0,000000
394 1675365248 12970,400000 -1,000000 -101,000000 0,000000 0,000000
394 1675365249 3960,600000 -1,000000 -101,000000 0,000000 0,000000
394 1675365250 3960,600000 -1,000000 -101,000000 0,000000 0,000000
394 1675365251 3960,600000 -1,000000 -101,000000 0,000000 0,000000
394 1675365252 3960,600000 -1,000000 -101,000000 0,000000 0,000000
394 1675365253 3960,600000 -1,000000 -101,000000 0,000000 0,000000
394 1675365254 17817,000000 -1,000000 -101,000000 0,000000 0,000000
394 1675365255 17817,000000 -1,000000 -101,000000 0,000000 0,000000
394 1675365256 17817,000000 -1,000000 -101,000000 0,000000 0,000000
394 1675365257 17817,000000 -1,000000 -101,000000 0,000000 0,000000
394 1675365258 17817,000000 -1,000000 -101,000000 0,000000 0,000000
394 1675365259 4705,600000 -1,000000 -101,000000 0,000000 0,000000
394 1675365260 4705,600000 -1,000000 -101,000000 0,000000 0,000000
394 1675365261 4705,600000 -1,000000 -101,000000 0,000000 0,000000
394 1675365262 4705,600000 -1,000000 -101,000000 0,000000 0,000000
394 1675365263 4705,600000 -1,000000 -101,000000 0,000000 0,000000
394 1675365264 291,800000 -1,000000 -101,000000 0,000000 0,000000
394 1675365265 291,800000 -1,000000 -101,000000 0,000000 0,000000
394 1675365266 291,800000 -1,000000 -101,000000 0,000000 0,000000
394 1675365267 291,800000 -1,000000 -101,000000 0,000000 0,000000
394 1675365268 291,800000 -1,000000 -101,000000 0,000000 0,000000
394 1675365269 5303,400000 -1,000000 -101,000000 0,000000 0,000000
394 1675365270 5303,400000 -1,000000 -101,000000 0,000000 0,000000
394 1675365271 5303,400000 -1,000000 -101,000000 0,000000 0,000000
394 1675365272 5303,400000 -1,000000 -101,000000 0,000000 0,000000
394 1675365273 5303,400000 -1,000000 -101,000000 0,000000 0,000000
394 1675365274 7758,200000 -1,000000 -101,000000 0,000000 0,000000
394 1675365275 7758,200000 -1,000000 -101,000000 0,000000 0,000000
394 1675365276 7758,200000 -1,000000 -101,000000 0,000000 0,000000
394 1675365277 7758,200000 -1,000000 -101,000000 0,000000 0,000000
394 1675365278 7758,200000 -1,000000 -101,000000 0,000000 0,000000
394 1675365279 4674,400000 -1,000000 -101,000000 0,000000 0,000000
394 1675365280 4674,400000 -1,000000 -101,000000 0,000000 0,000000
394 1675365281 4674,400000 -1,000000 -101,000000 0,000000 0,000000
394 1675365282 4674,400000 -1,000000 -101,000000 0,000000 0,000000
394 1675365283 4674,400000 -1,000000 -101,000000 0,000000 0,000000
394 1675365284 5284,800000 -1,000000 -101,000000 0,000000 0,000000
394 1675365285 5284,800000 -1,000000 -101,000000 0,000000 0,000000
394 1675365286 5284,800000 -1,000000 -101,000000 0,000000 0,000000
394 1675365287 5284,800000 -1,000000 -101,000000 0,000000 0,000000
394 1675365288 5284,800000 -1,000000 -101,000000 0,000000 0,000000
394 1675365289 4749,200000 -1,000000 -101,000000 0,000000 0,000000
394 1675365290 4749,200000 -1,000000 -101,000000 0,000000 0,000000
394 1675365291 4749,200000 -1,000000 -101,000000 0,000000 0,000000
394 1675365292 4749,200000 -1,000000 -101,000000 0,000000 0,000000
394 1675365293 4749,200000 -1,000000 -101,000000 0,000000 0,000000
394 1675365294 4803,600000 -1,000000 -101,000000 0,000000 0,000000
394 1675365295 4803,600000 -1,000000 -101,000000 0,000000 0,000000
394 1675365296 4803,600000 -1,000000 -101,000000 0,000000 0,000000
394 1675365297 4803,600000 -1,000000 -101,000000 0,000000 0,000000
394 1675365298 4803,600000 -1,000000 -101,000000 0,000000 0,000000
394 1675365299 13785,800000 -1,000000 -101,000000 0,000000 0,000000
394 1675365300 13785,800000 -1,000000 -101,000000 0,000000 0,000000
394 1675365301 13785,800000 -1,000000 -101,000000 0,000000 0,000000
394 1675365302 13785,800000 -1,000000 -101,000000 0,000000 0,000000
394 1675365303 13785,800000 -1,000000 -101,000000 0,000000 0,000000
394 1675365304 12056,600000 -1,000000 -101,000000 0,000000 0,000000
394 1675365305 12056,600000 -1,000000 -101,000000 0,000000 0,000000
394 1675365306 12056,600000 -1,000000 -101,000000 0,000000 0,000000
394 1675365307 12056,600000 -1,000000 -101,000000 0,000000 0,000000
394 1675365308 12056,600000 -1,000000 -101,000000 0,000000 0,000000
394 1675365309 4492,400000 -1,000000 -101,000000 0,000000 0,000000
394 1675365310 4492,400000 -1,000000 -101,000000 0,000000 0,000000
394 1675365311 4492,400000 -1,000000 -101,000000 0,000000 0,000000
394 1675365312 4492,400000 -1,000000 -101,000000 0,000000 0,000000
394 1675365313 4492,400000 -1,000000 -101,000000 0,000000 0,000000
394 1675365314 13772,400000 -1,000000 -101,000000 0,000000 0,000000
394 1675365315 13772,400000 -1,000000 -101,000000 0,000000 0,000000
394 1675365316 13772,400000 -1,000000 -101,000000 0,000000 0,000000
394 1675365317 13772,400000 -1,000000 -101,000000 0,000000 0,000000
394 1675365318 13772,400000 -1,000000 -101,000000 0,000000 0,000000
394 1675365319 13891,600000 -1,000000 -101,000000 0,000000 0,000000
394 1675365320 13891,600000 -1,000000 -101,000000 0,000000 0,000000
394 1675365321 13891,600000 -1,000000 -101,000000 0,000000 0,000000
394 1675365322 13891,600000 -1,000000 -101,000000 0,000000 0,000000
394 1675365323 13891,600000 -1,000000 -101,000000 0,000000 0,000000
394 1675365324 12656,400000 -1,000000 -101,000000 0,000000 0,000000
394 1675365325 12656,400000 -1,000000 -101,000000 0,000000 0,000000
394 1675365326 12656,400000 -1,000000 -101,000000 0,000000 0,000000
394 1675365327 12656,400000 -1,000000 -101,000000 0,000000 0,000000
394 1675365328 12656,400000 -1,000000 -101,000000 0,000000 0,000000
394 1675365329 12180,000000 -1,000000 -101,000000 0,000000 0,000000
394 1675365330 12180,000000 -1,000000 -101,000000 0,000000 0,000000
394 1675365331 12180,000000 -1,000000 -101,000000 0,000000 0,000000
394 1675365332 12180,000000 -1,000000 -101,000000 0,000000 0,000000
394 1675365333 12180,000000 -1,000000 -101,000000 0,000000 0,000000
394 1675365334 14182,200000 -1,000000 -101,000000 0,000000 0,000000
394 1675365335 14182,200000 -1,000000 -101,000000 0,000000 0,000000
394 1675365336 14182,200000 -1,000000 -101,000000 0,000000 0,000000
394 1675365337 14182,200000 -1,000000 -101,000000 0,000000 0,000000
394 1675365338 14182,200000 -1,000000 -101,000000 0,000000 0,000000
394 1675365339 4518,600000 -1,000000 -101,000000 0,000000 0,000000
394 1675365340 4518,600000 -1,000000 -101,000000 0,000000 0,000000
394 1675365341 4518,600000 -1,000000 -101,000000 0,000000 0,000000
394 1675365342 4518,600000 -1,000000 -101,000000 0,000000 0,000000
394 1675365343 4518,600000 -1,000000 -101,000000 0,000000 0,000000
394 1675365344 9377,400000 -1,000000 -101,000000 0,000000 0,000000
394 1675365345 9377,400000 -1,000000 -101,000000 0,000000 0,000000
394 1675365346 9377,400000 -1,000000 -101,000000 0,000000 0,000000
394 1675365347 9377,400000 -1,000000 -101,000000 0,000000 0,000000
394 1675365348 9377,400000 -1,000000 -101,000000 0,000000 0,000000
394 1675365349 8200,400000 -1,000000 -101,000000 0,000000 0,000000
394 1675365350 8200,400000 -1,000000 -101,000000 0,000000 0,000000
394 1675365351 8200,400000 -1,000000 -101,000000 0,000000 0,000000
394 1675365352 8200,400000 -1,000000 -101,000000 0,000000 0,000000
394 1675365353 8200,400000 -1,000000 -101,000000 0,000000 0,000000
394 1675365354 2258,600000 -1,000000 -101,000000 0,000000 0,000000
394 1675365355 2258,600000 -1,000000 -101,000000 0,000000 0,000000
394 1675365356 2258,600000 -1,000000 -101,000000 0,000000 0,000000
394 1675365357 2258,600000 -1,000000 -101,000000 0,000000 0,000000
394 1675365358 2258,600000 -1,000000 -101,000000 0,000000 0,000000
394 1675365359 5806,000000 -1,000000 -101,000000 0,000000 0,000000
394 1675365360 5806,000000 -1,000000 -101,000000 0,000000 0,000000
394 1675365361 5806,000000 -1,000000 -101,000000 0,000000 0,000000
394 1675365362 5806,000000 -1,000000 -101,000000 0,000000 0,000000
394 1675365363 5806,000000 -1,000000 -101,000000 0,000000 0,000000
394 1675365364 29057,800000 -1,000000 -101,000000 0,000000 0,000000
394 1675365365 29057,800000 -1,000000 -101,000000 0,000000 0,000000
394 1675365366 29057,800000 -1,000000 -101,000000 0,000000 0,000000
394 1675365367 29057,800000 -1,000000 -101,000000 0,000000 0,000000
394 1675365368 29057,800000 -1,000000 -101,000000 0,000000 0,000000
394 1675365369 1710,600000 -1,000000 -101,000000 0,000000 0,000000
394 1675365370 1710,600000 -1,000000 -101,000000 0,000000 0,000000
394 1675365371 1710,600000 -1,000000 -101,000000 0,000000 0,000000
394 1675365372 1710,600000 -1,000000 -101,000000 0,000000 0,000000
394 1675365373 1710,600000 -1,000000 -101,000000 0,000000 0,000000
394 1675365374 1894,000000 -1,000000 -101,000000 0,000000 0,000000
394 1675365375 1894,000000 -1,000000 -101,000000 0,000000 0,000000
394 1675365376 1894,000000 -1,000000 -101,000000 0,000000 0,000000
394 1675365377 1894,000000 -1,000000 -101,000000 0,000000 0,000000
394 1675365378 1894,000000 -1,000000 -101,000000 0,000000 0,000000
394 1675365379 14495,800000 -1,000000 -101,000000 0,000000 0,000000
394 1675365380 14495,800000 -1,000000 -101,000000 0,000000 0,000000
394 1675365381 14495,800000 -1,000000 -101,000000 0,000000 0,000000
394 1675365382 14495,800000 -1,000000 -101,000000 0,000000 0,000000
394 1675365383 14495,800000 -1,000000 -101,000000 0,000000 0,000000
394 1675365384 2592,800000 -1,000000 -101,000000 0,000000 0,000000
394 1675365385 2592,800000 -1,000000 -101,000000 0,000000 0,000000
394 1675365386 2592,800000 -1,000000 -101,000000 0,000000 0,000000
394 1675365387 2592,800000 -1,000000 -101,000000 0,000000 0,000000
394 1675365388 2592,800000 -1,000000 -101,000000 0,000000 0,000000
394 1675365389 1851,600000 -1,000000 -101,000000 0,000000 0,000000
394 1675365390 1851,600000 -1,000000 -101,000000 0,000000 0,000000
394 1675365391 1851,600000 -1,000000 -101,000000 0,000000 0,000000
394 1675365392 1851,600000 -1,000000 -101,000000 0,000000 0,000000
394 1675365393 1851,600000 -1,000000 -101,000000 0,000000 0,000000
394 1675365394 3251,000000 -1,000000 -101,000000 0,000000 0,000000
394 1675365395 3251,000000 -1,000000 -101,000000 0,000000 0,000000
394 1675365396 3251,000000 -1,000000 -101,000000 0,000000 0,000000
394 1675365397 3251,000000 -1,000000 -101,000000 0,000000 0,000000
394 1675365398 3251,000000 -1,000000 -101,000000 0,000000 0,000000
394 1675365399 5777,000000 -1,000000 -101,000000 0,000000 0,000000
394 1675365400 5777,000000 -1,000000 -101,000000 0,000000 0,000000
394 1675365401 5777,000000 -1,000000 -101,000000 0,000000 0,000000
394 1675365402 5777,000000 -1,000000 -101,000000 0,000000 0,000000
394 1675365403 5777,000000 -1,000000 -101,000000 0,000000 0,000000
394 1675365404 7375,600000 -1,000000 -101,000000 0,000000 0,000000
394 1675365405 7375,600000 -1,000000 -101,000000 0,000000 0,000000
394 1675365406 7375,600000 -1,000000 -101,000000 0,000000 0,000000
394 1675365407 7375,600000 -1,000000 -101,000000 0,000000 0,000000
394 1675365408 7375,600000 -1,000000 -101,000000 0,000000 0,000000
394 1675365409 18334,200000 -1,000000 -101,000000 0,000000 0,000000
394 1675365410 18334,200000 -1,000000 -101,000000 0,000000 0,000000
394 1675365411 18334,200000 -1,000000 -101,000000 0,000000 0,000000
394 1675365412 18334,200000 -1,000000 -101,000000 0,000000 0,000000
394 1675365413 18334,200000 -1,000000 -101,000000 0,000000 0,000000
394 1675365414 5893,600000 -1,000000 -101,000000 0,000000 0,000000
394 1675365415 5893,600000 -1,000000 -101,000000 0,000000 0,000000
394 1675365416 5893,600000 -1,000000 -101,000000 0,000000 0,000000
394 1675365417 5893,600000 -1,000000 -101,000000 0,000000 0,000000
394 1675365418 5893,600000 -1,000000 -101,000000 0,000000 0,000000
394 1675365419 19052,600000 -1,000000 -101,000000 0,000000 0,000000
394 1675365420 19052,600000 -1,000000 -101,000000 0,000000 0,000000
394 1675365421 19052,600000 -1,000000 -101,000000 0,000000 0,000000
394 1675365422 19052,600000 -1,000000 -101,000000 0,000000 0,000000
394 1675365423 19052,600000 -1,000000 -101,000000 0,000000 0,000000
394 1675365424 18846,400000 -1,000000 -101,000000 0,000000 0,000000
394 1675365425 18846,400000 -1,000000 -101,000000 0,000000 0,000000
394 1675365426 18846,400000 -1,000000 -101,000000 0,000000 0,000000
394 1675365427 18846,400000 -1,000000 -101,000000 0,000000 0,000000
394 1675365428 18846,400000 -1,000000 -101,000000 0,000000 0,000000
394 1675365429 31853,400000 -1,000000 -101,000000 0,000000 0,000000
394 1675365430 31853,400000 -1,000000 -101,000000 0,000000 0,000000
394 1675365431 31853,400000 -1,000000 -101,000000 0,000000 0,000000
394 1675365432 31853,400000 -1,000000 -101,000000 0,000000 0,000000
394 1675365433 31853,400000 -1,000000 -101,000000 0,000000 0,000000
394 1675365434 4095,800000 -1,000000 -101,000000 0,000000 0,000000
394 1675365435 4095,800000 -1,000000 -101,000000 0,000000 0,000000
394 1675365436 4095,800000 -1,000000 -101,000000 0,000000 0,000000
394 1675365437 4095,800000 -1,000000 -101,000000 0,000000 0,000000
394 1675365438 4095,800000 -1,000000 -101,000000 0,000000 0,000000
394 1675365439 26017,600000 -1,000000 -101,000000 0,000000 0,000000
394 1675365440 26017,600000 -1,000000 -101,000000 0,000000 0,000000
394 1675365441 26017,600000 -1,000000 -101,000000 0,000000 0,000000
394 1675365442 26017,600000 -1,000000 -101,000000 0,000000 0,000000
394 1675365443 26017,600000 -1,000000 -101,000000 0,000000 0,000000
394 1675365444 556,600000 -1,000000 -101,000000 0,000000 0,000000
394 1675365445 556,600000 -1,000000 -101,000000 0,000000 0,000000
394 1675365446 556,600000 -1,000000 -101,000000 0,000000 0,000000
394 1675365447 556,600000 -1,000000 -101,000000 0,000000 0,000000
394 1675365448 556,600000 -1,000000 -101,000000 0,000000 0,000000
394 1675365449 1083,600000 -1,000000 -101,000000 0,000000 0,000000
394 1675365450 1083,600000 -1,000000 -101,000000 0,000000 0,000000
394 1675365451 1083,600000 -1,000000 -101,000000 0,000000 0,000000
394 1675365452 1083,600000 -1,000000 -101,000000 0,000000 0,000000
394 1675365453 1083,600000 -1,000000 -101,000000 0,000000 0,000000
394 1675365459 3738,200000 -1,000000 -101,000000 0,000000 0,000000
394 1675365460 3738,200000 -1,000000 -101,000000 0,000000 0,000000
394 1675365461 3738,200000 -1,000000 -101,000000 0,000000 0,000000
394 1675365462 3738,200000 -1,000000 -101,000000 0,000000 0,000000
394 1675365463 3738,200000 -1,000000 -101,000000 0,000000 0,000000
394 1675365464 6260,600000 -1,000000 -101,000000 0,000000 0,000000
394 1675365465 6260,600000 -1,000000 -101,000000 0,000000 0,000000
394 1675365466 6260,600000 -1,000000 -101,000000 0,000000 0,000000
394 1675365467 6260,600000 -1,000000 -101,000000 0,000000 0,000000
394 1675365468 6260,600000 -1,000000 -101,000000 0,000000 0,000000
394 1675365469 7501,600000 -1,000000 -101,000000 0,000000 0,000000
394 1675365470 7501,600000 -1,000000 -101,000000 0,000000 0,000000
394 1675365471 7501,600000 -1,000000 -101,000000 0,000000 0,000000
394 1675365472 7501,600000 -1,000000 -101,000000 0,000000 0,000000
394 1675365473 7501,600000 -1,000000 -101,000000 0,000000 0,000000
394 1675365474 5756,000000 -1,000000 -101,000000 0,000000 0,000000
394 1675365475 5756,000000 -1,000000 -101,000000 0,000000 0,000000
394 1675365476 5756,000000 -1,000000 -101,000000 0,000000 0,000000
394 1675365477 5756,000000 -1,000000 -101,000000 0,000000 0,000000
394 1675365478 5756,000000 -1,000000 -101,000000 0,000000 0,000000
394 1675365479 5426,000000 -1,000000 -101,000000 0,000000 0,000000
394 1675365480 5426,000000 -1,000000 -101,000000 0,000000 0,000000
394 1675365481 5426,000000 -1,000000 -101,000000 0,000000 0,000000
394 1675365482 5426,000000 -1,000000 -101,000000 0,000000 0,000000
394 1675365483 5426,000000 -1,000000 -101,000000 0,000000 0,000000
394 1675365484 5472,400000 -1,000000 -101,000000 0,000000 0,000000
394 1675365485 5472,400000 -1,000000 -101,000000 0,000000 0,000000
394 1675365486 5472,400000 -1,000000 -101,000000 0,000000 0,000000
394 1675365487 5472,400000 -1,000000 -101,000000 0,000000 0,000000
394 1675365488 5472,400000 -1,000000 -101,000000 0,000000 0,000000
394 1675365489 31092,000000 -1,000000 -101,000000 0,000000 0,000000
394 1675365490 31092,000000 -1,000000 -101,000000 0,000000 0,000000
394 1675365491 31092,000000 -1,000000 -101,000000 0,000000 0,000000
394 1675365492 31092,000000 -1,000000 -101,000000 0,000000 0,000000
394 1675365493 31092,000000 -1,000000 -101,000000 0,000000 0,000000
394 1675365494 6150,600000 -1,000000 -101,000000 0,000000 0,000000
394 1675365495 6150,600000 -1,000000 -101,000000 0,000000 0,000000
394 1675365496 6150,600000 -1,000000 -101,000000 0,000000 0,000000
394 1675365497 6150,600000 -1,000000 -101,000000 0,000000 0,000000
394 1675365498 6150,600000 -1,000000 -101,000000 0,000000 0,000000
394 1675365499 5102,400000 -1,000000 -101,000000 0,000000 0,000000
394 1675365500 5102,400000 -1,000000 -101,000000 0,000000 0,000000
394 1675365501 5102,400000 -1,000000 -101,000000 0,000000 0,000000
394 1675365502 5102,400000 -1,000000 -101,000000 0,000000 0,000000
394 1675365503 5102,400000 -1,000000 -101,000000 0,000000 0,000000
394 1675365504 15024,800000 -1,000000 -101,000000 0,000000 0,000000
394 1675365505 15024,800000 -1,000000 -101,000000 0,000000 0,000000
394 1675365506 15024,800000 -1,000000 -101,000000 0,000000 0,000000
394 1675365507 15024,800000 -1,000000 -101,000000 0,000000 0,000000
394 1675365508 15024,800000 -1,000000 -101,000000 0,000000 0,000000
394 1675365509 4882,400000 -1,000000 -101,000000 0,000000 0,000000
394 1675365510 4882,400000 -1,000000 -101,000000 0,000000 0,000000
394 1675365511 4882,400000 -1,000000 -101,000000 0,000000 0,000000
394 1675365512 4882,400000 -1,000000 -101,000000 0,000000 0,000000
394 1675365513 4882,400000 -1,000000 -101,000000 0,000000 0,000000
394 1675365514 3698,800000 -1,000000 -101,000000 0,000000 0,000000
394 1675365515 3698,800000 -1,000000 -101,000000 0,000000 0,000000
394 1675365516 3698,800000 -1,000000 -101,000000 0,000000 0,000000
394 1675365517 3698,800000 -1,000000 -101,000000 0,000000 0,000000
394 1675365518 3698,800000 -1,000000 -101,000000 0,000000 0,000000
394 1675365519 31931,800000 -1,000000 -101,000000 0,000000 0,000000
394 1675365520 31931,800000 -1,000000 -101,000000 0,000000 0,000000
394 1675365521 31931,800000 -1,000000 -101,000000 0,000000 0,000000
394 1675365522 31931,800000 -1,000000 -101,000000 0,000000 0,000000
394 1675365523 31931,800000 -1,000000 -101,000000 0,000000 0,000000
394 1675365524 19369,200000 -1,000000 -101,000000 0,000000 0,000000
394 1675365525 19369,200000 -1,000000 -101,000000 0,000000 0,000000
394 1675365526 19369,200000 -1,000000 -101,000000 0,000000 0,000000
394 1675365527 19369,200000 -1,000000 -101,000000 0,000000 0,000000
394 1675365528 19369,200000 -1,000000 -101,000000 0,000000 0,000000
394 1675365529 18280,000000 -1,000000 -101,000000 0,000000 0,000000
394 1675365530 18280,000000 -1,000000 -101,000000 0,000000 0,000000
394 1675365531 18280,000000 -1,000000 -101,000000 0,000000 0,000000
394 1675365532 18280,000000 -1,000000 -101,000000 0,000000 0,000000
394 1675365533 18280,000000 -1,000000 -101,000000 0,000000 0,000000
394 1675365534 15730,200000 -1,000000 -101,000000 0,000000 0,000000
394 1675365535 15730,200000 -1,000000 -101,000000 0,000000 0,000000
394 1675365536 15730,200000 -1,000000 -101,000000 0,000000 0,000000
394 1675365537 15730,200000 -1,000000 -101,000000 0,000000 0,000000
394 1675365538 15730,200000 -1,000000 -101,000000 0,000000 0,000000
394 1675365539 5288,400000 -1,000000 -101,000000 0,000000 0,000000
394 1675365540 5288,400000 -1,000000 -101,000000 0,000000 0,000000
394 1675365541 5288,400000 -1,000000 -101,000000 0,000000 0,000000
394 1675365542 5288,400000 -1,000000 -101,000000 0,000000 0,000000
394 1675365543 5288,400000 -1,000000 -101,000000 0,000000 0,000000
394 1675365544 5794,800000 -1,000000 -101,000000 0,000000 0,000000
394 1675365545 5794,800000 -1,000000 -101,000000 0,000000 0,000000
394 1675365546 5794,800000 -1,000000 -101,000000 0,000000 0,000000
394 1675365547 5794,800000 -1,000000 -101,000000 0,000000 0,000000
394 1675365548 5794,800000 -1,000000 -101,000000 0,000000 0,000000
394 1675365549 20268,400000 -1,000000 -101,000000 0,000000 0,000000
394 1675365550 20268,400000 -1,000000 -101,000000 0,000000 0,000000
394 1675365551 20268,400000 -1,000000 -101,000000 0,000000 0,000000
394 1675365552 20268,400000 -1,000000 -101,000000 0,000000 0,000000
394 1675365553 20268,400000 -1,000000 -101,000000 0,000000 0,000000
394 1675365554 13234,600000 -1,000000 -101,000000 0,000000 0,000000
394 1675365555 13234,600000 -1,000000 -101,000000 0,000000 0,000000
394 1675365556 13234,600000 -1,000000 -101,000000 0,000000 0,000000
394 1675365557 13234,600000 -1,000000 -101,000000 0,000000 0,000000
394 1675365558 13234,600000 -1,000000 -101,000000 0,000000 0,000000
394 1675365559 4436,200000 -1,000000 -101,000000 0,000000 0,000000
394 1675365560 4436,200000 -1,000000 -101,000000 0,000000 0,000000
394 1675365561 4436,200000 -1,000000 -101,000000 0,000000 0,000000
394 1675365562 4436,200000 -1,000000 -101,000000 0,000000 0,000000
394 1675365563 4436,200000 -1,000000 -101,000000 0,000000 0,000000
394 1675365564 18338,600000 -1,000000 -101,000000 0,000000 0,000000
394 1675365565 18338,600000 -1,000000 -101,000000 0,000000 0,000000
394 1675365566 18338,600000 -1,000000 -101,000000 0,000000 0,000000
394 1675365567 18338,600000 -1,000000 -101,000000 0,000000 0,000000
394 1675365568 18338,600000 -1,000000 -101,000000 0,000000 0,000000
394 1675365569 4776,600000 -1,000000 -101,000000 0,000000 0,000000
394 1675365570 4776,600000 -1,000000 -101,000000 0,000000 0,000000
394 1675365571 4776,600000 -1,000000 -101,000000 0,000000 0,000000
394 1675365572 4776,600000 -1,000000 -101,000000 0,000000 0,000000
394 1675365573 4776,600000 -1,000000 -101,000000 0,000000 0,000000
394 1675365574 5102,400000 -1,000000 -101,000000 0,000000 0,000000
394 1675365575 5102,400000 -1,000000 -101,000000 0,000000 0,000000
394 1675365576 5102,400000 -1,000000 -101,000000 0,000000 0,000000
394 1675365577 5102,400000 -1,000000 -101,000000 0,000000 0,000000
394 1675365578 5102,400000 -1,000000 -101,000000 0,000000 0,000000
394 1675365579 2145,200000 -1,000000 -101,000000 0,000000 0,000000
394 1675365580 2145,200000 -1,000000 -101,000000 0,000000 0,000000
394 1675365581 2145,200000 -1,000000 -101,000000 0,000000 0,000000
394 1675365582 2145,200000 -1,000000 -101,000000 0,000000 0,000000
394 1675365583 2145,200000 -1,000000 -101,000000 0,000000 0,000000
394 1675365584 4818,400000 -1,000000 -101,000000 0,000000 0,000000
394 1675365585 4818,400000 -1,000000 -101,000000 0,000000 0,000000
394 1675365586 4818,400000 -1,000000 -101,000000 0,000000 0,000000
394 1675365587 4818,400000 -1,000000 -101,000000 0,000000 0,000000
394 1675365588 4818,400000 -1,000000 -101,000000 0,000000 0,000000
394 1675365589 4162,600000 -1,000000 -101,000000 0,000000 0,000000
394 1675365590 4162,600000 -1,000000 -101,000000 0,000000 0,000000
394 1675365591 4162,600000 -1,000000 -101,000000 0,000000 0,000000
394 1675365592 4162,600000 -1,000000 -101,000000 0,000000 0,000000
394 1675365593 4162,600000 -1,000000 -101,000000 0,000000 0,000000
394 1675365594 3120,000000 -1,000000 -101,000000 0,000000 0,000000
394 1675365595 3120,000000 -1,000000 -101,000000 0,000000 0,000000
394 1675365596 3120,000000 -1,000000 -101,000000 0,000000 0,000000
394 1675365597 3120,000000 -1,000000 -101,000000 0,000000 0,000000
394 1675365598 3120,000000 -1,000000 -101,000000 0,000000 0,000000
394 1675365599 3116,600000 -1,000000 -101,000000 0,000000 0,000000
394 1675365600 3116,600000 -1,000000 -101,000000 0,000000 0,000000
394 1675365663 3116,200000 -1,000000 3116,200000 3116,200000 3884280,976000
394 1675365662 3116,200000 -1,000000 3116,200000 3116,200000 3884280,976000
394 1675365661 3116,200000 -1,000000 3116,200000 3116,200000 3884280,976000
394 1675365660 3116,200000 -1,000000 3116,200000 3116,200000 3884280,976000
394 1675365659 3116,200000 -1,000000 3116,200000 3116,200000 3884280,976000
394 1675365658 7486,200000 -1,000000 7486,200000 7486,200000 22417276,176000
394 1675365657 7486,200000 -1,000000 7486,200000 7486,200000 22417276,176000
394 1675365656 7486,200000 -1,000000 7486,200000 7486,200000 22417276,176000
394 1675365655 7486,200000 -1,000000 7486,200000 7486,200000 22417276,176000
394 1675365654 7486,200000 -1,000000 7486,200000 7486,200000 22417276,176000
394 1675365653 7780,000000 -1,000000 7780,000000 7780,000000 24211360,000000
394 1675365652 7780,000000 -1,000000 7780,000000 7780,000000 24211360,000000
394 1675365651 7780,000000 -1,000000 7780,000000 7780,000000 24211360,000000
394 1675365650 7780,000000 -1,000000 7780,000000 7780,000000 24211360,000000
394 1675365649 7780,000000 -1,000000 7780,000000 7780,000000 24211360,000000
394 1675365648 4817,200000 -1,000000 4817,200000 4817,200000 9282166,336000
394 1675365647 4817,200000 -1,000000 4817,200000 4817,200000 9282166,336000
394 1675365646 4817,200000 -1,000000 4817,200000 4817,200000 9282166,336000
394 1675365645 4817,200000 -1,000000 4817,200000 4817,200000 9282166,336000
394 1675365644 4817,200000 -1,000000 4817,200000 4817,200000 9282166,336000
394 1675365643 1376,800000 -1,000000 1376,800000 1376,800000 758231,296000
394 1675365642 1376,800000 -1,000000 1376,800000 1376,800000 758231,296000
394 1675365641 1376,800000 -1,000000 1376,800000 1376,800000 758231,296000
394 1675365640 1376,800000 -1,000000 1376,800000 1376,800000 758231,296000
394 1675365639 1376,800000 -1,000000 1376,800000 1376,800000 758231,296000
394 1675365638 18628,600000 -1,000000 18628,600000 18628,600000 138809895,184000
394 1675365637 18628,600000 -1,000000 18628,600000 18628,600000 138809895,184000
394 1675365636 18628,600000 -1,000000 18628,600000 18628,600000 138809895,184000
394 1675365635 18628,600000 -1,000000 18628,600000 18628,600000 138809895,184000
394 1675365634 18628,600000 -1,000000 18628,600000 18628,600000 138809895,184000
394 1675365633 29985,600000 -1,000000 29985,600000 29985,600000 359654482,944000
394 1675365632 29985,600000 -1,000000 29985,600000 29985,600000 359654482,944000
394 1675365631 29985,600000 -1,000000 29985,600000 29985,600000 359654482,944000
394 1675365630 29985,600000 -1,000000 29985,600000 29985,600000 359654482,944000
394 1675365629 29985,600000 -1,000000 29985,600000 29985,600000 359654482,944000
394 1675365628 27893,200000 -1,000000 27893,200000 27893,200000 311212242,496000
394 1675365627 27893,200000 -1,000000 27893,200000 27893,200000 311212242,496000
394 1675365626 27893,200000 -1,000000 27893,200000 27893,200000 311212242,496000
394 1675365625 27893,200000 -1,000000 27893,200000 27893,200000 311212242,496000
394 1675365624 27893,200000 -1,000000 27893,200000 27893,200000 311212242,496000
394 1675365623 19313,200000 -1,000000 19313,200000 19313,200000 149199877,696000
394 1675365622 19313,200000 -1,000000 19313,200000 19313,200000 149199877,696000
394 1675365621 19313,200000 -1,000000 19313,200000 19313,200000 149199877,696000
394 1675365620 19313,200000 -1,000000 19313,200000 19313,200000 149199877,696000
394 1675365619 19313,200000 -1,000000 19313,200000 19313,200000 149199877,696000
394 1675365618 35777,600000 -1,000000 35777,600000 35777,600000 512014664,704000
394 1675365617 35777,600000 -1,000000 35777,600000 35777,600000 512014664,704000
394 1675365616 35777,600000 -1,000000 35777,600000 35777,600000 512014664,704000
394 1675365615 35777,600000 -1,000000 35777,600000 35777,600000 512014664,704000
394 1675365614 35777,600000 -1,000000 35777,600000 35777,600000 512014664,704000
394 1675365613 5059,800000 -1,000000 5059,800000 5059,800000 10240630,416000
394 1675365612 5059,800000 -1,000000 5059,800000 5059,800000 10240630,416000
394 1675365611 5059,800000 -1,000000 5059,800000 5059,800000 10240630,416000
394 1675365610 5059,800000 -1,000000 5059,800000 5059,800000 10240630,416000
394 1675365609 5059,800000 -1,000000 5059,800000 5059,800000 10240630,416000
394 1675365608 4315,000000 -1,000000 4315,000000 4315,000000 7447690,000000
394 1675365607 4315,000000 -1,000000 4315,000000 4315,000000 7447690,000000
394 1675365606 4315,000000 -1,000000 4315,000000 4315,000000 7447690,000000
394 1675365605 4315,000000 -1,000000 4315,000000 4315,000000 7447690,000000
394 1675365604 4315,000000 -1,000000 4315,000000 4315,000000 7447690,000000
394 1675365603 3116,600000 -1,000000 3116,600000 3116,600000 3885278,224000
394 1675365602 3116,600000 -1,000000 3116,600000 3116,600000 3885278,224000
394 1675365601 3116,600000 -1,000000 3116,600000 3116,600000 3885278,224000
394 1675365601 3116,600000 -1,000000 -101,000000 0,000000 0,000000
394 1675365602 3116,600000 -1,000000 -101,000000 0,000000 0,000000
394 1675365603 3116,600000 -1,000000 -101,000000 0,000000 0,000000
394 1675365604 4315,000000 -1,000000 -101,000000 0,000000 0,000000
394 1675365605 4315,000000 -1,000000 -101,000000 0,000000 0,000000
394 1675365606 4315,000000 -1,000000 -101,000000 0,000000 0,000000
394 1675365607 4315,000000 -1,000000 -101,000000 0,000000 0,000000
394 1675365608 4315,000000 -1,000000 -101,000000 0,000000 0,000000
394 1675365609 5059,800000 -1,000000 -101,000000 0,000000 0,000000
394 1675365610 5059,800000 -1,000000 -101,000000 0,000000 0,000000
394 1675365611 5059,800000 -1,000000 -101,000000 0,000000 0,000000
394 1675365612 5059,800000 -1,000000 -101,000000 0,000000 0,000000
394 1675365613 5059,800000 -1,000000 -101,000000 0,000000 0,000000
394 1675365614 35777,600000 -1,000000 -101,000000 0,000000 0,000000
394 1675365615 35777,600000 -1,000000 -101,000000 0,000000 0,000000
394 1675365616 35777,600000 -1,000000 -101,000000 0,000000 0,000000
394 1675365617 35777,600000 -1,000000 -101,000000 0,000000 0,000000
394 1675365618 35777,600000 -1,000000 -101,000000 0,000000 0,000000
394 1675365619 19313,200000 -1,000000 -101,000000 0,000000 0,000000
394 1675365620 19313,200000 -1,000000 -101,000000 0,000000 0,000000
394 1675365621 19313,200000 -1,000000 -101,000000 0,000000 0,000000
394 1675365622 19313,200000 -1,000000 -101,000000 0,000000 0,000000
394 1675365623 19313,200000 -1,000000 -101,000000 0,000000 0,000000
394 1675365624 27893,200000 -1,000000 -101,000000 0,000000 0,000000
394 1675365625 27893,200000 -1,000000 -101,000000 0,000000 0,000000
394 1675365626 27893,200000 -1,000000 -101,000000 0,000000 0,000000
394 1675365627 27893,200000 -1,000000 -101,000000 0,000000 0,000000
394 1675365628 27893,200000 -1,000000 -101,000000 0,000000 0,000000
394 1675365629 29985,600000 -1,000000 -101,000000 0,000000 0,000000
394 1675365630 29985,600000 -1,000000 -101,000000 0,000000 0,000000
394 1675365631 29985,600000 -1,000000 -101,000000 0,000000 0,000000
394 1675365632 29985,600000 -1,000000 -101,000000 0,000000 0,000000
394 1675365633 29985,600000 -1,000000 -101,000000 0,000000 0,000000
394 1675365634 18628,600000 -1,000000 -101,000000 0,000000 0,000000
394 1675365635 18628,600000 -1,000000 -101,000000 0,000000 0,000000
394 1675365636 18628,600000 -1,000000 -101,000000 0,000000 0,000000
394 1675365637 18628,600000 -1,000000 -101,000000 0,000000 0,000000
394 1675365638 18628,600000 -1,000000 -101,000000 0,000000 0,000000
394 1675365639 1376,800000 -1,000000 -101,000000 0,000000 0,000000
394 1675365640 1376,800000 -1,000000 -101,000000 0,000000 0,000000
394 1675365641 1376,800000 -1,000000 -101,000000 0,000000 0,000000
394 1675365642 1376,800000 -1,000000 -101,000000 0,000000 0,000000
394 1675365643 1376,800000 -1,000000 -101,000000 0,000000 0,000000
394 1675365644 4817,200000 -1,000000 -101,000000 0,000000 0,000000
394 1675365645 4817,200000 -1,000000 -101,000000 0,000000 0,000000
394 1675365646 4817,200000 -1,000000 -101,000000 0,000000 0,000000
394 1675365647 4817,200000 -1,000000 -101,000000 0,000000 0,000000
394 1675365648 4817,200000 -1,000000 -101,000000 0,000000 0,000000
394 1675365649 7780,000000 -1,000000 -101,000000 0,000000 0,000000
394 1675365650 7780,000000 -1,000000 -101,000000 0,000000 0,000000
394 1675365651 7780,000000 -1,000000 -101,000000 0,000000 0,000000
394 1675365652 7780,000000 -1,000000 -101,000000 0,000000 0,000000
394 1675365653 7780,000000 -1,000000 -101,000000 0,000000 0,000000
394 1675365654 7486,200000 -1,000000 -101,000000 0,000000 0,000000
394 1675365655 7486,200000 -1,000000 -101,000000 0,000000 0,000000
394 1675365656 7486,200000 -1,000000 -101,000000 0,000000 0,000000
394 1675365657 7486,200000 -1,000000 -101,000000 0,000000 0,000000
394 1675365658 7486,200000 -1,000000 -101,000000 0,000000 0,000000
394 1675365659 3116,200000 -1,000000 -101,000000 0,000000 0,000000
394 1675365660 3116,200000 -1,000000 -101,000000 0,000000 0,000000
394 1675365661 3116,200000 -1,000000 -101,000000 0,000000 0,000000
394 1675365662 3116,200000 -1,000000 -101,000000 0,000000 0,000000
394 1675365663 3116,200000 -1,000000 -101,000000 0,000000 0,000000
394 1675365664 3537,600000 -1,000000 -101,000000 0,000000 0,000000
394 1675365665 3537,600000 -1,000000 -101,000000 0,000000 0,000000
394 1675365666 3537,600000 -1,000000 -101,000000 0,000000 0,000000
394 1675365667 3537,600000 -1,000000 -101,000000 0,000000 0,000000
394 1675365668 3537,600000 -1,000000 -101,000000 0,000000 0,000000
394 1675365669 4007,000000 -1,000000 -101,000000 0,000000 0,000000
394 1675365670 4007,000000 -1,000000 -101,000000 0,000000 0,000000
394 1675365671 4007,000000 -1,000000 -101,000000 0,000000 0,000000
394 1675365672 4007,000000 -1,000000 -101,000000 0,000000 0,000000
394 1675365673 4007,000000 -1,000000 -101,000000 0,000000 0,000000
394 1675365674 14211,800000 -1,000000 -101,000000 0,000000 0,000000
394 1675365675 14211,800000 -1,000000 -101,000000 0,000000 0,000000
394 1675365676 14211,800000 -1,000000 -101,000000 0,000000 0,000000
394 1675365677 14211,800000 -1,000000 -101,000000 0,000000 0,000000
394 1675365678 14211,800000 -1,000000 -101,000000 0,000000 0,000000
394 1675365679 14171,800000 -1,000000 -101,000000 0,000000 0,000000
394 1675365680 14171,800000 -1,000000 -101,000000 0,000000 0,000000
394 1675365681 14171,800000 -1,000000 -101,000000 0,000000 0,000000
394 1675365682 14171,800000 -1,000000 -101,000000 0,000000 0,000000
394 1675365683 14171,800000 -1,000000 -101,000000 0,000000 0,000000
394 1675365684 3497,200000 -1,000000 -101,000000 0,000000 0,000000
394 1675365685 3497,200000 -1,000000 -101,000000 0,000000 0,000000
394 1675365686 3497,200000 -1,000000 -101,000000 0,000000 0,000000
394 1675365687 3497,200000 -1,000000 -101,000000 0,000000 0,000000
394 1675365688 3497,200000 -1,000000 -101,000000 0,000000 0,000000
394 1675365689 3119,200000 -1,000000 -101,000000 0,000000 0,000000
394 1675365690 3119,200000 -1,000000 -101,000000 0,000000 0,000000
394 1675365691 3119,200000 -1,000000 -101,000000 0,000000 0,000000
394 1675365692 3119,200000 -1,000000 -101,000000 0,000000 0,000000
394 1675365693 3119,200000 -1,000000 -101,000000 0,000000 0,000000
394 1675365694 2343,000000 -1,000000 -101,000000 0,000000 0,000000
394 1675365695 2343,000000 -1,000000 -101,000000 0,000000 0,000000
394 1675365696 2343,000000 -1,000000 -101,000000 0,000000 0,000000
394 1675365697 2343,000000 -1,000000 -101,000000 0,000000 0,000000
394 1675365698 2343,000000 -1,000000 -101,000000 0,000000 0,000000
394 1675365699 2036,400000 -1,000000 -101,000000 0,000000 0,000000
394 1675365700 2036,400000 -1,000000 -101,000000 0,000000 0,000000
394 1675365701 2036,400000 -1,000000 -101,000000 0,000000 0,000000
394 1675365702 2036,400000 -1,000000 -101,000000 0,000000 0,000000
394 1675365703 2036,400000 -1,000000 -101,000000 0,000000 0,000000
394 1675365704 3321,400000 -1,000000 -101,000000 0,000000 0,000000
394 1675365705 3321,400000 -1,000000 -101,000000 0,000000 0,000000
394 1675365706 3321,400000 -1,000000 -101,000000 0,000000 0,000000
394 1675365707 3321,400000 -1,000000 -101,000000 0,000000 0,000000
394 1675365708 3321,400000 -1,000000 -101,000000 0,000000 0,000000
394 1675365709 7360,000000 -1,000000 -101,000000 0,000000 0,000000
394 1675365710 7360,000000 -1,000000 -101,000000 0,000000 0,000000
394 1675365711 7360,000000 -1,000000 -101,000000 0,000000 0,000000
394 1675365712 7360,000000 -1,000000 -101,000000 0,000000 0,000000
394 1675365713 7360,000000 -1,000000 -101,000000 0,000000 0,000000
394 1675365714 5470,800000 -1,000000 -101,000000 0,000000 0,000000
394 1675365715 5470,800000 -1,000000 -101,000000 0,000000 0,000000
394 1675365716 5470,800000 -1,000000 -101,000000 0,000000 0,000000
394 1675365717 5470,800000 -1,000000 -101,000000 0,000000 0,000000
394 1675365718 5470,800000 -1,000000 -101,000000 0,000000 0,000000
394 1675365719 24850,400000 -1,000000 -101,000000 0,000000 0,000000
394 1675365720 24850,400000 -1,000000 -101,000000 0,000000 0,000000
394 1675365721 24850,400000 -1,000000 -101,000000 0,000000 0,000000
394 1675365722 24850,400000 -1,000000 -101,000000 0,000000 0,000000
394 1675365723 24850,400000 -1,000000 -101,000000 0,000000 0,000000
394 1675365724 24635,000000 -1,000000 -101,000000 0,000000 0,000000
394 1675365725 24635,000000 -1,000000 -101,000000 0,000000 0,000000
394 1675365726 24635,000000 -1,000000 -101,000000 0,000000 0,000000
394 1675365727 24635,000000 -1,000000 -101,000000 0,000000 0,000000
394 1675365728 24635,000000 -1,000000 -101,000000 0,000000 0,000000
394 1675365729 19476,200000 -1,000000 -101,000000 0,000000 0,000000
394 1675365730 19476,200000 -1,000000 -101,000000 0,000000 0,000000
394 1675365731 19476,200000 -1,000000 -101,000000 0,000000 0,000000
394 1675365732 19476,200000 -1,000000 -101,000000 0,000000 0,000000
394 1675365733 19476,200000 -1,000000 -101,000000 0,000000 0,000000
394 1675365734 17536,800000 -1,000000 -101,000000 0,000000 0,000000
394 1675365735 17536,800000 -1,000000 -101,000000 0,000000 0,000000
394 1675365736 17536,800000 -1,000000 -101,000000 0,000000 0,000000
394 1675365737 17536,800000 -1,000000 -101,000000 0,000000 0,000000
394 1675365738 17536,800000 -1,000000 -101,000000 0,000000 0,000000
394 1675365739 25616,400000 -1,000000 -101,000000 0,000000 0,000000
394 1675365740 25616,400000 -1,000000 -101,000000 0,000000 0,000000
394 1675365741 25616,400000 -1,000000 -101,000000 0,000000 0,000000
394 1675365742 25616,400000 -1,000000 -101,000000 0,000000 0,000000
394 1675365743 25616,400000 -1,000000 -101,000000 0,000000 0,000000
394 1675365744 1371,000000 -1,000000 -101,000000 0,000000 0,000000
394 1675365745 1371,000000 -1,000000 -101,000000 0,000000 0,000000
394 1675365746 1371,000000 -1,000000 -101,000000 0,000000 0,000000
394 1675365747 1371,000000 -1,000000 -101,000000 0,000000 0,000000
394 1675365748 1371,000000 -1,000000 -101,000000 0,000000 0,000000
394 1675365749 555,000000 -1,000000 -101,000000 0,000000 0,000000
394 1675365750 555,000000 -1,000000 -101,000000 0,000000 0,000000
394 1675365751 555,000000 -1,000000 -101,000000 0,000000 0,000000
394 1675365752 555,000000 -1,000000 -101,000000 0,000000 0,000000
394 1675365753 555,000000 -1,000000 -101,000000 0,000000 0,000000
394 1675365754 15527,000000 -1,000000 -101,000000 0,000000 0,000000
394 1675365755 15527,000000 -1,000000 -101,000000 0,000000 0,000000
394 1675365756 15527,000000 -1,000000 -101,000000 0,000000 0,000000
394 1675365757 15527,000000 -1,000000 -101,000000 0,000000 0,000000
394 1675365758 15527,000000 -1,000000 -101,000000 0,000000 0,000000
394 1675365759 2127,000000 -1,000000 -101,000000 0,000000 0,000000
394 1675365760 2127,000000 -1,000000 -101,000000 0,000000 0,000000
394 1675365761 2127,000000 -1,000000 -101,000000 0,000000 0,000000
394 1675365762 2127,000000 -1,000000 -101,000000 0,000000 0,000000
394 1675365763 2127,000000 -1,000000 -101,000000 0,000000 0,000000
394 1675365764 1083,600000 -1,000000 -101,000000 0,000000 0,000000
394 1675365765 1083,600000 -1,000000 -101,000000 0,000000 0,000000
394 1675365766 1083,600000 -1,000000 -101,000000 0,000000 0,000000
394 1675365767 1083,600000 -1,000000 -101,000000 0,000000 0,000000
394 1675365768 1083,600000 -1,000000 -101,000000 0,000000 0,000000
394 1675365769 5775,600000 -1,000000 -101,000000 0,000000 0,000000
394 1675365770 5775,600000 -1,000000 -101,000000 0,000000 0,000000
394 1675365771 5775,600000 -1,000000 -101,000000 0,000000 0,000000
394 1675365772 5775,600000 -1,000000 -101,000000 0,000000 0,000000
394 1675365773 5775,600000 -1,000000 -101,000000 0,000000 0,000000
394 1675365774 5948,200000 -1,000000 -101,000000 0,000000 0,000000
394 1675365775 5948,200000 -1,000000 -101,000000 0,000000 0,000000
394 1675365776 5948,200000 -1,000000 -101,000000 0,000000 0,000000
394 1675365777 5948,200000 -1,000000 -101,000000 0,000000 0,000000
394 1675365778 5948,200000 -1,000000 -101,000000 0,000000 0,000000
394 1675365779 7393,600000 -1,000000 -101,000000 0,000000 0,000000
394 1675365780 7393,600000 -1,000000 -101,000000 0,000000 0,000000
394 1675365781 7393,600000 -1,000000 -101,000000 0,000000 0,000000
394 1675365782 7393,600000 -1,000000 -101,000000 0,000000 0,000000
394 1675365783 7393,600000 -1,000000 -101,000000 0,000000 0,000000
394 1675365784 6743,400000 -1,000000 -101,000000 0,000000 0,000000
394 1675365785 6743,400000 -1,000000 -101,000000 0,000000 0,000000
394 1675365786 6743,400000 -1,000000 -101,000000 0,000000 0,000000
394 1675365787 6743,400000 -1,000000 -101,000000 0,000000 0,000000
394 1675365788 6743,400000 -1,000000 -101,000000 0,000000 0,000000
394 1675365789 3522,800000 -1,000000 -101,000000 0,000000 0,000000
394 1675365790 3522,800000 -1,000000 -101,000000 0,000000 0,000000
394 1675365791 3522,800000 -1,000000 -101,000000 0,000000 0,000000
394 1675365792 3522,800000 -1,000000 -101,000000 0,000000 0,000000
394 1675365793 3522,800000 -1,000000 -101,000000 0,000000 0,000000
394 1675365794 4549,600000 -1,000000 -101,000000 0,000000 0,000000
394 1675365795 4549,600000 -1,000000 -101,000000 0,000000 0,000000
394 1675365796 4549,600000 -1,000000 -101,000000 0,000000 0,000000
394 1675365797 4549,600000 -1,000000 -101,000000 0,000000 0,000000
394 1675365798 4549,600000 -1,000000 -101,000000 0,000000 0,000000
394 1675365799 19133,200000 -1,000000 -101,000000 0,000000 0,000000
394 1675365800 19133,200000 -1,000000 -101,000000 0,000000 0,000000
394 1675365801 19133,200000 -1,000000 -101,000000 0,000000 0,000000
394 1675365802 19133,200000 -1,000000 -101,000000 0,000000 0,000000
394 1675365803 19133,200000 -1,000000 -101,000000 0,000000 0,000000
394 1675365804 20009,200000 -1,000000 -101,000000 0,000000 0,000000
394 1675365805 20009,200000 -1,000000 -101,000000 0,000000 0,000000
394 1675365806 20009,200000 -1,000000 -101,000000 0,000000 0,000000
394 1675365807 20009,200000 -1,000000 -101,000000 0,000000 0,000000
394 1675365808 20009,200000 -1,000000 -101,000000 0,000000 0,000000
394 1675365809 4787,200000 -1,000000 -101,000000 0,000000 0,000000
394 1675365810 4787,200000 -1,000000 -101,000000 0,000000 0,000000
394 1675365811 4787,200000 -1,000000 -101,000000 0,000000 0,000000
394 1675365812 4787,200000 -1,000000 -101,000000 0,000000 0,000000
394 1675365813 4787,200000 -1,000000 -101,000000 0,000000 0,000000
394 1675365814 14800,000000 -1,000000 -101,000000 0,000000 0,000000
394 1675365815 14800,000000 -1,000000 -101,000000 0,000000 0,000000
394 1675365816 14800,000000 -1,000000 -101,000000 0,000000 0,000000
394 1675365817 14800,000000 -1,000000 -101,000000 0,000000 0,000000
394 1675365818 14800,000000 -1,000000 -101,000000 0,000000 0,000000
394 1675365819 14471,000000 -1,000000 -101,000000 0,000000 0,000000
394 1675365820 14471,000000 -1,000000 -101,000000 0,000000 0,000000
394 1675365821 14471,000000 -1,000000 -101,000000 0,000000 0,000000
394 1675365822 14471,000000 -1,000000 -101,000000 0,000000 0,000000
394 1675365823 14471,000000 -1,000000 -101,000000 0,000000 0,000000
394 1675365824 12959,800000 -1,000000 -101,000000 0,000000 0,000000
394 1675365825 12959,800000 -1,000000 -101,000000 0,000000 0,000000
394 1675365826 12959,800000 -1,000000 -101,000000 0,000000 0,000000
394 1675365827 12959,800000 -1,000000 -101,000000 0,000000 0,000000
394 1675365828 12959,800000 -1,000000 -101,000000 0,000000 0,000000
394 1675365829 16416,400000 -1,000000 -101,000000 0,000000 0,000000
394 1675365830 16416,400000 -1,000000 -101,000000 0,000000 0,000000
394 1675365831 16416,400000 -1,000000 -101,000000 0,000000 0,000000
394 1675365832 16416,400000 -1,000000 -101,000000 0,000000 0,000000
394 1675365833 16416,400000 -1,000000 -101,000000 0,000000 0,000000
394 1675365834 14720,400000 -1,000000 -101,000000 0,000000 0,000000
394 1675365835 14720,400000 -1,000000 -101,000000 0,000000 0,000000
394 1675365836 14720,400000 -1,000000 -101,000000 0,000000 0,000000
394 1675365837 14720,400000 -1,000000 -101,000000 0,000000 0,000000
394 1675365838 14720,400000 -1,000000 -101,000000 0,000000 0,000000
394 1675365839 5772,400000 -1,000000 -101,000000 0,000000 0,000000
394 1675365840 5772,400000 -1,000000 -101,000000 0,000000 0,000000
394 1675365841 5772,400000 -1,000000 -101,000000 0,000000 0,000000
394 1675365842 5772,400000 -1,000000 -101,000000 0,000000 0,000000
394 1675365843 5772,400000 -1,000000 -101,000000 0,000000 0,000000
394 1675365844 9070,800000 -1,000000 -101,000000 0,000000 0,000000
394 1675365845 9070,800000 -1,000000 -101,000000 0,000000 0,000000
394 1675365846 9070,800000 -1,000000 -101,000000 0,000000 0,000000
394 1675365847 9070,800000 -1,000000 -101,000000 0,000000 0,000000
394 1675365848 9070,800000 -1,000000 -101,000000 0,000000 0,000000
394 1675365849 18345,200000 -1,000000 -101,000000 0,000000 0,000000
394 1675365850 18345,200000 -1,000000 -101,000000 0,000000 0,000000
394 1675365851 18345,200000 -1,000000 -101,000000 0,000000 0,000000
394 1675365852 18345,200000 -1,000000 -101,000000 0,000000 0,000000
394 1675365853 18345,200000 -1,000000 -101,000000 0,000000 0,000000
394 1675365854 4871,000000 -1,000000 -101,000000 0,000000 0,000000
394 1675365855 4871,000000 -1,000000 -101,000000 0,000000 0,000000
394 1675365856 4871,000000 -1,000000 -101,000000 0,000000 0,000000
394 1675365857 4871,000000 -1,000000 -101,000000 0,000000 0,000000
394 1675365858 4871,000000 -1,000000 -101,000000 0,000000 0,000000
394 1675365859 6028,600000 -1,000000 -101,000000 0,000000 0,000000
394 1675365860 6028,600000 -1,000000 -101,000000 0,000000 0,000000
394 1675365861 6028,600000 -1,000000 -101,000000 0,000000 0,000000
394 1675365862 6028,600000 -1,000000 -101,000000 0,000000 0,000000
394 1675365863 6028,600000 -1,000000 -101,000000 0,000000 0,000000
394 1675365864 24159,200000 -1,000000 -101,000000 0,000000 0,000000
394 1675365865 24159,200000 -1,000000 -101,000000 0,000000 0,000000
394 1675365866 24159,200000 -1,000000 -101,000000 0,000000 0,000000
394 1675365867 24159,200000 -1,000000 -101,000000 0,000000 0,000000
394 1675365868 24159,200000 -1,000000 -101,000000 0,000000 0,000000
394 1675365869 5665,800000 -1,000000 -101,000000 0,000000 0,000000
394 1675365870 5665,800000 -1,000000 -101,000000 0,000000 0,000000
394 1675365871 5665,800000 -1,000000 -101,000000 0,000000 0,000000
394 1675365872 5665,800000 -1,000000 -101,000000 0,000000 0,000000
394 1675365873 5665,800000 -1,000000 -101,000000 0,000000 0,000000
394 1675365874 16131,200000 -1,000000 -101,000000 0,000000 0,000000
394 1675365875 16131,200000 -1,000000 -101,000000 0,000000 0,000000
394 1675365876 16131,200000 -1,000000 -101,000000 0,000000 0,000000
394 1675365877 16131,200000 -1,000000 -101,000000 0,000000 0,000000
394 1675365878 16131,200000 -1,000000 -101,000000 0,000000 0,000000
394 1675365879 2885,600000 -1,000000 -101,000000 0,000000 0,000000
394 1675365880 2885,600000 -1,000000 -101,000000 0,000000 0,000000
394 1675365881 2885,600000 -1,000000 -101,000000 0,000000 0,000000
394 1675365882 2885,600000 -1,000000 -101,000000 0,000000 0,000000
394 1675365883 2885,600000 -1,000000 -101,000000 0,000000 0,000000
394 1675365884 1169,400000 -1,000000 -101,000000 0,000000 0,000000
394 1675365885 1169,400000 -1,000000 -101,000000 0,000000 0,000000
394 1675365886 1169,400000 -1,000000 -101,000000 0,000000 0,000000
394 1675365887 1169,400000 -1,000000 -101,000000 0,000000 0,000000
394 1675365888 1169,400000 -1,000000 -101,000000 0,000000 0,000000
394 1675365889 1082,400000 -1,000000 -101,000000 0,000000 0,000000
394 1675365890 1082,400000 -1,000000 -101,000000 0,000000 0,000000
394 1675365891 1082,400000 -1,000000 -101,000000 0,000000 0,000000
394 1675365892 1082,400000 -1,000000 -101,000000 0,000000 0,000000
394 1675365893 1082,400000 -1,000000 -101,000000 0,000000 0,000000
394 1675365894 1829,000000 -1,000000 -101,000000 0,000000 0,000000
394 1675365895 1829,000000 -1,000000 -101,000000 0,000000 0,000000
394 1675365896 1829,000000 -1,000000 -101,000000 0,000000 0,000000
394 1675365897 1829,000000 -1,000000 -101,000000 0,000000 0,000000
394 1675365898 1829,000000 -1,000000 -101,000000 0,000000 0,000000
394 1675365899 3697,200000 -1,000000 -101,000000 0,000000 0,000000
394 1675365900 3697,200000 -1,000000 -101,000000 0,000000 0,000000
394 1675365901 3697,200000 -1,000000 -101,000000 0,000000 0,000000
394 1675365902 3697,200000 -1,000000 -101,000000 0,000000 0,000000
394 1675365903 3697,200000 -1,000000 -101,000000 0,000000 0,000000
394 1675365904 5157,200000 -1,000000 -101,000000 0,000000 0,000000
394 1675365905 5157,200000 -1,000000 -101,000000 0,000000 0,000000
394 1675365906 5157,200000 -1,000000 -101,000000 0,000000 0,000000
394 1675365907 5157,200000 -1,000000 -101,000000 0,000000 0,000000
394 1675365908 5157,200000 -1,000000 -101,000000 0,000000 0,000000
394 1675365909 5281,600000 -1,000000 -101,000000 0,000000 0,000000
394 1675365910 5281,600000 -1,000000 -101,000000 0,000000 0,000000
394 1675365911 5281,600000 -1,000000 -101,000000 0,000000 0,000000
394 1675365912 5281,600000 -1,000000 -101,000000 0,000000 0,000000
394 1675365913 5281,600000 -1,000000 -101,000000 0,000000 0,000000
394 1675365914 7458,200000 -1,000000 -101,000000 0,000000 0,000000
394 1675365915 7458,200000 -1,000000 -101,000000 0,000000 0,000000
394 1675365916 7458,200000 -1,000000 -101,000000 0,000000 0,000000
394 1675365917 7458,200000 -1,000000 -101,000000 0,000000 0,000000
394 1675365918 7458,200000 -1,000000 -101,000000 0,000000 0,000000
394 1675365919 20020,400000 -1,000000 -101,000000 0,000000 0,000000
394 1675365920 20020,400000 -1,000000 -101,000000 0,000000 0,000000
394 1675365921 20020,400000 -1,000000 -101,000000 0,000000 0,000000
394 1675365922 20020,400000 -1,000000 -101,000000 0,000000 0,000000
394 1675365923 20020,400000 -1,000000 -101,000000 0,000000 0,000000
394 1675365924 43783,800000 -1,000000 -101,000000 0,000000 0,000000
394 1675365925 43783,800000 -1,000000 -101,000000 0,000000 0,000000
394 1675365926 43783,800000 -1,000000 -101,000000 0,000000 0,000000
394 1675365927 43783,800000 -1,000000 -101,000000 0,000000 0,000000
394 1675365928 43783,800000 -1,000000 -101,000000 0,000000 0,000000
394 1675365929 15080,200000 -1,000000 -101,000000 0,000000 0,000000
394 1675365930 15080,200000 -1,000000 -101,000000 0,000000 0,000000
394 1675365931 15080,200000 -1,000000 -101,000000 0,000000 0,000000
394 1675365932 15080,200000 -1,000000 -101,000000 0,000000 0,000000
394 1675365933 15080,200000 -1,000000 -101,000000 0,000000 0,000000
394 1675365934 15096,400000 -1,000000 -101,000000 0,000000 0,000000
394 1675365935 15096,400000 -1,000000 -101,000000 0,000000 0,000000
394 1675365936 15096,400000 -1,000000 -101,000000 0,000000 0,000000
394 1675365937 15096,400000 -1,000000 -101,000000 0,000000 0,000000
394 1675365938 15096,400000 -1,000000 -101,000000 0,000000 0,000000
394 1675365939 17491,400000 -1,000000 -101,000000 0,000000 0,000000
394 1675365940 17491,400000 -1,000000 -101,000000 0,000000 0,000000
394 1675365941 17491,400000 -1,000000 -101,000000 0,000000 0,000000
394 1675365942 17491,400000 -1,000000 -101,000000 0,000000 0,000000
394 1675365943 17491,400000 -1,000000 -101,000000 0,000000 0,000000
394 1675365944 4289,600000 -1,000000 -101,000000 0,000000 0,000000
394 1675365945 4289,600000 -1,000000 -101,000000 0,000000 0,000000
394 1675365946 4289,600000 -1,000000 -101,000000 0,000000 0,000000
394 1675365947 4289,600000 -1,000000 -101,000000 0,000000 0,000000
394 1675365948 4289,600000 -1,000000 -101,000000 0,000000 0,000000
394 1675365949 5722,400000 -1,000000 -101,000000 0,000000 0,000000
394 1675365950 5722,400000 -1,000000 -101,000000 0,000000 0,000000
394 1675365951 5722,400000 -1,000000 -101,000000 0,000000 0,000000
394 1675365952 5722,400000 -1,000000 -101,000000 0,000000 0,000000
394 1675365953 5722,400000 -1,000000 -101,000000 0,000000 0,000000
394 1675365954 4031,400000 -1,000000 -101,000000 0,000000 0,000000
394 1675365955 4031,400000 -1,000000 -101,000000 0,000000 0,000000
394 1675365956 4031,400000 -1,000000 -101,000000 0,000000 0,000000
394 1675365957 4031,400000 -1,000000 -101,000000 0,000000 0,000000
394 1675365958 4031,400000 -1,000000 -101,000000 0,000000 0,000000
394 1675365959 18200,600000 -1,000000 -101,000000 0,000000 0,000000
394 1675365960 18200,600000 -1,000000 -101,000000 0,000000 0,000000
394 1675365961 18200,600000 -1,000000 -101,000000 0,000000 0,000000
394 1675365962 18200,600000 -1,000000 -101,000000 0,000000 0,000000
394 1675365963 18200,600000 -1,000000 -101,000000 0,000000 0,000000
394 1675365964 5931,800000 -1,000000 -101,000000 0,000000 0,000000
394 1675365965 5931,800000 -1,000000 -101,000000 0,000000 0,000000
394 1675365966 5931,800000 -1,000000 -101,000000 0,000000 0,000000
394 1675365967 5931,800000 -1,000000 -101,000000 0,000000 0,000000
394 1675365968 5931,800000 -1,000000 -101,000000 0,000000 0,000000
394 1675365969 1362,000000 -1,000000 -101,000000 0,000000 0,000000
394 1675365970 1362,000000 -1,000000 -101,000000 0,000000 0,000000
394 1675365971 1362,000000 -1,000000 -101,000000 0,000000 0,000000
394 1675365972 1362,000000 -1,000000 -101,000000 0,000000 0,000000
394 1675365973 1362,000000 -1,000000 -101,000000 0,000000 0,000000
394 1675365974 3500,000000 -1,000000 -101,000000 0,000000 0,000000
394 1675365975 3500,000000 -1,000000 -101,000000 0,000000 0,000000
394 1675365976 3500,000000 -1,000000 -101,000000 0,000000 0,000000
394 1675365977 3500,000000 -1,000000 -101,000000 0,000000 0,000000
394 1675365978 3500,000000 -1,000000 -101,000000 0,000000 0,000000
394 1675365979 3447,800000 -1,000000 -101,000000 0,000000 0,000000
394 1675365980 3447,800000 -1,000000 -101,000000 0,000000 0,000000
394 1675365981 3447,800000 -1,000000 -101,000000 0,000000 0,000000
394 1675365982 3447,800000 -1,000000 -101,000000 0,000000 0,000000
394 1675365983 3447,800000 -1,000000 -101,000000 0,000000 0,000000
394 1675365984 2676,400000 -1,000000 -101,000000 0,000000 0,000000
394 1675365985 2676,400000 -1,000000 -101,000000 0,000000 0,000000
394 1675365986 2676,400000 -1,000000 -101,000000 0,000000 0,000000
394 1675365987 2676,400000 -1,000000 -101,000000 0,000000 0,000000
394 1675365988 2676,400000 -1,000000 -101,000000 0,000000 0,000000
394 1675365989 14750,800000 -1,000000 -101,000000 0,000000 0,000000
394 1675365990 14750,800000 -1,000000 -101,000000 0,000000 0,000000
394 1675365991 14750,800000 -1,000000 -101,000000 0,000000 0,000000
394 1675365992 14750,800000 -1,000000 -101,000000 0,000000 0,000000
394 1675365993 14750,800000 -1,000000 -101,000000 0,000000 0,000000
394 1675365994 4980,400000 -1,000000 -101,000000 0,000000 0,000000
394 1675365995 4980,400000 -1,000000 -101,000000 0,000000 0,000000
394 1675365996 4980,400000 -1,000000 -101,000000 0,000000 0,000000
394 1675365997 4980,400000 -1,000000 -101,000000 0,000000 0,000000
394 1675365998 4980,400000 -1,000000 -101,000000 0,000000 0,000000
394 1675365999 15538,600000 -1,000000 -101,000000 0,000000 0,000000
394 1675366000 15538,600000 -1,000000 -101,000000 0,000000 0,000000
394 1675366001 15538,600000 -1,000000 -101,000000 0,000000 0,000000
394 1675366002 15538,600000 -1,000000 -101,000000 0,000000 0,000000
394 1675366003 15538,600000 -1,000000 -101,000000 0,000000 0,000000
394 1675366004 2794,000000 -1,000000 -101,000000 0,000000 0,000000
394 1675366005 2794,000000 -1,000000 -101,000000 0,000000 0,000000
394 1675366006 2794,000000 -1,000000 -101,000000 0,000000 0,000000
394 1675366007 2794,000000 -1,000000 -101,000000 0,000000 0,000000
394 1675366008 2794,000000 -1,000000 -101,000000 0,000000 0,000000
394 1675366009 4704,800000 -1,000000 -101,000000 0,000000 0,000000
394 1675366010 4704,800000 -1,000000 -101,000000 0,000000 0,000000
394 1675366011 4704,800000 -1,000000 -101,000000 0,000000 0,000000
394 1675366012 4704,800000 -1,000000 -101,000000 0,000000 0,000000
394 1675366013 4704,800000 -1,000000 -101,000000 0,000000 0,000000
394 1675366014 2947,000000 -1,000000 -101,000000 0,000000 0,000000
394 1675366015 2947,000000 -1,000000 -101,000000 0,000000 0,000000
394 1675366016 2947,000000 -1,000000 -101,000000 0,000000 0,000000
394 1675366017 2947,000000 -1,000000 -101,000000 0,000000 0,000000
394 1675366018 2947,000000 -1,000000 -101,000000 0,000000 0,000000
394 1675366019 19167,200000 -1,000000 -101,000000 0,000000 0,000000
394 1675366020 19167,200000 -1,000000 -101,000000 0,000000 0,000000
394 1675366021 19167,200000 -1,000000 -101,000000 0,000000 0,000000
394 1675366022 19167,200000 -1,000000 -101,000000 0,000000 0,000000
394 1675366023 19167,200000 -1,000000 -101,000000 0,000000 0,000000
394 1675366024 18350,000000 -1,000000 -101,000000 0,000000 0,000000
394 1675366025 18350,000000 -1,000000 -101,000000 0,000000 0,000000
394 1675366026 18350,000000 -1,000000 -101,000000 0,000000 0,000000
394 1675366027 18350,000000 -1,000000 -101,000000 0,000000 0,000000
394 1675366028 18350,000000 -1,000000 -101,000000 0,000000 0,000000
394 1675366029 19863,800000 -1,000000 -101,000000 0,000000 0,000000
394 1675366030 19863,800000 -1,000000 -101,000000 0,000000 0,000000
394 1675366031 19863,800000 -1,000000 -101,000000 0,000000 0,000000
394 1675366032 19863,800000 -1,000000 -101,000000 0,000000 0,000000
394 1675366033 19863,800000 -1,000000 -101,000000 0,000000 0,000000
394 1675366034 20013,600000 -1,000000 -101,000000 0,000000 0,000000
394 1675366035 20013,600000 -1,000000 -101,000000 0,000000 0,000000
394 1675366036 20013,600000 -1,000000 -101,000000 0,000000 0,000000
394 1675366037 20013,600000 -1,000000 -101,000000 0,000000 0,000000
394 1675366038 20013,600000 -1,000000 -101,000000 0,000000 0,000000
394 1675366039 4007,000000 -1,000000 -101,000000 0,000000 0,000000
394 1675366040 4007,000000 -1,000000 -101,000000 0,000000 0,000000
394 1675366041 4007,000000 -1,000000 -101,000000 0,000000 0,000000
394 1675366042 4007,000000 -1,000000 -101,000000 0,000000 0,000000
394 1675366043 4007,000000 -1,000000 -101,000000 0,000000 0,000000
394 1675366044 3004,800000 -1,000000 -101,000000 0,000000 0,000000
394 1675366045 3004,800000 -1,000000 -101,000000 0,000000 0,000000
394 1675366046 3004,800000 -1,000000 -101,000000 0,000000 0,000000
394 1675366047 3004,800000 -1,000000 -101,000000 0,000000 0,000000
394 1675366048 3004,800000 -1,000000 -101,000000 0,000000 0,000000
394 1675366049 28473,200000 -1,000000 -101,000000 0,000000 0,000000
394 1675366050 28473,200000 -1,000000 -101,000000 0,000000 0,000000
394 1675366051 28473,200000 -1,000000 -101,000000 0,000000 0,000000
394 1675366052 28473,200000 -1,000000 -101,000000 0,000000 0,000000
394 1675366053 28473,200000 -1,000000 -101,000000 0,000000 0,000000
394 1675366054 1927,600000 -1,000000 -101,000000 0,000000 0,000000
394 1675366055 1927,600000 -1,000000 -101,000000 0,000000 0,000000
394 1675366056 1927,600000 -1,000000 -101,000000 0,000000 0,000000
394 1675366057 1927,600000 -1,000000 -101,000000 0,000000 0,000000
394 1675366058 1927,600000 -1,000000 -101,000000 0,000000 0,000000
394 1675366059 2166,400000 -1,000000 -101,000000 0,000000 0,000000
394 1675366060 2166,400000 -1,000000 -101,000000 0,000000 0,000000
394 1675366061 2166,400000 -1,000000 -101,000000 0,000000 0,000000
394 1675366062 2166,400000 -1,000000 -101,000000 0,000000 0,000000
394 1675366063 2166,400000 -1,000000 -101,000000 0,000000 0,000000
394 1675366064 21903,400000 -1,000000 -101,000000 0,000000 0,000000
394 1675366065 21903,400000 -1,000000 -101,000000 0,000000 0,000000
394 1675366066 21903,400000 -1,000000 -101,000000 0,000000 0,000000
394 1675366067 21903,400000 -1,000000 -101,000000 0,000000 0,000000
394 1675366068 21903,400000 -1,000000 -101,000000 0,000000 0,000000
394 1675366069 20889,800000 -1,000000 -101,000000 0,000000 0,000000
394 1675366070 20889,800000 -1,000000 -101,000000 0,000000 0,000000
394 1675366071 20889,800000 -1,000000 -101,000000 0,000000 0,000000
394 1675366072 20889,800000 -1,000000 -101,000000 0,000000 0,000000
394 1675366073 20889,800000 -1,000000 -101,000000 0,000000 0,000000
394 1675366074 2809,600000 -1,000000 -101,000000 0,000000 0,000000
394 1675366075 2809,600000 -1,000000 -101,000000 0,000000 0,000000
394 1675366076 2809,600000 -1,000000 -101,000000 0,000000 0,000000
394 1675366077 2809,600000 -1,000000 -101,000000 0,000000 0,000000
394 1675366078 2809,600000 -1,000000 -101,000000 0,000000 0,000000
394 1675366079 3806,800000 -1,000000 -101,000000 0,000000 0,000000
394 1675366080 3806,800000 -1,000000 -101,000000 0,000000 0,000000
394 1675366081 3806,800000 -1,000000 -101,000000 0,000000 0,000000
394 1675366082 3806,800000 -1,000000 -101,000000 0,000000 0,000000
394 1675366083 3806,800000 -1,000000 -101,000000 0,000000 0,000000
394 1675366084 6806,400000 -1,000000 -101,000000 0,000000 0,000000
394 1675366085 6806,400000 -1,000000 -101,000000 0,000000 0,000000
394 1675366086 6806,400000 -1,000000 -101,000000 0,000000 0,000000
394 1675366087 6806,400000 -1,000000 -101,000000 0,000000 0,000000
394 1675366088 6806,400000 -1,000000 -101,000000 0,000000 0,000000
394 1675366089 6005,200000 -1,000000 -101,000000 0,000000 0,000000
394 1675366090 6005,200000 -1,000000 -101,000000 0,000000 0,000000
394 1675366091 6005,200000 -1,000000 -101,000000 0,000000 0,000000
394 1675366092 6005,200000 -1,000000 -101,000000 0,000000 0,000000
394 1675366093 6005,200000 -1,000000 -101,000000 0,000000 0,000000
394 1675366094 4681,200000 -1,000000 -101,000000 0,000000 0,000000
394 1675366095 4681,200000 -1,000000 -101,000000 0,000000 0,000000
394 1675366096 4681,200000 -1,000000 -101,000000 0,000000 0,000000
394 1675366097 4681,200000 -1,000000 -101,000000 0,000000 0,000000
394 1675366098 4681,200000 -1,000000 -101,000000 0,000000 0,000000
394 1675366099 2282,800000 -1,000000 -101,000000 0,000000 0,000000
394 1675366100 2282,800000 -1,000000 -101,000000 0,000000 0,000000
394 1675366101 2282,800000 -1,000000 -101,000000 0,000000 0,000000
394 1675366102 2282,800000 -1,000000 -101,000000 0,000000 0,000000
394 1675366103 2282,800000 -1,000000 -101,000000 0,000000 0,000000
394 1675366104 4426,800000 -1,000000 -101,000000 0,000000 0,000000
394 1675366105 4426,800000 -1,000000 -101,000000 0,000000 0,000000
394 1675366106 4426,800000 -1,000000 -101,000000 0,000000 0,000000
394 1675366107 4426,800000 -1,000000 -101,000000 0,000000 0,000000
394 1675366108 4426,800000 -1,000000 -101,000000 0,000000 0,000000
394 1675366109 19863,000000 -1,000000 -101,000000 0,000000 0,000000
394 1675366110 19863,000000 -1,000000 -101,000000 0,000000 0,000000
394 1675366111 19863,000000 -1,000000 -101,000000 0,000000 0,000000
394 1675366112 19863,000000 -1,000000 -101,000000 0,000000 0,000000
394 1675366113 19863,000000 -1,000000 -101,000000 0,000000 0,000000
394 1675366114 18665,000000 -1,000000 -101,000000 0,000000 0,000000
394 1675366115 18665,000000 -1,000000 -101,000000 0,000000 0,000000
394 1675366116 18665,000000 -1,000000 -101,000000 0,000000 0,000000
394 1675366117 18665,000000 -1,000000 -101,000000 0,000000 0,000000
394 1675366118 18665,000000 -1,000000 -101,000000 0,000000 0,000000
394 1675366119 18413,200000 -1,000000 -101,000000 0,000000 0,000000
394 1675366120 18413,200000 -1,000000 -101,000000 0,000000 0,000000
394 1675366121 18413,200000 -1,000000 -101,000000 0,000000 0,000000
394 1675366122 18413,200000 -1,000000 -101,000000 0,000000 0,000000
394 1675366123 18413,200000 -1,000000 -101,000000 0,000000 0,000000
394 1675366124 28767,000000 -1,000000 -101,000000 0,000000 0,000000
394 1675366125 28767,000000 -1,000000 -101,000000 0,000000 0,000000
394 1675366126 28767,000000 -1,000000 -101,000000 0,000000 0,000000
394 1675366127 28767,000000 -1,000000 -101,000000 0,000000 0,000000
394 1675366128 28767,000000 -1,000000 -101,000000 0,000000 0,000000
394 1675366129 18431,200000 -1,000000 -101,000000 0,000000 0,000000
394 1675366130 18431,200000 -1,000000 -101,000000 0,000000 0,000000
394 1675366131 18431,200000 -1,000000 -101,000000 0,000000 0,000000
394 1675366132 18431,200000 -1,000000 -101,000000 0,000000 0,000000
394 1675366133 18431,200000 -1,000000 -101,000000 0,000000 0,000000
394 1675366134 17514,600000 -1,000000 -101,000000 0,000000 0,000000
394 1675366135 17514,600000 -1,000000 -101,000000 0,000000 0,000000
394 1675366136 17514,600000 -1,000000 -101,000000 0,000000 0,000000
394 1675366137 17514,600000 -1,000000 -101,000000 0,000000 0,000000
394 1675366138 17514,600000 -1,000000 -101,000000 0,000000 0,000000
394 1675366139 4821,800000 -1,000000 -101,000000 0,000000 0,000000
394 1675366140 4821,800000 -1,000000 -101,000000 0,000000 0,000000
394 1675366141 4821,800000 -1,000000 -101,000000 0,000000 0,000000
394 1675366142 4821,800000 -1,000000 -101,000000 0,000000 0,000000
394 1675366143 4821,800000 -1,000000 -101,000000 0,000000 0,000000
394 1675366144 4712,600000 -1,000000 -101,000000 0,000000 0,000000
394 1675366145 4712,600000 -1,000000 -101,000000 0,000000 0,000000
394 1675366146 4712,600000 -1,000000 -101,000000 0,000000 0,000000
394 1675366147 4712,600000 -1,000000 -101,000000 0,000000 0,000000
394 1675366148 4712,600000 -1,000000 -101,000000 0,000000 0,000000
394 1675366149 6109,200000 -1,000000 -101,000000 0,000000 0,000000
394 1675366150 6109,200000 -1,000000 -101,000000 0,000000 0,000000
394 1675366151 6109,200000 -1,000000 -101,000000 0,000000 0,000000
394 1675366152 6109,200000 -1,000000 -101,000000 0,000000 0,000000
394 1675366153 6109,200000 -1,000000 -101,000000 0,000000 0,000000
394 1675366154 6307,000000 -1,000000 -101,000000 0,000000 0,000000
394 1675366155 6307,000000 -1,000000 -101,000000 0,000000 0,000000
394 1675366156 6307,000000 -1,000000 -101,000000 0,000000 0,000000
394 1675366157 6307,000000 -1,000000 -101,000000 0,000000 0,000000
394 1675366158 6307,000000 -1,000000 -101,000000 0,000000 0,000000
394 1675366159 6603,600000 -1,000000 -101,000000 0,000000 0,000000
394 1675366160 6603,600000 -1,000000 -101,000000 0,000000 0,000000
394 1675366161 6603,600000 -1,000000 -101,000000 0,000000 0,000000
394 1675366162 6603,600000 -1,000000 -101,000000 0,000000 0,000000
394 1675366163 6603,600000 -1,000000 -101,000000 0,000000 0,000000
394 1675366164 3482,600000 -1,000000 -101,000000 0,000000 0,000000
394 1675366165 3482,600000 -1,000000 -101,000000 0,000000 0,000000
394 1675366166 3482,600000 -1,000000 -101,000000 0,000000 0,000000
394 1675366167 3482,600000 -1,000000 -101,000000 0,000000 0,000000
394 1675366168 3482,600000 -1,000000 -101,000000 0,000000 0,000000
394 1675366169 6134,400000 -1,000000 -101,000000 0,000000 0,000000
394 1675366170 6134,400000 -1,000000 -101,000000 0,000000 0,000000
394 1675366171 6134,400000 -1,000000 -101,000000 0,000000 0,000000
394 1675366172 6134,400000 -1,000000 -101,000000 0,000000 0,000000
394 1675366173 6134,400000 -1,000000 -101,000000 0,000000 0,000000
394 1675366174 32914,800000 -1,000000 -101,000000 0,000000 0,000000
394 1675366175 32914,800000 -1,000000 -101,000000 0,000000 0,000000
394 1675366176 32914,800000 -1,000000 -101,000000 0,000000 0,000000
394 1675366177 32914,800000 -1,000000 -101,000000 0,000000 0,000000
394 1675366178 32914,800000 -1,000000 -101,000000 0,000000 0,000000
394 1675366179 18913,400000 -1,000000 -101,000000 0,000000 0,000000
394 1675366180 18913,400000 -1,000000 -101,000000 0,000000 0,000000
394 1675366181 18913,400000 -1,000000 -101,000000 0,000000 0,000000
394 1675366182 18913,400000 -1,000000 -101,000000 0,000000 0,000000
394 1675366183 18913,400000 -1,000000 -101,000000 0,000000 0,000000
394 1675366184 15100,800000 -1,000000 -101,000000 0,000000 0,000000
394 1675366185 15100,800000 -1,000000 -101,000000 0,000000 0,000000
394 1675366186 15100,800000 -1,000000 -101,000000 0,000000 0,000000
394 1675366187 15100,800000 -1,000000 -101,000000 0,000000 0,000000
394 1675366188 15100,800000 -1,000000 -101,000000 0,000000 0,000000
394 1675366189 1325,800000 -1,000000 -101,000000 0,000000 0,000000
394 1675366190 1325,800000 -1,000000 -101,000000 0,000000 0,000000
394 1675366191 1325,800000 -1,000000 -101,000000 0,000000 0,000000
394 1675366192 1325,800000 -1,000000 -101,000000 0,000000 0,000000
394 1675366193 1325,800000 -1,000000 -101,000000 0,000000 0,000000
394 1675366194 598,000000 -1,000000 -101,000000 0,000000 0,000000
394 1675366195 598,000000 -1,000000 -101,000000 0,000000 0,000000
394 1675366196 598,000000 -1,000000 -101,000000 0,000000 0,000000
394 1675366197 598,000000 -1,000000 -101,000000 0,000000 0,000000
394 1675366198 598,000000 -1,000000 -101,000000 0,000000 0,000000
394 1675366199 1640,600000 -1,000000 -101,000000 0,000000 0,000000
394 1675366200 1640,600000 -1,000000 -101,000000 0,000000 0,000000
394 1675366201 1640,600000 -1,000000 -101,000000 0,000000 0,000000
394 1675366202 1640,600000 -1,000000 -101,000000 0,000000 0,000000
394 1675366203 1640,600000 -1,000000 -101,000000 0,000000 0,000000
394 1675366204 1082,200000 -1,000000 -101,000000 0,000000 0,000000
394 1675366205 1082,200000 -1,000000 -101,000000 0,000000 0,000000
394 1675366206 1082,200000 -1,000000 -101,000000 0,000000 0,000000
394 1675366207 1082,200000 -1,000000 -101,000000 0,000000 0,000000
394 1675366208 1082,200000 -1,000000 -101,000000 0,000000 0,000000
394 1675366209 4229,000000 -1,000000 -101,000000 0,000000 0,000000
394 1675366210 4229,000000 -1,000000 -101,000000 0,000000 0,000000
394 1675366211 4229,000000 -1,000000 -101,000000 0,000000 0,000000
394 1675366212 4229,000000 -1,000000 -101,000000 0,000000 0,000000
394 1675366213 4229,000000 -1,000000 -101,000000 0,000000 0,000000
394 1675366214 8895,400000 -1,000000 -101,000000 0,000000 0,000000
394 1675366215 8895,400000 -1,000000 -101,000000 0,000000 0,000000
394 1675366216 8895,400000 -1,000000 -101,000000 0,000000 0,000000
394 1675366217 8895,400000 -1,000000 -101,000000 0,000000 0,000000
394 1675366218 8895,400000 -1,000000 -101,000000 0,000000 0,000000
394 1675366219 24972,200000 -1,000000 -101,000000 0,000000 0,000000
394 1675366220 24972,200000 -1,000000 -101,000000 0,000000 0,000000
394 1675366221 24972,200000 -1,000000 -101,000000 0,000000 0,000000
394 1675366222 24972,200000 -1,000000 -101,000000 0,000000 0,000000
394 1675366223 24972,200000 -1,000000 -101,000000 0,000000 0,000000
394 1675366224 24922,400000 -1,000000 -101,000000 0,000000 0,000000
394 1675366225 24922,400000 -1,000000 -101,000000 0,000000 0,000000
394 1675366226 24922,400000 -1,000000 -101,000000 0,000000 0,000000
394 1675366227 24922,400000 -1,000000 -101,000000 0,000000 0,000000
394 1675366228 24922,400000 -1,000000 -101,000000 0,000000 0,000000
394 1675366229 15140,200000 -1,000000 -101,000000 0,000000 0,000000
394 1675366230 15140,200000 -1,000000 -101,000000 0,000000 0,000000
394 1675366231 15140,200000 -1,000000 -101,000000 0,000000 0,000000
394 1675366232 15140,200000 -1,000000 -101,000000 0,000000 0,000000
394 1675366233 15140,200000 -1,000000 -101,000000 0,000000 0,000000
394 1675366234 13948,600000 -1,000000 -101,000000 0,000000 0,000000
394 1675366235 13948,600000 -1,000000 -101,000000 0,000000 0,000000
394 1675366236 13948,600000 -1,000000 -101,000000 0,000000 0,000000
394 1675366237 13948,600000 -1,000000 -101,000000 0,000000 0,000000
394 1675366238 13948,600000 -1,000000 -101,000000 0,000000 0,000000
394 1675366239 1443,400000 -1,000000 -101,000000 0,000000 0,000000
394 1675366240 1443,400000 -1,000000 -101,000000 0,000000 0,000000
394 1675366241 1443,400000 -1,000000 -101,000000 0,000000 0,000000
394 1675366242 1443,400000 -1,000000 -101,000000 0,000000 0,000000
394 1675366243 1443,400000 -1,000000 -101,000000 0,000000 0,000000
394 1675366244 3614,800000 -1,000000 -101,000000 0,000000 0,000000
394 1675366245 3614,800000 -1,000000 -101,000000 0,000000 0,000000
394 1675366246 3614,800000 -1,000000 -101,000000 0,000000 0,000000
394 1675366247 3614,800000 -1,000000 -101,000000 0,000000 0,000000
394 1675366248 3614,800000 -1,000000 -101,000000 0,000000 0,000000
394 1675366249 20918,200000 -1,000000 -101,000000 0,000000 0,000000
394 1675366250 20918,200000 -1,000000 -101,000000 0,000000 0,000000
394 1675366251 20918,200000 -1,000000 -101,000000 0,000000 0,000000
394 1675366252 20918,200000 -1,000000 -101,000000 0,000000 0,000000
394 1675366253 20918,200000 -1,000000 -101,000000 0,000000 0,000000
394 1675366254 2420,000000 -1,000000 -101,000000 0,000000 0,000000
394 1675366255 2420,000000 -1,000000 -101,000000 0,000000 0,000000
394 1675366256 2420,000000 -1,000000 -101,000000 0,000000 0,000000
394 1675366257 2420,000000 -1,000000 -101,000000 0,000000 0,000000
394 1675366258 2420,000000 -1,000000 -101,000000 0,000000 0,000000
394 1675366259 3602,800000 -1,000000 -101,000000 0,000000 0,000000
394 1675366260 3602,800000 -1,000000 -101,000000 0,000000 0,000000
394 1675366261 3602,800000 -1,000000 -101,000000 0,000000 0,000000
394 1675366262 3602,800000 -1,000000 -101,000000 0,000000 0,000000
394 1675366263 3602,800000 -1,000000 -101,000000 0,000000 0,000000
394 1675366264 2944,000000 -1,000000 -101,000000 0,000000 0,000000
394 1675366265 2944,000000 -1,000000 -101,000000 0,000000 0,000000
394 1675366266 2944,000000 -1,000000 -101,000000 0,000000 0,000000
394 1675366267 2944,000000 -1,000000 -101,000000 0,000000 0,000000
394 1675366268 2944,000000 -1,000000 -101,000000 0,000000 0,000000
394 1675366269 3141,800000 -1,000000 -101,000000 0,000000 0,000000
394 1675366270 3141,800000 -1,000000 -101,000000 0,000000 0,000000
394 1675366271 3141,800000 -1,000000 -101,000000 0,000000 0,000000
394 1675366272 3141,800000 -1,000000 -101,000000 0,000000 0,000000
394 1675366273 3141,800000 -1,000000 -101,000000 0,000000 0,000000
394 1675366274 5755,400000 -1,000000 -101,000000 0,000000 0,000000
394 1675366275 5755,400000 -1,000000 -101,000000 0,000000 0,000000
394 1675366276 5755,400000 -1,000000 -101,000000 0,000000 0,000000
394 1675366277 5755,400000 -1,000000 -101,000000 0,000000 0,000000
394 1675366278 5755,400000 -1,000000 -101,000000 0,000000 0,000000
394 1675366279 2403,600000 -1,000000 -101,000000 0,000000 0,000000
394 1675366280 2403,600000 -1,000000 -101,000000 0,000000 0,000000
394 1675366281 2403,600000 -1,000000 -101,000000 0,000000 0,000000
394 1675366282 2403,600000 -1,000000 -101,000000 0,000000 0,000000
394 1675366283 2403,600000 -1,000000 -101,000000 0,000000 0,000000
394 1675366284 4510,000000 -1,000000 -101,000000 0,000000 0,000000
394 1675366285 4510,000000 -1,000000 -101,000000 0,000000 0,000000
394 1675366286 4510,000000 -1,000000 -101,000000 0,000000 0,000000
394 1675366287 4510,000000 -1,000000 -101,000000 0,000000 0,000000
394 1675366288 4510,000000 -1,000000 -101,000000 0,000000 0,000000
394 1675366289 16616,000000 -1,000000 -101,000000 0,000000 0,000000
394 1675366290 16616,000000 -1,000000 -101,000000 0,000000 0,000000
394 1675366291 16616,000000 -1,000000 -101,000000 0,000000 0,000000
394 1675366292 16616,000000 -1,000000 -101,000000 0,000000 0,000000
394 1675366293 16616,000000 -1,000000 -101,000000 0,000000 0,000000
394 1675366294 18576,800000 -1,000000 -101,000000 0,000000 0,000000
394 1675366295 18576,800000 -1,000000 -101,000000 0,000000 0,000000
394 1675366296 18576,800000 -1,000000 -101,000000 0,000000 0,000000
394 1675366297 18576,800000 -1,000000 -101,000000 0,000000 0,000000
394 1675366298 18576,800000 -1,000000 -101,000000 0,000000 0,000000
394 1675366299 17878,400000 -1,000000 -101,000000 0,000000 0,000000
394 1675366300 17878,400000 -1,000000 -101,000000 0,000000 0,000000
394 1675366301 17878,400000 -1,000000 -101,000000 0,000000 0,000000
394 1675366302 17878,400000 -1,000000 -101,000000 0,000000 0,000000
394 1675366303 17878,400000 -1,000000 -101,000000 0,000000 0,000000
394 1675366304 4337,800000 -1,000000 -101,000000 0,000000 0,000000
394 1675366305 4337,800000 -1,000000 -101,000000 0,000000 0,000000
394 1675366306 4337,800000 -1,000000 -101,000000 0,000000 0,000000
394 1675366307 4337,800000 -1,000000 -101,000000 0,000000 0,000000
394 1675366308 4337,800000 -1,000000 -101,000000 0,000000 0,000000
394 1675366309 22182,200000 -1,000000 -101,000000 0,000000 0,000000
394 1675366310 22182,200000 -1,000000 -101,000000 0,000000 0,000000
394 1675366311 22182,200000 -1,000000 -101,000000 0,000000 0,000000
394 1675366312 22182,200000 -1,000000 -101,000000 0,000000 0,000000
394 1675366313 22182,200000 -1,000000 -101,000000 0,000000 0,000000
394 1675366314 2977,800000 -1,000000 -101,000000 0,000000 0,000000
394 1675366315 2977,800000 -1,000000 -101,000000 0,000000 0,000000
394 1675366316 2977,800000 -1,000000 -101,000000 0,000000 0,000000
394 1675366317 2977,800000 -1,000000 -101,000000 0,000000 0,000000
394 1675366318 2977,800000 -1,000000 -101,000000 0,000000 0,000000
394 1675366319 14530,200000 -1,000000 -101,000000 0,000000 0,000000
394 1675366320 14530,200000 -1,000000 -101,000000 0,000000 0,000000
394 1675366321 14530,200000 -1,000000 -101,000000 0,000000 0,000000
394 1675366322 14530,200000 -1,000000 -101,000000 0,000000 0,000000
394 1675366323 14530,200000 -1,000000 -101,000000 0,000000 0,000000
394 1675366324 16013,600000 -1,000000 -101,000000 0,000000 0,000000
394 1675366325 16013,600000 -1,000000 -101,000000 0,000000 0,000000
394 1675366326 16013,600000 -1,000000 -101,000000 0,000000 0,000000
394 1675366327 16013,600000 -1,000000 -101,000000 0,000000 0,000000
394 1675366328 16013,600000 -1,000000 -101,000000 0,000000 0,000000
394 1675366329 15539,000000 -1,000000 -101,000000 0,000000 0,000000
394 1675366330 15539,000000 -1,000000 -101,000000 0,000000 0,000000
394 1675366331 15539,000000 -1,000000 -101,000000 0,000000 0,000000
394 1675366332 15539,000000 -1,000000 -101,000000 0,000000 0,000000
394 1675366333 15539,000000 -1,000000 -101,000000 0,000000 0,000000
394 1675366334 14603,400000 -1,000000 -101,000000 0,000000 0,000000
394 1675366335 14603,400000 -1,000000 -101,000000 0,000000 0,000000
394 1675366336 14603,400000 -1,000000 -101,000000 0,000000 0,000000
394 1675366337 14603,400000 -1,000000 -101,000000 0,000000 0,000000
394 1675366338 14603,400000 -1,000000 -101,000000 0,000000 0,000000
394 1675366339 5156,400000 -1,000000 -101,000000 0,000000 0,000000
394 1675366340 5156,400000 -1,000000 -101,000000 0,000000 0,000000
394 1675366341 5156,400000 -1,000000 -101,000000 0,000000 0,000000
394 1675366342 5156,400000 -1,000000 -101,000000 0,000000 0,000000
394 1675366343 5156,400000 -1,000000 -101,000000 0,000000 0,000000
394 1675366344 3892,000000 -1,000000 -101,000000 0,000000 0,000000
394 1675366345 3892,000000 -1,000000 -101,000000 0,000000 0,000000
394 1675366346 3892,000000 -1,000000 -101,000000 0,000000 0,000000
394 1675366347 3892,000000 -1,000000 -101,000000 0,000000 0,000000
394 1675366348 3892,000000 -1,000000 -101,000000 0,000000 0,000000
394 1675366349 3831,600000 -1,000000 -101,000000 0,000000 0,000000
394 1675366350 3831,600000 -1,000000 -101,000000 0,000000 0,000000
394 1675366351 3831,600000 -1,000000 -101,000000 0,000000 0,000000
394 1675366352 3831,600000 -1,000000 -101,000000 0,000000 0,000000
394 1675366353 3831,600000 -1,000000 -101,000000 0,000000 0,000000
394 1675366354 2960,200000 -1,000000 -101,000000 0,000000 0,000000
394 1675366355 2960,200000 -1,000000 -101,000000 0,000000 0,000000
394 1675366356 2960,200000 -1,000000 -101,000000 0,000000 0,000000
394 1675366357 2960,200000 -1,000000 -101,000000 0,000000 0,000000
394 1675366358 2960,200000 -1,000000 -101,000000 0,000000 0,000000
394 1675366359 24644,600000 -1,000000 -101,000000 0,000000 0,000000
394 1675366360 24644,600000 -1,000000 -101,000000 0,000000 0,000000
394 1675366361 24644,600000 -1,000000 -101,000000 0,000000 0,000000
394 1675366362 24644,600000 -1,000000 -101,000000 0,000000 0,000000
394 1675366363 24644,600000 -1,000000 -101,000000 0,000000 0,000000
394 1675366364 4095,000000 -1,000000 -101,000000 0,000000 0,000000
394 1675366365 4095,000000 -1,000000 -101,000000 0,000000 0,000000
394 1675366366 4095,000000 -1,000000 -101,000000 0,000000 0,000000
394 1675366367 4095,000000 -1,000000 -101,000000 0,000000 0,000000
394 1675366368 4095,000000 -1,000000 -101,000000 0,000000 0,000000
394 1675366369 16249,800000 -1,000000 -101,000000 0,000000 0,000000
394 1675366370 16249,800000 -1,000000 -101,000000 0,000000 0,000000
394 1675366371 16249,800000 -1,000000 -101,000000 0,000000 0,000000
394 1675366372 16249,800000 -1,000000 -101,000000 0,000000 0,000000
394 1675366373 16249,800000 -1,000000 -101,000000 0,000000 0,000000
394 1675366374 4072,800000 -1,000000 -101,000000 0,000000 0,000000
394 1675366375 4072,800000 -1,000000 -101,000000 0,000000 0,000000
394 1675366376 4072,800000 -1,000000 -101,000000 0,000000 0,000000
394 1675366377 4072,800000 -1,000000 -101,000000 0,000000 0,000000
394 1675366378 4072,800000 -1,000000 -101,000000 0,000000 0,000000
394 1675366379 2970,000000 -1,000000 -101,000000 0,000000 0,000000
394 1675366380 2970,000000 -1,000000 -101,000000 0,000000 0,000000
394 1675366381 2970,000000 -1,000000 -101,000000 0,000000 0,000000
394 1675366382 2970,000000 -1,000000 -101,000000 0,000000 0,000000
394 1675366383 2970,000000 -1,000000 -101,000000 0,000000 0,000000
394 1675366384 3663,800000 -1,000000 -101,000000 0,000000 0,000000
394 1675366385 3663,800000 -1,000000 -101,000000 0,000000 0,000000
394 1675366386 3663,800000 -1,000000 -101,000000 0,000000 0,000000
394 1675366387 3663,800000 -1,000000 -101,000000 0,000000 0,000000
394 1675366388 3663,800000 -1,000000 -101,000000 0,000000 0,000000
394 1675366389 4099,000000 -1,000000 -101,000000 0,000000 0,000000
394 1675366390 4099,000000 -1,000000 -101,000000 0,000000 0,000000
394 1675366391 4099,000000 -1,000000 -101,000000 0,000000 0,000000
394 1675366392 4099,000000 -1,000000 -101,000000 0,000000 0,000000
394 1675366393 4099,000000 -1,000000 -101,000000 0,000000 0,000000
394 1675366394 7364,600000 -1,000000 -101,000000 0,000000 0,000000
394 1675366395 7364,600000 -1,000000 -101,000000 0,000000 0,000000
394 1675366396 7364,600000 -1,000000 -101,000000 0,000000 0,000000
394 1675366397 7364,600000 -1,000000 -101,000000 0,000000 0,000000
394 1675366398 7364,600000 -1,000000 -101,000000 0,000000 0,000000
394 1675366399 22269,600000 -1,000000 -101,000000 0,000000 0,000000
394 1675366400 22269,600000 -1,000000 -101,000000 0,000000 0,000000
394 1675366401 22269,600000 -1,000000 -101,000000 0,000000 0,000000
394 1675366402 22269,600000 -1,000000 -101,000000 0,000000 0,000000
394 1675366403 22269,600000 -1,000000 -101,000000 0,000000 0,000000
394 1675366404 4492,000000 -1,000000 -101,000000 0,000000 0,000000
394 1675366405 4492,000000 -1,000000 -101,000000 0,000000 0,000000
394 1675366406 4492,000000 -1,000000 -101,000000 0,000000 0,000000
394 1675366407 4492,000000 -1,000000 -101,000000 0,000000 0,000000
394 1675366408 4492,000000 -1,000000 -101,000000 0,000000 0,000000
394 1675366409 5418,000000 -1,000000 -101,000000 0,000000 0,000000
394 1675366410 5418,000000 -1,000000 -101,000000 0,000000 0,000000
394 1675366411 5418,000000 -1,000000 -101,000000 0,000000 0,000000
394 1675366412 5418,000000 -1,000000 -101,000000 0,000000 0,000000
394 1675366413 5418,000000 -1,000000 -101,000000 0,000000 0,000000
394 1675366414 6459,000000 -1,000000 -101,000000 0,000000 0,000000
394 1675366415 6459,000000 -1,000000 -101,000000 0,000000 0,000000
394 1675366416 6459,000000 -1,000000 -101,000000 0,000000 0,000000
394 1675366417 6459,000000 -1,000000 -101,000000 0,000000 0,000000
394 1675366418 6459,000000 -1,000000 -101,000000 0,000000 0,000000
394 1675366419 27901,000000 -1,000000 -101,000000 0,000000 0,000000
394 1675366420 27901,000000 -1,000000 -101,000000 0,000000 0,000000
394 1675366421 27901,000000 -1,000000 -101,000000 0,000000 0,000000
394 1675366422 27901,000000 -1,000000 -101,000000 0,000000 0,000000
394 1675366423 27901,000000 -1,000000 -101,000000 0,000000 0,000000
394 1675366424 23350,400000 -1,000000 -101,000000 0,000000 0,000000
394 1675366425 23350,400000 -1,000000 -101,000000 0,000000 0,000000
394 1675366426 23350,400000 -1,000000 -101,000000 0,000000 0,000000
394 1675366427 23350,400000 -1,000000 -101,000000 0,000000 0,000000
394 1675366428 23350,400000 -1,000000 -101,000000 0,000000 0,000000
394 1675366429 18892,600000 -1,000000 -101,000000 0,000000 0,000000
394 1675366430 18892,600000 -1,000000 -101,000000 0,000000 0,000000
394 1675366431 18892,600000 -1,000000 -101,000000 0,000000 0,000000
394 1675366432 18892,600000 -1,000000 -101,000000 0,000000 0,000000
394 1675366433 18892,600000 -1,000000 -101,000000 0,000000 0,000000
394 1675366434 25956,400000 -1,000000 -101,000000 0,000000 0,000000
394 1675366435 25956,400000 -1,000000 -101,000000 0,000000 0,000000
394 1675366436 25956,400000 -1,000000 -101,000000 0,000000 0,000000
394 1675366437 25956,400000 -1,000000 -101,000000 0,000000 0,000000
394 1675366438 25956,400000 -1,000000 -101,000000 0,000000 0,000000
394 1675366439 2723,200000 -1,000000 -101,000000 0,000000 0,000000
394 1675366440 2723,200000 -1,000000 -101,000000 0,000000 0,000000
394 1675366441 2723,200000 -1,000000 -101,000000 0,000000 0,000000
394 1675366442 2723,200000 -1,000000 -101,000000 0,000000 0,000000
394 1675366443 2723,200000 -1,000000 -101,000000 0,000000 0,000000
394 1675366444 3141,200000 -1,000000 -101,000000 0,000000 0,000000
394 1675366445 3141,200000 -1,000000 -101,000000 0,000000 0,000000
394 1675366446 3141,200000 -1,000000 -101,000000 0,000000 0,000000
394 1675366447 3141,200000 -1,000000 -101,000000 0,000000 0,000000
394 1675366448 3141,200000 -1,000000 -101,000000 0,000000 0,000000
394 1675366449 6240,000000 -1,000000 -101,000000 0,000000 0,000000
394 1675366450 6240,000000 -1,000000 -101,000000 0,000000 0,000000
394 1675366451 6240,000000 -1,000000 -101,000000 0,000000 0,000000
394 1675366452 6240,000000 -1,000000 -101,000000 0,000000 0,000000
394 1675366453 6240,000000 -1,000000 -101,000000 0,000000 0,000000
394 1675366454 4782,200000 -1,000000 -101,000000 0,000000 0,000000
394 1675366455 4782,200000 -1,000000 -101,000000 0,000000 0,000000
394 1675366456 4782,200000 -1,000000 -101,000000 0,000000 0,000000
394 1675366457 4782,200000 -1,000000 -101,000000 0,000000 0,000000
394 1675366458 4782,200000 -1,000000 -101,000000 0,000000 0,000000
394 1675366459 5865,800000 -1,000000 -101,000000 0,000000 0,000000
394 1675366460 5865,800000 -1,000000 -101,000000 0,000000 0,000000
394 1675366461 5865,800000 -1,000000 -101,000000 0,000000 0,000000
394 1675366462 5865,800000 -1,000000 -101,000000 0,000000 0,000000
394 1675366463 5865,800000 -1,000000 -101,000000 0,000000 0,000000
394 1675366464 4784,400000 -1,000000 -101,000000 0,000000 0,000000
394 1675366465 4784,400000 -1,000000 -101,000000 0,000000 0,000000
394 1675366466 4784,400000 -1,000000 -101,000000 0,000000 0,000000
394 1675366467 4784,400000 -1,000000 -101,000000 0,000000 0,000000
394 1675366468 4784,400000 -1,000000 -101,000000 0,000000 0,000000
394 1675366469 6136,800000 -1,000000 -101,000000 0,000000 0,000000
394 1675366470 6136,800000 -1,000000 -101,000000 0,000000 0,000000
394 1675366471 6136,800000 -1,000000 -101,000000 0,000000 0,000000
394 1675366472 6136,800000 -1,000000 -101,000000 0,000000 0,000000
394 1675366473 6136,800000 -1,000000 -101,000000 0,000000 0,000000
394 1675366474 5698,800000 -1,000000 -101,000000 0,000000 0,000000
394 1675366475 5698,800000 -1,000000 -101,000000 0,000000 0,000000
394 1675366476 5698,800000 -1,000000 -101,000000 0,000000 0,000000
394 1675366477 5698,800000 -1,000000 -101,000000 0,000000 0,000000
394 1675366478 5698,800000 -1,000000 -101,000000 0,000000 0,000000
394 1675366479 3777,800000 -1,000000 -101,000000 0,000000 0,000000
394 1675366480 3777,800000 -1,000000 -101,000000 0,000000 0,000000
394 1675366481 3777,800000 -1,000000 -101,000000 0,000000 0,000000
394 1675366482 3777,800000 -1,000000 -101,000000 0,000000 0,000000
394 1675366483 3777,800000 -1,000000 -101,000000 0,000000 0,000000
394 1675366484 33762,200000 -1,000000 -101,000000 0,000000 0,000000
394 1675366485 33762,200000 -1,000000 -101,000000 0,000000 0,000000
394 1675366486 33762,200000 -1,000000 -101,000000 0,000000 0,000000
394 1675366487 33762,200000 -1,000000 -101,000000 0,000000 0,000000
394 1675366488 33762,200000 -1,000000 -101,000000 0,000000 0,000000
394 1675366489 1373,200000 -1,000000 -101,000000 0,000000 0,000000
394 1675366490 1373,200000 -1,000000 -101,000000 0,000000 0,000000
394 1675366491 1373,200000 -1,000000 -101,000000 0,000000 0,000000
394 1675366492 1373,200000 -1,000000 -101,000000 0,000000 0,000000
394 1675366493 1373,200000 -1,000000 -101,000000 0,000000 0,000000
394 1675366494 11637,200000 -1,000000 -101,000000 0,000000 0,000000
394 1675366495 11637,200000 -1,000000 -101,000000 0,000000 0,000000
394 1675366496 11637,200000 -1,000000 -101,000000 0,000000 0,000000
394 1675366497 11637,200000 -1,000000 -101,000000 0,000000 0,000000
394 1675366498 11637,200000 -1,000000 -101,000000 0,000000 0,000000
394 1675366499 1083,000000 -1,000000 -101,000000 0,000000 0,000000
394 1675366500 1083,000000 -1,000000 -101,000000 0,000000 0,000000
394 1675366501 1083,000000 -1,000000 -101,000000 0,000000 0,000000
