544 1675374446 0,000000 0,000000 -101,000000 0,000000 0,000000
544 1675374447 0,000000 0,000000 -101,000000 0,000000 0,000000
544 1675374448 0,000000 0,000000 -101,000000 0,000000 0,000000
544 1675374449 0,000000 0,000000 -101,000000 0,000000 0,000000
544 1675374450 0,000000 0,000000 -101,000000 0,000000 0,000000
544 1675374451 0,000000 0,000000 -101,000000 0,000000 0,000000
544 1675374452 0,000000 0,000000 -101,000000 0,000000 0,000000
544 1675374453 0,000000 0,000000 -101,000000 0,000000 0,000000
544 1675374454 0,000000 0,000000 -101,000000 0,000000 0,000000
544 1675374455 0,000000 0,000000 -101,000000 0,000000 0,000000
544 1675374456 0,000000 0,000000 -101,000000 0,000000 0,000000
544 1675374457 0,000000 0,000000 -101,000000 0,000000 0,000000
544 1675374458 0,000000 0,000000 -101,000000 0,000000 0,000000
544 1675374459 0,000000 0,000000 -101,000000 0,000000 0,000000
544 1675374460 3,000000 0,200000 0,600000 0,600000 -20,200000
544 1675374461 3,000000 0,200000 1,200000 1,200000 -20,200000
544 1675374462 3,000000 0,200000 1,800000 1,800000 -20,200000
544 1675374463 3,000000 0,200000 2,400000 2,400000 -20,200000
544 1675374464 3,000000 0,200000 3,000000 3,000000 -20,200000
544 1675374465 1,500000 0,400000 3,600000 3,600000 -20,200000
544 1675374466 1,500000 0,400000 4,200000 4,200000 -20,200000
544 1675374467 1,500000 0,400000 4,800000 4,800000 -20,200000
544 1675374468 1,500000 0,400000 5,400000 5,400000 -20,200000
544 1675374469 1,500000 0,400000 6,000000 6,000000 -20,200000
544 1675374470 -0,666667 0,600000 5,600000 5,600000 -20,200000
544 1675374471 -0,666667 0,600000 5,200000 5,200000 -20,200000
544 1675374472 -0,666667 0,600000 4,800000 4,800000 -20,200000
544 1675374473 -0,666667 0,600000 4,400000 4,400000 -20,200000
544 1675374474 -0,666667 0,600000 4,000000 4,000000 -20,200000
544 1675374475 0,000000 1,000000 4,000000 4,000000 -20,200000
544 1675374476 0,000000 1,000000 4,000000 4,000000 -20,200000
544 1675374477 0,000000 1,000000 4,000000 4,000000 -20,200000
544 1675374478 0,000000 1,000000 4,000000 4,000000 -20,200000
544 1675374479 0,000000 1,000000 4,000000 4,000000 -20,200000
544 1675374480 0,000000 1,200000 4,000000 4,000000 -20,200000
544 1675374481 0,000000 1,200000 4,000000 4,000000 -20,200000
544 1675374482 0,000000 1,200000 4,000000 4,000000 -20,200000
544 1675374483 0,000000 1,200000 4,000000 4,000000 -20,200000
544 1675374484 0,000000 1,200000 4,000000 4,000000 -20,200000
544 1675374485 0,333333 1,800000 4,600000 4,600000 -20,200000
544 1675374486 0,333333 1,800000 5,200000 5,200000 -20,200000
544 1675374487 0,333333 1,800000 5,800000 5,800000 -20,200000
544 1675374488 0,333333 1,800000 6,400000 6,400000 -20,200000
544 1675374489 0,333333 1,800000 7,000000 7,000000 -20,200000
544 1675374490 0,250000 2,400000 7,600000 7,600000 -20,200000
544 1675374491 0,250000 2,400000 8,200000 8,200000 -20,200000
544 1675374492 0,250000 2,400000 8,800000 8,800000 -20,200000
544 1675374493 0,250000 2,400000 9,400000 9,400000 -20,200000
544 1675374494 0,250000 2,400000 10,000000 10,000000 -20,200000
544 1675374495 0,230769 2,600000 10,600000 10,600000 -20,200000
544 1675374496 0,230769 2,600000 11,200000 11,200000 -20,200000
544 1675374497 0,230769 2,600000 11,800000 11,800000 -20,200000
544 1675374498 0,230769 2,600000 12,400000 12,400000 -20,200000
544 1675374499 0,230769 2,600000 13,000000 13,000000 -20,200000
544 1675374500 -0,333333 3,000000 12,000000 12,000000 -20,200000
544 1675374501 -0,333333 3,000000 11,000000 11,000000 -20,200000
544 1675374502 -0,333333 3,000000 10,000000 10,000000 -20,200000
544 1675374503 -0,333333 3,000000 9,000000 9,000000 -20,200000
544 1675374504 -0,333333 3,000000 8,000000 8,000000 -20,200000
544 1675374505 0,187500 3,200000 8,600000 8,600000 -20,200000
544 1675374506 0,187500 3,200000 9,200000 9,200000 -20,200000
544 1675374507 0,187500 3,200000 9,800000 9,800000 -20,200000
544 1675374508 0,187500 3,200000 10,400000 10,400000 -20,200000
544 1675374509 0,187500 3,200000 11,000000 11,000000 -20,200000
544 1675374510 0,176471 3,400000 11,600000 11,600000 -20,200000
544 1675374511 0,176471 3,400000 12,200000 12,200000 -20,200000
544 1675374512 0,176471 3,400000 12,800000 12,800000 -20,200000
544 1675374513 0,176471 3,400000 13,400000 13,400000 -20,200000
544 1675374514 0,176471 3,400000 14,000000 14,000000 -20,200000
544 1675374515 -0,166667 3,600000 13,400000 13,400000 -20,200000
544 1675374516 -0,166667 3,600000 12,800000 12,800000 -20,200000
544 1675374517 -0,166667 3,600000 12,200000 12,200000 -20,200000
544 1675374518 -0,166667 3,600000 11,600000 11,600000 -20,200000
544 1675374519 -0,166667 3,600000 11,000000 11,000000 -20,200000
544 1675374520 -0,045455 4,400000 10,800000 10,800000 -20,200000
544 1675374521 -0,045455 4,400000 10,600000 10,600000 -20,200000
544 1675374522 -0,045455 4,400000 10,400000 10,400000 -20,200000
544 1675374523 -0,045455 4,400000 10,200000 10,200000 -20,200000
544 1675374524 -0,045455 4,400000 10,000000 10,000000 -20,200000
544 1675374525 0,125000 4,800000 10,600000 10,600000 -20,200000
544 1675374526 0,125000 4,800000 11,200000 11,200000 -20,200000
544 1675374527 0,125000 4,800000 11,800000 11,800000 -20,200000
544 1675374528 0,125000 4,800000 12,400000 12,400000 -20,200000
544 1675374529 0,125000 4,800000 13,000000 13,000000 -20,200000
544 1675374530 -0,040000 5,000000 12,800000 12,800000 -20,200000
544 1675374531 -0,040000 5,000000 12,600000 12,600000 -20,200000
544 1675374532 -0,040000 5,000000 12,400000 12,400000 -20,200000
544 1675374533 -0,040000 5,000000 12,200000 12,200000 -20,200000
544 1675374534 -0,040000 5,000000 12,000000 12,000000 -20,200000
544 1675374535 0,000000 5,400000 12,000000 12,000000 -20,200000
544 1675374536 0,000000 5,400000 12,000000 12,000000 -20,200000
544 1675374537 0,000000 5,400000 12,000000 12,000000 -20,200000
544 1675374538 0,000000 5,400000 12,000000 12,000000 -20,200000
544 1675374539 0,000000 5,400000 12,000000 12,000000 -20,200000
544 1675374540 0,137931 5,800000 12,800000 12,800000 -20,200000
544 1675374541 0,137931 5,800000 13,600000 13,600000 -20,200000
544 1675374542 0,137931 5,800000 14,400000 14,400000 -20,200000
544 1675374543 0,137931 5,800000 15,200000 15,200000 -20,200000
544 1675374544 0,137931 5,800000 16,000000 16,000000 -20,200000
544 1675374545 -0,030303 6,600000 15,800000 15,800000 -20,200000
544 1675374546 -0,030303 6,600000 15,600000 15,600000 -20,200000
544 1675374547 -0,030303 6,600000 15,400000 15,400000 -20,200000
544 1675374548 -0,030303 6,600000 15,200000 15,200000 -20,200000
544 1675374549 -0,030303 6,600000 15,000000 15,000000 -20,200000
544 1675374550 0,055556 7,200000 15,400000 15,400000 -20,200000
544 1675374551 0,055556 7,200000 15,800000 15,800000 -20,200000
544 1675374552 0,055556 7,200000 16,200000 16,200000 -20,200000
544 1675374553 0,055556 7,200000 16,600000 16,600000 -20,200000
544 1675374554 0,055556 7,200000 17,000000 17,000000 -20,200000
544 1675374555 -0,024390 8,200000 16,800000 16,800000 -20,200000
544 1675374556 -0,024390 8,200000 16,600000 16,600000 -20,200000
544 1675374557 -0,024390 8,200000 16,400000 16,400000 -20,200000
544 1675374558 -0,024390 8,200000 16,200000 16,200000 -20,200000
544 1675374559 -0,024390 8,200000 16,000000 16,000000 -20,200000
544 1675374560 0,022727 8,800000 16,200000 16,200000 -20,200000
544 1675374561 0,022727 8,800000 16,400000 16,400000 -20,200000
544 1675374562 0,022727 8,800000 16,600000 16,600000 -20,200000
544 1675374563 0,022727 8,800000 16,800000 16,800000 -20,200000
544 1675374564 0,022727 8,800000 17,000000 17,000000 -20,200000
544 1675374565 0,065217 9,200000 17,600000 17,600000 -20,200000
544 1675374566 0,065217 9,200000 18,200000 18,200000 -20,200000
544 1675374567 0,065217 9,200000 18,800000 18,800000 -20,200000
544 1675374568 0,065217 9,200000 19,400000 19,400000 -20,200000
544 1675374569 0,065217 9,200000 20,000000 20,000000 -20,200000
544 1675374570 0,000000 9,400000 20,000000 20,000000 -20,200000
544 1675374571 0,000000 9,400000 20,000000 20,000000 -20,200000
544 1675374572 0,000000 9,400000 20,000000 20,000000 -20,200000
544 1675374573 0,000000 9,400000 20,000000 20,000000 -20,200000
544 1675374574 0,000000 9,400000 20,000000 20,000000 -20,200000
544 1675374575 0,061224 9,800000 20,600000 20,600000 -20,200000
544 1675374576 0,061224 9,800000 21,200000 21,200000 -20,200000
544 1675374577 0,061224 9,800000 21,800000 21,800000 -20,200000
544 1675374578 0,061224 9,800000 22,400000 22,400000 -20,200000
544 1675374579 0,061224 9,800000 23,000000 23,000000 -20,200000
544 1675374580 0,134615 10,400000 24,400000 24,400000 -20,200000
544 1675374581 0,134615 10,400000 25,800000 25,800000 -20,200000
544 1675374582 0,134615 10,400000 27,200000 27,200000 -20,200000
544 1675374583 0,134615 10,400000 28,600000 28,600000 -20,200000
544 1675374584 0,134615 10,400000 30,000000 30,000000 -20,200000
544 1675374585 0,160714 11,200000 31,800000 31,800000 -20,200000
544 1675374586 0,160714 11,200000 33,600000 33,600000 -20,200000
544 1675374587 0,160714 11,200000 35,400000 35,400000 -20,200000
544 1675374588 0,160714 11,200000 37,200000 37,200000 -20,200000
544 1675374589 0,160714 11,200000 39,000000 39,000000 -20,200000
544 1675374590 -0,129032 12,400000 37,400000 37,400000 -20,200000
544 1675374591 -0,129032 12,400000 35,800000 35,800000 -20,200000
544 1675374592 -0,129032 12,400000 34,200000 34,200000 -20,200000
544 1675374593 -0,129032 12,400000 32,600000 32,600000 -20,200000
544 1675374594 -0,129032 12,400000 31,000000 31,000000 -20,200000
544 1675374595 0,000000 13,200000 31,000000 31,000000 -20,200000
544 1675374596 0,000000 13,200000 31,000000 31,000000 -20,200000
544 1675374597 0,000000 13,200000 31,000000 31,000000 -20,200000
544 1675374598 0,000000 13,200000 31,000000 31,000000 -20,200000
544 1675374599 0,000000 13,200000 31,000000 31,000000 -20,200000
544 1675374600 0,014493 13,800000 31,200000 31,200000 -20,200000
544 1675374601 0,014493 13,800000 31,400000 31,400000 -20,200000
544 1675374602 0,014493 13,800000 31,600000 31,600000 -20,200000
544 1675374603 0,014493 13,800000 31,800000 31,800000 -20,200000
544 1675374604 0,014493 13,800000 32,000000 32,000000 -20,200000
544 1675374605 -0,014085 14,200000 31,800000 31,800000 -20,200000
544 1675374606 -0,014085 14,200000 31,600000 31,600000 -20,200000
544 1675374607 -0,014085 14,200000 31,400000 31,400000 -20,200000
544 1675374608 -0,014085 14,200000 31,200000 31,200000 -20,200000
544 1675374609 -0,014085 14,200000 31,000000 31,000000 -20,200000
544 1675374610 0,000000 14,800000 31,000000 31,000000 -20,200000
544 1675374611 0,000000 14,800000 31,000000 31,000000 -20,200000
544 1675374612 0,000000 14,800000 31,000000 31,000000 -20,200000
544 1675374613 0,000000 14,800000 31,000000 31,000000 -20,200000
544 1675374614 0,000000 14,800000 31,000000 31,000000 -20,200000
544 1675374615 0,013158 15,200000 31,200000 31,200000 -20,200000
544 1675374616 0,013158 15,200000 31,400000 31,400000 -20,200000
544 1675374617 0,013158 15,200000 31,600000 31,600000 -20,200000
544 1675374618 0,013158 15,200000 31,800000 31,800000 -20,200000
544 1675374619 0,013158 15,200000 32,000000 32,000000 -20,200000
544 1675374620 -0,025000 16,000000 31,600000 31,600000 -20,200000
544 1675374621 -0,025000 16,000000 31,200000 31,200000 -20,200000
544 1675374622 -0,025000 16,000000 30,800000 30,800000 -20,200000
544 1675374623 -0,025000 16,000000 30,400000 30,400000 -20,200000
544 1675374624 -0,025000 16,000000 30,000000 30,000000 -20,200000
544 1675374625 0,000000 16,800000 30,000000 30,000000 -20,200000
544 1675374626 0,000000 16,800000 30,000000 30,000000 -20,200000
544 1675374627 0,000000 16,800000 30,000000 30,000000 -20,200000
544 1675374628 0,000000 16,800000 30,000000 30,000000 -20,200000
544 1675374629 0,000000 16,800000 30,000000 30,000000 -20,200000
544 1675374630 -0,023256 17,200000 29,600000 29,600000 -20,200000
544 1675374631 -0,023256 17,200000 29,200000 29,200000 -20,200000
544 1675374632 -0,023256 17,200000 28,800000 28,800000 -20,200000
544 1675374633 -0,023256 17,200000 28,400000 28,400000 -20,200000
544 1675374634 -0,023256 17,200000 28,000000 28,000000 -20,200000
544 1675374635 0,000000 17,800000 28,000000 28,000000 -20,200000
544 1675374636 0,000000 17,800000 28,000000 28,000000 -20,200000
544 1675374637 0,000000 17,800000 28,000000 28,000000 -20,200000
544 1675374638 0,000000 17,800000 28,000000 28,000000 -20,200000
544 1675374639 0,000000 17,800000 28,000000 28,000000 -20,200000
544 1675374640 -0,021978 18,200000 27,600000 27,600000 -20,200000
544 1675374641 -0,021978 18,200000 27,200000 27,200000 -20,200000
544 1675374642 -0,021978 18,200000 26,800000 26,800000 -20,200000
544 1675374643 -0,021978 18,200000 26,400000 26,400000 -20,200000
544 1675374644 -0,021978 18,200000 26,000000 26,000000 -20,200000
544 1675374645 0,010753 18,600000 26,200000 26,200000 -20,200000
544 1675374646 0,010753 18,600000 26,400000 26,400000 -20,200000
544 1675374647 0,010753 18,600000 26,600000 26,600000 -20,200000
544 1675374648 0,010753 18,600000 26,800000 26,800000 -20,200000
544 1675374649 0,010753 18,600000 27,000000 27,000000 -20,200000
544 1675374650 0,010526 19,000000 27,200000 27,200000 -20,200000
544 1675374651 0,010526 19,000000 27,400000 27,400000 -20,200000
544 1675374652 0,010526 19,000000 27,600000 27,600000 -20,200000
544 1675374653 0,010526 19,000000 27,800000 27,800000 -20,200000
544 1675374654 0,010526 19,000000 28,000000 28,000000 -20,200000
544 1675374655 0,050505 19,800000 29,000000 29,000000 -20,200000
544 1675374656 0,050505 19,800000 30,000000 30,000000 -20,200000
544 1675374657 0,050505 19,800000 31,000000 31,000000 -20,200000
544 1675374658 0,050505 19,800000 32,000000 32,000000 -20,200000
544 1675374659 0,050505 19,800000 33,000000 33,000000 -20,200000
544 1675374660 -0,038462 20,800000 32,200000 32,200000 -20,200000
544 1675374661 -0,038462 20,800000 31,400000 31,400000 -20,200000
544 1675374662 -0,038462 20,800000 30,600000 30,600000 -20,200000
544 1675374663 -0,038462 20,800000 29,800000 29,800000 -20,200000
544 1675374664 -0,038462 20,800000 29,000000 29,000000 -20,200000
544 1675374665 -0,018519 21,600000 28,600000 28,600000 -20,200000
544 1675374666 -0,018519 21,600000 28,200000 28,200000 -20,200000
544 1675374667 -0,018519 21,600000 27,800000 27,800000 -20,200000
544 1675374668 -0,018519 21,600000 27,400000 27,400000 -20,200000
544 1675374669 -0,018519 21,600000 27,000000 27,000000 -20,200000
544 1675374670 -0,045045 22,200000 26,000000 26,000000 -20,200000
544 1675374671 -0,045045 22,200000 25,000000 25,000000 -20,200000
544 1675374672 -0,045045 22,200000 24,000000 24,000000 -20,200000
544 1675374673 -0,045045 22,200000 23,000000 23,000000 -20,200000
544 1675374674 -0,045045 22,200000 22,000000 22,000000 -20,200000
544 1675374675 0,000000 22,600000 22,000000 22,000000 -20,200000
544 1675374676 0,000000 22,600000 22,000000 22,000000 -20,200000
544 1675374677 0,000000 22,600000 22,000000 22,000000 -20,200000
544 1675374678 0,000000 22,600000 22,000000 22,000000 -20,200000
544 1675374679 0,000000 22,600000 22,000000 22,000000 -20,200000
544 1675374680 0,026087 23,000000 22,600000 22,600000 -20,200000
544 1675374681 0,026087 23,000000 23,200000 23,200000 -20,200000
544 1675374682 0,026087 23,000000 23,800000 23,800000 -20,200000
544 1675374683 0,026087 23,000000 24,400000 24,400000 -20,200000
544 1675374684 0,026087 23,000000 25,000000 25,000000 -20,200000
544 1675374685 0,042373 23,600000 26,000000 26,000000 -20,200000
544 1675374686 0,042373 23,600000 27,000000 27,000000 -20,200000
544 1675374687 0,042373 23,600000 28,000000 28,000000 -20,200000
544 1675374688 0,042373 23,600000 29,000000 29,000000 -20,200000
544 1675374689 0,042373 23,600000 30,000000 30,000000 -20,200000
544 1675374690 -0,016260 24,600000 29,600000 29,600000 -20,200000
544 1675374691 -0,016260 24,600000 29,200000 29,200000 -20,200000
544 1675374692 -0,016260 24,600000 28,800000 28,800000 -20,200000
544 1675374693 -0,016260 24,600000 28,400000 28,400000 -20,200000
544 1675374694 -0,016260 24,600000 28,000000 28,000000 -20,200000
544 1675374695 -0,023810 25,200000 27,400000 27,400000 -20,200000
544 1675374696 -0,023810 25,200000 26,800000 26,800000 -20,200000
544 1675374697 -0,023810 25,200000 26,200000 26,200000 -20,200000
544 1675374698 -0,023810 25,200000 25,600000 25,600000 -20,200000
544 1675374699 -0,023810 25,200000 25,000000 25,000000 -20,200000
544 1675374700 0,000000 25,600000 25,000000 25,000000 -20,200000
544 1675374701 0,000000 25,600000 25,000000 25,000000 -20,200000
544 1675374702 0,000000 25,600000 25,000000 25,000000 -20,200000
544 1675374703 0,000000 25,600000 25,000000 25,000000 -20,200000
544 1675374704 0,000000 25,600000 25,000000 25,000000 -20,200000
544 1675374705 0,007576 26,400000 25,200000 25,200000 -20,200000
544 1675374706 0,007576 26,400000 25,400000 25,400000 -20,200000
544 1675374707 0,007576 26,400000 25,600000 25,600000 -20,200000
544 1675374708 0,007576 26,400000 25,800000 25,800000 -20,200000
544 1675374709 0,007576 26,400000 26,000000 26,000000 -20,200000
544 1675374710 0,043796 27,400000 27,200000 27,200000 -20,200000
544 1675374711 0,043796 27,400000 28,400000 28,400000 -20,200000
544 1675374712 0,043796 27,400000 29,600000 29,600000 -20,200000
544 1675374713 0,043796 27,400000 30,800000 30,800000 -20,200000
544 1675374714 0,043796 27,400000 32,000000 32,000000 -20,200000
544 1675374715 -0,028571 28,000000 31,200000 31,200000 -20,200000
544 1675374716 -0,028571 28,000000 30,400000 30,400000 -20,200000
544 1675374717 -0,028571 28,000000 29,600000 29,600000 -20,200000
544 1675374718 -0,028571 28,000000 28,800000 28,800000 -20,200000
544 1675374719 -0,028571 28,000000 28,000000 28,000000 -20,200000
544 1675374720 -0,013889 28,800000 27,600000 27,600000 -20,200000
544 1675374721 -0,013889 28,800000 27,200000 27,200000 -20,200000
544 1675374722 -0,013889 28,800000 26,800000 26,800000 -20,200000
544 1675374723 -0,013889 28,800000 26,400000 26,400000 -20,200000
544 1675374724 -0,013889 28,800000 26,000000 26,000000 -20,200000
544 1675374725 -0,013605 29,400000 25,600000 25,600000 -20,200000
544 1675374726 -0,013605 29,400000 25,200000 25,200000 -20,200000
544 1675374727 -0,013605 29,400000 24,800000 24,800000 -20,200000
544 1675374728 -0,013605 29,400000 24,400000 24,400000 -20,200000
544 1675374729 -0,013605 29,400000 24,000000 24,000000 -20,200000
544 1675374730 0,000000 30,000000 24,000000 24,000000 -20,200000
544 1675374731 0,000000 30,000000 24,000000 24,000000 -20,200000
544 1675374732 0,000000 30,000000 24,000000 24,000000 -20,200000
544 1675374733 0,000000 30,000000 24,000000 24,000000 -20,200000
544 1675374734 0,000000 30,000000 24,000000 24,000000 -20,200000
544 1675374735 -0,019355 31,000000 23,400000 23,400000 -20,200000
544 1675374736 -0,019355 31,000000 22,800000 22,800000 -20,200000
544 1675374737 -0,019355 31,000000 22,200000 22,200000 -20,200000
544 1675374738 -0,019355 31,000000 21,600000 21,600000 -20,200000
544 1675374739 -0,019355 31,000000 21,000000 21,000000 -20,200000
544 1675374740 0,000000 31,000000 21,000000 21,000000 -20,200000
544 1675374741 0,000000 31,000000 21,000000 21,000000 -20,200000
544 1675374742 0,000000 31,000000 21,000000 21,000000 -20,200000
544 1675374743 0,000000 31,000000 21,000000 21,000000 -20,200000
544 1675374744 0,000000 31,000000 21,000000 21,000000 -20,200000
544 1675374745 0,000000 31,000000 21,000000 21,000000 -20,200000
544 1675374746 0,000000 31,000000 21,000000 21,000000 -20,200000
544 1675374747 0,000000 31,000000 21,000000 21,000000 -20,200000
544 1675374748 0,000000 31,000000 21,000000 21,000000 -20,200000
544 1675374749 0,000000 31,000000 21,000000 21,000000 -20,200000
544 1675374750 0,000000 31,000000 21,000000 21,000000 -20,200000
544 1675374751 0,000000 31,000000 21,000000 21,000000 -20,200000
544 1675374752 0,000000 31,000000 21,000000 21,000000 -20,200000
544 1675374753 0,000000 31,000000 21,000000 21,000000 -20,200000
544 1675374754 0,000000 31,000000 21,000000 21,000000 -20,200000
544 1675374755 0,000000 31,000000 21,000000 21,000000 -20,200000
544 1675374756 0,000000 31,000000 21,000000 21,000000 -20,200000
544 1675374757 0,000000 31,000000 21,000000 21,000000 -20,200000
544 1675374758 0,000000 31,000000 21,000000 21,000000 -20,200000
544 1675374759 0,000000 31,000000 21,000000 21,000000 -20,200000
544 1675374760 0,006410 31,200000 21,200000 21,200000 -20,200000
544 1675374761 0,006410 31,200000 21,400000 21,400000 -20,200000
544 1675374762 0,006410 31,200000 21,600000 21,600000 -20,200000
544 1675374763 0,006410 31,200000 21,800000 21,800000 -20,200000
544 1675374764 0,006410 31,200000 22,000000 22,000000 -20,200000
544 1675374765 0,031447 31,800000 23,000000 23,000000 -20,200000
544 1675374766 0,031447 31,800000 24,000000 24,000000 -20,200000
544 1675374767 0,031447 31,800000 25,000000 25,000000 -20,200000
544 1675374768 0,031447 31,800000 26,000000 26,000000 -20,200000
544 1675374769 0,031447 31,800000 27,000000 27,000000 -20,200000
544 1675374770 -0,006098 32,800000 26,800000 26,800000 -20,200000
544 1675374771 -0,006098 32,800000 26,600000 26,600000 -20,200000
544 1675374772 -0,006098 32,800000 26,400000 26,400000 -20,200000
544 1675374773 -0,006098 32,800000 26,200000 26,200000 -20,200000
544 1675374774 -0,006098 32,800000 26,000000 26,000000 -20,200000
544 1675374775 -0,005917 33,800000 25,800000 25,800000 -20,200000
544 1675374776 -0,005917 33,800000 25,600000 25,600000 -20,200000
544 1675374777 -0,005917 33,800000 25,400000 25,400000 -20,200000
544 1675374778 -0,005917 33,800000 25,200000 25,200000 -20,200000
544 1675374779 -0,005917 33,800000 25,000000 25,000000 -20,200000
544 1675374780 -0,011494 34,800000 24,600000 24,600000 -20,200000
544 1675374781 -0,011494 34,800000 24,200000 24,200000 -20,200000
544 1675374782 -0,011494 34,800000 23,800000 23,800000 -20,200000
544 1675374783 -0,011494 34,800000 23,400000 23,400000 -20,200000
544 1675374784 -0,011494 34,800000 23,000000 23,000000 -20,200000
544 1675374785 0,005556 36,000000 23,200000 23,200000 -20,200000
544 1675374786 0,005556 36,000000 23,400000 23,400000 -20,200000
544 1675374787 0,005556 36,000000 23,600000 23,600000 -20,200000
544 1675374788 0,005556 36,000000 23,800000 23,800000 -20,200000
544 1675374789 0,005556 36,000000 24,000000 24,000000 -20,200000
544 1675374790 0,005525 36,200000 24,200000 24,200000 -20,200000
544 1675374791 0,005525 36,200000 24,400000 24,400000 -20,200000
544 1675374792 0,005525 36,200000 24,600000 24,600000 -20,200000
544 1675374793 0,005525 36,200000 24,800000 24,800000 -20,200000
544 1675374794 0,005525 36,200000 25,000000 25,000000 -20,200000
544 1675374795 0,005435 36,800000 25,200000 25,200000 -20,200000
544 1675374796 0,005435 36,800000 25,400000 25,400000 -20,200000
544 1675374797 0,005435 36,800000 25,600000 25,600000 -20,200000
544 1675374798 0,005435 36,800000 25,800000 25,800000 -20,200000
544 1675374799 0,005435 36,800000 26,000000 26,000000 -20,200000
544 1675374800 0,000000 37,200000 26,000000 26,000000 -20,200000
544 1675374801 0,000000 37,200000 26,000000 26,000000 -20,200000
544 1675374802 0,000000 37,200000 26,000000 26,000000 -20,200000
544 1675374803 0,000000 37,200000 26,000000 26,000000 -20,200000
544 1675374804 0,000000 37,200000 26,000000 26,000000 -20,200000
544 1675374805 0,000000 37,200000 26,000000 26,000000 -20,200000
544 1675374806 0,000000 37,200000 26,000000 26,000000 -20,200000
544 1675374807 0,000000 37,200000 26,000000 26,000000 -20,200000
544 1675374808 0,000000 37,200000 26,000000 26,000000 -20,200000
544 1675374809 0,000000 37,200000 26,000000 26,000000 -20,200000
544 1675374810 0,000000 37,200000 26,000000 26,000000 -20,200000
544 1675374811 0,000000 37,200000 26,000000 26,000000 -20,200000
544 1675374812 0,000000 37,200000 26,000000 26,000000 -20,200000
544 1675374813 0,000000 37,200000 26,000000 26,000000 -20,200000
544 1675374814 0,000000 37,200000 26,000000 26,000000 -20,200000
544 1675374815 0,010695 37,400000 26,400000 26,400000 -20,200000
544 1675374816 0,010695 37,400000 26,800000 26,800000 -20,200000
544 1675374817 0,010695 37,400000 27,200000 27,200000 -20,200000
544 1675374818 0,010695 37,400000 27,600000 27,600000 -20,200000
544 1675374819 0,010695 37,400000 28,000000 28,000000 -20,200000
544 1675374820 0,015957 37,600000 28,600000 28,600000 -20,200000
544 1675374821 0,015957 37,600000 29,200000 29,200000 -20,200000
544 1675374822 0,015957 37,600000 29,800000 29,800000 -20,200000
544 1675374823 0,015957 37,600000 30,400000 30,400000 -20,200000
544 1675374824 0,015957 37,600000 31,000000 31,000000 -20,200000
544 1675374825 -0,015707 38,200000 30,400000 30,400000 -20,200000
544 1675374826 -0,015707 38,200000 29,800000 29,800000 -20,200000
544 1675374827 -0,015707 38,200000 29,200000 29,200000 -20,200000
544 1675374828 -0,015707 38,200000 28,600000 28,600000 -20,200000
544 1675374829 -0,015707 38,200000 28,000000 28,000000 -20,200000
544 1675374830 0,005208 38,400000 28,200000 28,200000 -20,200000
544 1675374831 0,005208 38,400000 28,400000 28,400000 -20,200000
544 1675374832 0,005208 38,400000 28,600000 28,600000 -20,200000
544 1675374833 0,005208 38,400000 28,800000 28,800000 -20,200000
544 1675374834 0,005208 38,400000 29,000000 29,000000 -20,200000
544 1675374835 0,035897 39,000000 30,400000 30,400000 -20,200000
544 1675374836 0,035897 39,000000 31,800000 31,800000 -20,200000
544 1675374837 0,035897 39,000000 33,200000 33,200000 -20,200000
544 1675374838 0,035897 39,000000 34,600000 34,600000 -20,200000
544 1675374839 0,035897 39,000000 36,000000 36,000000 -20,200000
544 1675374840 0,000000 39,800000 36,000000 36,000000 -20,200000
544 1675374841 0,000000 39,800000 36,000000 36,000000 -20,200000
544 1675374842 0,000000 39,800000 36,000000 36,000000 -20,200000
544 1675374843 0,000000 39,800000 36,000000 36,000000 -20,200000
544 1675374844 0,000000 39,800000 36,000000 36,000000 -20,200000
544 1675374845 -0,034314 40,800000 34,600000 34,600000 -20,200000
544 1675374846 -0,034314 40,800000 33,200000 33,200000 -20,200000
544 1675374847 -0,034314 40,800000 31,800000 31,800000 -20,200000
544 1675374848 -0,034314 40,800000 30,400000 30,400000 -20,200000
544 1675374849 -0,034314 40,800000 29,000000 29,000000 -20,200000
544 1675374850 -0,033816 41,400000 27,600000 27,600000 -20,200000
544 1675374851 -0,033816 41,400000 26,200000 26,200000 -20,200000
544 1675374852 -0,033816 41,400000 24,800000 24,800000 -20,200000
544 1675374853 -0,033816 41,400000 23,400000 23,400000 -20,200000
544 1675374854 -0,033816 41,400000 22,000000 22,000000 -20,200000
544 1675374855 0,014286 42,000000 22,600000 22,600000 -20,200000
544 1675374856 0,014286 42,000000 23,200000 23,200000 -20,200000
544 1675374857 0,014286 42,000000 23,800000 23,800000 -20,200000
544 1675374858 0,014286 42,000000 24,400000 24,400000 -20,200000
544 1675374859 0,014286 42,000000 25,000000 25,000000 -20,200000
544 1675374860 0,004630 43,200000 25,200000 25,200000 -20,200000
544 1675374861 0,004630 43,200000 25,400000 25,400000 -20,200000
544 1675374862 0,004630 43,200000 25,600000 25,600000 -20,200000
544 1675374863 0,004630 43,200000 25,800000 25,800000 -20,200000
544 1675374864 0,004630 43,200000 26,000000 26,000000 -20,200000
544 1675374865 0,026906 44,600000 27,200000 27,200000 -20,200000
544 1675374866 0,026906 44,600000 28,400000 28,400000 -20,200000
544 1675374867 0,026906 44,600000 29,600000 29,600000 -20,200000
544 1675374868 0,026906 44,600000 30,800000 30,800000 -20,200000
544 1675374869 0,026906 44,600000 32,000000 32,000000 -20,200000
544 1675374870 -0,008929 44,800000 31,600000 31,600000 -20,200000
544 1675374871 -0,008929 44,800000 31,200000 31,200000 -20,200000
544 1675374872 -0,008929 44,800000 30,800000 30,800000 -20,200000
544 1675374873 -0,008929 44,800000 30,400000 30,400000 -20,200000
544 1675374874 -0,008929 44,800000 30,000000 30,000000 -20,200000
544 1675374875 -0,013333 45,000000 29,400000 29,400000 -20,200000
544 1675374876 -0,013333 45,000000 28,800000 28,800000 -20,200000
544 1675374877 -0,013333 45,000000 28,200000 28,200000 -20,200000
544 1675374878 -0,013333 45,000000 27,600000 27,600000 -20,200000
544 1675374879 -0,013333 45,000000 27,000000 27,000000 -20,200000
544 1675374880 0,000000 45,400000 27,000000 27,000000 -20,200000
544 1675374881 0,000000 45,400000 27,000000 27,000000 -20,200000
544 1675374882 0,000000 45,400000 27,000000 27,000000 -20,200000
544 1675374883 0,000000 45,400000 27,000000 27,000000 -20,200000
544 1675374884 0,000000 45,400000 27,000000 27,000000 -20,200000
544 1675374885 0,030435 46,000000 28,400000 28,400000 -20,200000
544 1675374886 0,030435 46,000000 29,800000 29,800000 -20,200000
544 1675374887 0,030435 46,000000 31,200000 31,200000 -20,200000
544 1675374888 0,030435 46,000000 32,600000 32,600000 -20,200000
544 1675374889 0,030435 46,000000 34,000000 34,000000 -20,200000
544 1675374890 -0,008475 47,200000 33,600000 33,600000 -20,200000
544 1675374891 -0,008475 47,200000 33,200000 33,200000 -20,200000
544 1675374892 -0,008475 47,200000 32,800000 32,800000 -20,200000
544 1675374893 -0,008475 47,200000 32,400000 32,400000 -20,200000
544 1675374894 -0,008475 47,200000 32,000000 32,000000 -20,200000
544 1675374895 0,025105 47,800000 33,200000 33,200000 -20,200000
544 1675374896 0,025105 47,800000 34,400000 34,400000 -20,200000
544 1675374897 0,025105 47,800000 35,600000 35,600000 -20,200000
544 1675374898 0,025105 47,800000 36,800000 36,800000 -20,200000
544 1675374899 0,025105 47,800000 38,000000 38,000000 -20,200000
544 1675374900 -0,016393 48,800000 37,200000 37,200000 -20,200000
544 1675374901 -0,016393 48,800000 36,400000 36,400000 -20,200000
544 1675374902 -0,016393 48,800000 35,600000 35,600000 -20,200000
544 1675374903 -0,016393 48,800000 34,800000 34,800000 -20,200000
544 1675374904 -0,016393 48,800000 34,000000 34,000000 -20,200000
544 1675374905 -0,008097 49,400000 33,600000 33,600000 -20,200000
544 1675374906 -0,008097 49,400000 33,200000 33,200000 -20,200000
544 1675374907 -0,008097 49,400000 32,800000 32,800000 -20,200000
544 1675374908 -0,008097 49,400000 32,400000 32,400000 -20,200000
544 1675374909 -0,008097 49,400000 32,000000 32,000000 -20,200000
544 1675374910 0,004032 49,600000 32,200000 32,200000 -20,200000
544 1675374911 0,004032 49,600000 32,400000 32,400000 -20,200000
544 1675374912 0,004032 49,600000 32,600000 32,600000 -20,200000
544 1675374913 0,004032 49,600000 32,800000 32,800000 -20,200000
544 1675374914 0,004032 49,600000 33,000000 33,000000 -20,200000
544 1675374915 0,007812 51,200000 33,400000 33,400000 -20,200000
544 1675374916 0,007812 51,200000 33,800000 33,800000 -20,200000
544 1675374917 0,007813 51,200000 34,200000 34,200000 -20,200000
544 1675374918 0,007812 51,200000 34,600000 34,600000 -20,200000
544 1675374919 0,007812 51,200000 35,000000 35,000000 -20,200000
544 1675374920 0,030651 52,200000 36,600000 36,600000 -20,200000
544 1675374921 0,030651 52,200000 38,200000 38,200000 -20,200000
544 1675374922 0,030651 52,200000 39,800000 39,800000 -20,200000
544 1675374923 0,030651 52,200000 41,400000 41,400000 -20,200000
544 1675374924 0,030651 52,200000 43,000000 43,000000 -20,200000
544 1675374925 -0,044944 53,400000 40,600000 40,600000 -20,200000
544 1675374926 -0,044944 53,400000 38,200000 38,200000 -20,200000
544 1675374927 -0,044944 53,400000 35,800000 35,800000 -20,200000
544 1675374928 -0,044944 53,400000 33,400000 33,400000 -20,200000
544 1675374929 -0,044944 53,400000 31,000000 31,000000 -20,200000
544 1675374930 -0,029304 54,600000 29,400000 29,400000 -20,200000
544 1675374931 -0,029304 54,600000 27,800000 27,800000 -20,200000
544 1675374932 -0,029304 54,600000 26,200000 26,200000 -20,200000
544 1675374933 -0,029304 54,600000 24,600000 24,600000 -20,200000
544 1675374934 -0,029304 54,600000 23,000000 23,000000 -20,200000
544 1675374935 0,021661 55,400000 24,200000 24,200000 -20,200000
544 1675374936 0,021661 55,400000 25,400000 25,400000 -20,200000
544 1675374937 0,021661 55,400000 26,600000 26,600000 -20,200000
544 1675374938 0,021661 55,400000 27,800000 27,800000 -20,200000
544 1675374939 0,021661 55,400000 29,000000 29,000000 -20,200000
544 1675374940 0,003597 55,600000 29,200000 29,200000 -20,200000
544 1675374941 0,003597 55,600000 29,400000 29,400000 -20,200000
544 1675374942 0,003597 55,600000 29,600000 29,600000 -20,200000
544 1675374943 0,003597 55,600000 29,800000 29,800000 -20,200000
544 1675374944 0,003597 55,600000 30,000000 30,000000 -20,200000
544 1675374945 0,000000 55,800000 30,000000 30,000000 -20,200000
544 1675374946 0,000000 55,800000 30,000000 30,000000 -20,200000
544 1675374947 0,000000 55,800000 30,000000 30,000000 -20,200000
544 1675374948 0,000000 55,800000 30,000000 30,000000 -20,200000
544 1675374949 0,000000 55,800000 30,000000 30,000000 -20,200000
544 1675374950 0,003546 56,400000 30,200000 30,200000 -20,200000
544 1675374951 0,003546 56,400000 30,400000 30,400000 -20,200000
544 1675374952 0,003546 56,400000 30,600000 30,600000 -20,200000
544 1675374953 0,003546 56,400000 30,800000 30,800000 -20,200000
544 1675374954 0,003546 56,400000 31,000000 31,000000 -20,200000
544 1675374955 0,017544 57,000000 32,000000 32,000000 -20,200000
544 1675374956 0,017544 57,000000 33,000000 33,000000 -20,200000
544 1675374957 0,017544 57,000000 34,000000 34,000000 -20,200000
544 1675374958 0,017544 57,000000 35,000000 35,000000 -20,200000
544 1675374959 0,017544 57,000000 36,000000 36,000000 -20,200000
544 1675374960 0,013889 57,600000 36,800000 36,800000 -20,200000
544 1675374961 0,013889 57,600000 37,600000 37,600000 -20,200000
544 1675374962 0,013889 57,600000 38,400000 38,400000 -20,200000
544 1675374963 0,013889 57,600000 39,200000 39,200000 -20,200000
544 1675374964 0,013889 57,600000 40,000000 40,000000 -20,200000
544 1675374965 -0,024055 58,200000 38,600000 38,600000 -20,200000
544 1675374966 -0,024055 58,200000 37,200000 37,200000 -20,200000
544 1675374967 -0,024055 58,200000 35,800000 35,800000 -20,200000
544 1675374968 -0,024055 58,200000 34,400000 34,400000 -20,200000
544 1675374969 -0,024055 58,200000 33,000000 33,000000 -20,200000
544 1675374970 -0,017007 58,800000 32,000000 32,000000 -20,200000
544 1675374971 -0,017007 58,800000 31,000000 31,000000 -20,200000
544 1675374972 -0,017007 58,800000 30,000000 30,000000 -20,200000
544 1675374973 -0,017007 58,800000 29,000000 29,000000 -20,200000
544 1675374974 -0,017007 58,800000 28,000000 28,000000 -20,200000
544 1675374975 0,003390 59,000000 28,200000 28,200000 -20,200000
544 1675374976 0,003390 59,000000 28,400000 28,400000 -20,200000
544 1675374977 0,003390 59,000000 28,600000 28,600000 -20,200000
544 1675374978 0,003390 59,000000 28,800000 28,800000 -20,200000
544 1675374979 0,003390 59,000000 29,000000 29,000000 -20,200000
544 1675374980 0,006734 59,400000 29,400000 29,400000 -20,200000
544 1675374981 0,006734 59,400000 29,800000 29,800000 -20,200000
544 1675374982 0,006734 59,400000 30,200000 30,200000 -20,200000
544 1675374983 0,006734 59,400000 30,600000 30,600000 -20,200000
544 1675374984 0,006734 59,400000 31,000000 31,000000 -20,200000
544 1675374985 0,009967 60,200000 31,600000 31,600000 -20,200000
544 1675375047 0,000000 0,333333 24,000000 24,000000 3400,333333
544 1675375046 0,000000 0,333333 24,000000 24,000000 3400,333333
544 1675375045 0,000000 0,333333 24,000000 24,000000 3400,333333
544 1675375044 1,000000 0,200000 24,000000 24,000000 2040,208000
544 1675375043 1,000000 0,200000 23,800000 23,800000 2040,208000
544 1675375042 1,000000 0,200000 23,600000 23,600000 2040,208000
544 1675375041 1,000000 0,200000 23,400000 23,400000 2040,208000
544 1675375040 1,000000 0,200000 23,200000 23,200000 2040,208000
544 1675375039 3,000000 0,200000 23,000000 23,000000 2040,272000
544 1675375038 3,000000 0,200000 22,400000 22,400000 2040,272000
544 1675375037 3,000000 0,200000 21,800000 21,800000 2040,272000
544 1675375036 3,000000 0,200000 21,200000 21,200000 2040,272000
544 1675375035 3,000000 0,200000 20,600000 20,600000 2040,272000
544 1675375034 -10,000000 0,200000 20,000000 20,000000 2041,000000
544 1675375033 -10,000000 0,200000 22,000000 22,000000 2041,000000
544 1675375032 -10,000000 0,200000 24,000000 24,000000 2041,000000
544 1675375031 -10,000000 0,200000 26,000000 26,000000 2041,000000
544 1675375030 -10,000000 0,200000 28,000000 28,000000 2041,000000
544 1675375029 -4,000000 0,200000 30,000000 30,000000 2040,328000
544 1675375028 -4,000000 0,200000 30,800000 30,800000 2040,328000
544 1675375027 -4,000000 0,200000 31,600000 31,600000 2040,328000
544 1675375026 -4,000000 0,200000 32,400000 32,400000 2040,328000
544 1675375025 -4,000000 0,200000 33,200000 33,200000 2040,328000
544 1675375024 9,000000 0,200000 34,000000 34,000000 2040,848000
544 1675375023 9,000000 0,200000 32,200000 32,200000 2040,848000
544 1675375022 9,000000 0,200000 30,400000 30,400000 2040,848000
544 1675375021 9,000000 0,200000 28,600000 28,600000 2040,848000
544 1675375020 9,000000 0,200000 26,800000 26,800000 2040,848000
544 1675375019 -3,000000 0,200000 25,000000 25,000000 2040,272000
544 1675375018 -3,000000 0,200000 25,600000 25,600000 2040,272000
544 1675375017 -3,000000 0,200000 26,200000 26,200000 2040,272000
544 1675375016 -3,000000 0,200000 26,800000 26,800000 2040,272000
544 1675375015 -3,000000 0,200000 27,400000 27,400000 2040,272000
544 1675375014 -1,000000 0,200000 28,000000 28,000000 2040,208000
544 1675375013 -1,000000 0,200000 28,200000 28,200000 2040,208000
544 1675375012 -1,000000 0,200000 28,400000 28,400000 2040,208000
544 1675375011 -1,000000 0,200000 28,600000 28,600000 2040,208000
544 1675375010 -1,000000 0,200000 28,800000 28,800000 2040,208000
544 1675375009 -2,000000 0,200000 29,000000 29,000000 2040,232000
544 1675375008 -2,000000 0,200000 29,400000 29,400000 2040,232000
544 1675375007 -2,000000 0,200000 29,800000 29,800000 2040,232000
544 1675375006 -2,000000 0,200000 30,200000 30,200000 2040,232000
544 1675375005 -2,000000 0,200000 30,600000 30,600000 2040,232000
544 1675375004 -4,000000 0,200000 31,000000 31,000000 2040,328000
544 1675375003 -4,000000 0,200000 31,800000 31,800000 2040,328000
544 1675375002 -4,000000 0,200000 32,600000 32,600000 2040,328000
544 1675375001 -4,000000 0,200000 33,400000 33,400000 2040,328000
544 1675375000 -4,000000 0,200000 34,200000 34,200000 2040,328000
544 1675374999 0,000000 0,200000 35,000000 35,000000 2040,200000
544 1675374998 0,000000 0,200000 35,000000 35,000000 2040,200000
544 1675374997 0,000000 0,200000 35,000000 35,000000 2040,200000
544 1675374996 0,000000 0,200000 35,000000 35,000000 2040,200000
544 1675374995 0,000000 0,200000 35,000000 35,000000 2040,200000
544 1675374994 1,000000 0,200000 35,000000 35,000000 2040,208000
544 1675374993 1,000000 0,200000 34,800000 34,800000 2040,208000
544 1675374992 1,000000 0,200000 34,600000 34,600000 2040,208000
544 1675374991 1,000000 0,200000 34,400000 34,400000 2040,208000
544 1675374990 1,000000 0,200000 34,200000 34,200000 2040,208000
544 1675374989 3,000000 0,200000 34,000000 34,000000 2040,272000
544 1675374988 3,000000 0,200000 33,400000 33,400000 2040,272000
544 1675374987 3,000000 0,200000 32,800000 32,800000 2040,272000
544 1675374986 3,000000 0,200000 32,200000 32,200000 2040,272000
544 1675374986 0,009967 60,200000 32,200000 32,200000 -20,200000
544 1675374987 0,009967 60,200000 32,800000 32,800000 -20,200000
544 1675374988 0,009967 60,200000 33,400000 33,400000 -20,200000
544 1675374989 0,009967 60,200000 34,000000 34,000000 -20,200000
544 1675374990 0,003279 61,000000 34,200000 34,200000 -20,200000
544 1675374991 0,003279 61,000000 34,400000 34,400000 -20,200000
544 1675374992 0,003279 61,000000 34,600000 34,600000 -20,200000
544 1675374993 0,003279 61,000000 34,800000 34,800000 -20,200000
544 1675374994 0,003279 61,000000 35,000000 35,000000 -20,200000
544 1675374995 0,000000 61,400000 35,000000 35,000000 -20,200000
544 1675374996 0,000000 61,400000 35,000000 35,000000 -20,200000
544 1675374997 0,000000 61,400000 35,000000 35,000000 -20,200000
544 1675374998 0,000000 61,400000 35,000000 35,000000 -20,200000
544 1675374999 0,000000 61,400000 35,000000 35,000000 -20,200000
544 1675375000 -0,012780 62,600000 34,200000 34,200000 -20,200000
544 1675375001 -0,012780 62,600000 33,400000 33,400000 -20,200000
544 1675375002 -0,012780 62,600000 32,600000 32,600000 -20,200000
544 1675375003 -0,012780 62,600000 31,800000 31,800000 -20,200000
544 1675375004 -0,012780 62,600000 31,000000 31,000000 -20,200000
544 1675375005 -0,006270 63,800000 30,600000 30,600000 -20,200000
544 1675375006 -0,006270 63,800000 30,200000 30,200000 -20,200000
544 1675375007 -0,006270 63,800000 29,800000 29,800000 -20,200000
544 1675375008 -0,006270 63,800000 29,400000 29,400000 -20,200000
544 1675375009 -0,006270 63,800000 29,000000 29,000000 -20,200000
544 1675375010 -0,003077 65,000000 28,800000 28,800000 -20,200000
544 1675375011 -0,003077 65,000000 28,600000 28,600000 -20,200000
544 1675375012 -0,003077 65,000000 28,400000 28,400000 -20,200000
544 1675375013 -0,003077 65,000000 28,200000 28,200000 -20,200000
544 1675375014 -0,003077 65,000000 28,000000 28,000000 -20,200000
544 1675375015 -0,009063 66,200000 27,400000 27,400000 -20,200000
544 1675375016 -0,009063 66,200000 26,800000 26,800000 -20,200000
544 1675375017 -0,009063 66,200000 26,200000 26,200000 -20,200000
544 1675375018 -0,009063 66,200000 25,600000 25,600000 -20,200000
544 1675375019 -0,009063 66,200000 25,000000 25,000000 -20,200000
544 1675375020 0,026946 66,800000 26,800000 26,800000 -20,200000
544 1675375021 0,026946 66,800000 28,600000 28,600000 -20,200000
544 1675375022 0,026946 66,800000 30,400000 30,400000 -20,200000
544 1675375023 0,026946 66,800000 32,200000 32,200000 -20,200000
544 1675375024 0,026946 66,800000 34,000000 34,000000 -20,200000
544 1675375025 -0,011905 67,200000 33,200000 33,200000 -20,200000
544 1675375026 -0,011905 67,200000 32,400000 32,400000 -20,200000
544 1675375027 -0,011905 67,200000 31,600000 31,600000 -20,200000
544 1675375028 -0,011905 67,200000 30,800000 30,800000 -20,200000
544 1675375029 -0,011905 67,200000 30,000000 30,000000 -20,200000
544 1675375030 -0,029326 68,200000 28,000000 28,000000 -20,200000
544 1675375031 -0,029326 68,200000 26,000000 26,000000 -20,200000
544 1675375032 -0,029326 68,200000 24,000000 24,000000 -20,200000
544 1675375033 -0,029326 68,200000 22,000000 22,000000 -20,200000
544 1675375034 -0,029326 68,200000 20,000000 20,000000 -20,200000
544 1675375035 0,008772 68,400000 20,600000 20,600000 -20,200000
544 1675375036 0,008772 68,400000 21,200000 21,200000 -20,200000
544 1675375037 0,008772 68,400000 21,800000 21,800000 -20,200000
544 1675375038 0,008772 68,400000 22,400000 22,400000 -20,200000
544 1675375039 0,008772 68,400000 23,000000 23,000000 -20,200000
544 1675375040 0,002890 69,200000 23,200000 23,200000 -20,200000
544 1675375041 0,002890 69,200000 23,400000 23,400000 -20,200000
544 1675375042 0,002890 69,200000 23,600000 23,600000 -20,200000
544 1675375043 0,002890 69,200000 23,800000 23,800000 -20,200000
544 1675375044 0,002890 69,200000 24,000000 24,000000 -20,200000
544 1675375045 0,002841 70,400000 24,200000 24,200000 -20,200000
544 1675375046 0,002841 70,400000 24,400000 24,400000 -20,200000
544 1675375047 0,002841 70,400000 24,600000 24,600000 -20,200000
544 1675375048 0,002841 70,400000 24,800000 24,800000 -20,200000
544 1675375049 0,002841 70,400000 25,000000 25,000000 -20,200000
544 1675375050 -0,008475 70,800000 24,400000 24,400000 -20,200000
544 1675375051 -0,008475 70,800000 23,800000 23,800000 -20,200000
544 1675375052 -0,008475 70,800000 23,200000 23,200000 -20,200000
544 1675375053 -0,008475 70,800000 22,600000 22,600000 -20,200000
544 1675375054 -0,008475 70,800000 22,000000 22,000000 -20,200000
544 1675375055 -0,005634 71,000000 21,600000 21,600000 -20,200000
544 1675375056 -0,005634 71,000000 21,200000 21,200000 -20,200000
544 1675375057 -0,005634 71,000000 20,800000 20,800000 -20,200000
544 1675375058 -0,005634 71,000000 20,400000 20,400000 -20,200000
544 1675375059 -0,005634 71,000000 20,000000 20,000000 -20,200000
544 1675375060 0,002809 71,200000 20,200000 20,200000 -20,200000
544 1675375061 0,002809 71,200000 20,400000 20,400000 -20,200000
544 1675375062 0,002809 71,200000 20,600000 20,600000 -20,200000
544 1675375063 0,002809 71,200000 20,800000 20,800000 -20,200000
544 1675375064 0,002809 71,200000 21,000000 21,000000 -20,200000
544 1675375065 0,011173 71,600000 21,800000 21,800000 -20,200000
544 1675375066 0,011173 71,600000 22,600000 22,600000 -20,200000
544 1675375067 0,011173 71,600000 23,400000 23,400000 -20,200000
544 1675375068 0,011173 71,600000 24,200000 24,200000 -20,200000
544 1675375069 0,011173 71,600000 25,000000 25,000000 -20,200000
544 1675375070 0,005556 72,000000 25,400000 25,400000 -20,200000
544 1675375071 0,005556 72,000000 25,800000 25,800000 -20,200000
544 1675375072 0,005556 72,000000 26,200000 26,200000 -20,200000
544 1675375073 0,005556 72,000000 26,600000 26,600000 -20,200000
544 1675375074 0,005556 72,000000 27,000000 27,000000 -20,200000
544 1675375075 -0,008174 73,400000 26,400000 26,400000 -20,200000
544 1675375076 -0,008174 73,400000 25,800000 25,800000 -20,200000
544 1675375077 -0,008174 73,400000 25,200000 25,200000 -20,200000
544 1675375078 -0,008174 73,400000 24,600000 24,600000 -20,200000
544 1675375079 -0,008174 73,400000 24,000000 24,000000 -20,200000
544 1675375080 0,008086 74,200000 24,600000 24,600000 -20,200000
544 1675375081 0,008086 74,200000 25,200000 25,200000 -20,200000
544 1675375082 0,008086 74,200000 25,800000 25,800000 -20,200000
544 1675375083 0,008086 74,200000 26,400000 26,400000 -20,200000
544 1675375084 0,008086 74,200000 27,000000 27,000000 -20,200000
544 1675375085 -0,008000 75,000000 26,400000 26,400000 -20,200000
544 1675375086 -0,008000 75,000000 25,800000 25,800000 -20,200000
544 1675375087 -0,008000 75,000000 25,200000 25,200000 -20,200000
544 1675375088 -0,008000 75,000000 24,600000 24,600000 -20,200000
544 1675375089 -0,008000 75,000000 24,000000 24,000000 -20,200000
544 1675375090 -0,007937 75,600000 23,400000 23,400000 -20,200000
544 1675375091 -0,007937 75,600000 22,800000 22,800000 -20,200000
544 1675375092 -0,007937 75,600000 22,200000 22,200000 -20,200000
544 1675375093 -0,007937 75,600000 21,600000 21,600000 -20,200000
544 1675375094 -0,007937 75,600000 21,000000 21,000000 -20,200000
544 1675375095 -0,007916 75,800000 20,400000 20,400000 -20,200000
544 1675375096 -0,007916 75,800000 19,800000 19,800000 -20,200000
544 1675375097 -0,007916 75,800000 19,200000 19,200000 -20,200000
544 1675375098 -0,007916 75,800000 18,600000 18,600000 -20,200000
544 1675375099 -0,007916 75,800000 18,000000 18,000000 -20,200000
544 1675375100 0,010471 76,400000 18,800000 18,800000 -20,200000
544 1675375101 0,010471 76,400000 19,600000 19,600000 -20,200000
544 1675375102 0,010471 76,400000 20,400000 20,400000 -20,200000
544 1675375103 0,010471 76,400000 21,200000 21,200000 -20,200000
544 1675375104 0,010471 76,400000 22,000000 22,000000 -20,200000
544 1675375105 0,020619 77,600000 23,600000 23,600000 -20,200000
544 1675375106 0,020619 77,600000 25,200000 25,200000 -20,200000
544 1675375107 0,020619 77,600000 26,800000 26,800000 -20,200000
544 1675375108 0,020619 77,600000 28,400000 28,400000 -20,200000
544 1675375109 0,020619 77,600000 30,000000 30,000000 -20,200000
544 1675375110 0,005115 78,200000 30,400000 30,400000 -20,200000
544 1675375111 0,005115 78,200000 30,800000 30,800000 -20,200000
544 1675375112 0,005115 78,200000 31,200000 31,200000 -20,200000
544 1675375113 0,005115 78,200000 31,600000 31,600000 -20,200000
544 1675375114 0,005115 78,200000 32,000000 32,000000 -20,200000
544 1675375115 -0,015152 79,200000 30,800000 30,800000 -20,200000
544 1675375116 -0,015152 79,200000 29,600000 29,600000 -20,200000
544 1675375117 -0,015152 79,200000 28,400000 28,400000 -20,200000
544 1675375118 -0,015152 79,200000 27,200000 27,200000 -20,200000
544 1675375119 -0,015152 79,200000 26,000000 26,000000 -20,200000
544 1675375120 -0,005013 79,800000 25,600000 25,600000 -20,200000
544 1675375121 -0,005013 79,800000 25,200000 25,200000 -20,200000
544 1675375122 -0,005013 79,800000 24,800000 24,800000 -20,200000
544 1675375123 -0,005013 79,800000 24,400000 24,400000 -20,200000
544 1675375124 -0,005013 79,800000 24,000000 24,000000 -20,200000
544 1675375125 0,002500 80,000000 24,200000 24,200000 -20,200000
544 1675375126 0,002500 80,000000 24,400000 24,400000 -20,200000
544 1675375127 0,002500 80,000000 24,600000 24,600000 -20,200000
544 1675375128 0,002500 80,000000 24,800000 24,800000 -20,200000
544 1675375129 0,002500 80,000000 25,000000 25,000000 -20,200000
544 1675375130 0,000000 81,200000 25,000000 25,000000 -20,200000
544 1675375131 0,000000 81,200000 25,000000 25,000000 -20,200000
544 1675375132 0,000000 81,200000 25,000000 25,000000 -20,200000
544 1675375133 0,000000 81,200000 25,000000 25,000000 -20,200000
544 1675375134 0,000000 81,200000 25,000000 25,000000 -20,200000
544 1675375135 0,004866 82,200000 25,400000 25,400000 -20,200000
544 1675375136 0,004866 82,200000 25,800000 25,800000 -20,200000
544 1675375137 0,004866 82,200000 26,200000 26,200000 -20,200000
544 1675375138 0,004866 82,200000 26,600000 26,600000 -20,200000
544 1675375139 0,004866 82,200000 27,000000 27,000000 -20,200000
544 1675375140 0,021635 83,200000 28,800000 28,800000 -20,200000
544 1675375141 0,021635 83,200000 30,600000 30,600000 -20,200000
544 1675375142 0,021635 83,200000 32,400000 32,400000 -20,200000
544 1675375143 0,021635 83,200000 34,200000 34,200000 -20,200000
544 1675375144 0,021635 83,200000 36,000000 36,000000 -20,200000
544 1675375145 0,007194 83,400000 36,600000 36,600000 -20,200000
544 1675375146 0,007194 83,400000 37,200000 37,200000 -20,200000
544 1675375147 0,007194 83,400000 37,800000 37,800000 -20,200000
544 1675375148 0,007194 83,400000 38,400000 38,400000 -20,200000
544 1675375149 0,007194 83,400000 39,000000 39,000000 -20,200000
544 1675375150 -0,021327 84,400000 37,200000 37,200000 -20,200000
544 1675375151 -0,021327 84,400000 35,400000 35,400000 -20,200000
544 1675375152 -0,021327 84,400000 33,600000 33,600000 -20,200000
544 1675375153 -0,021327 84,400000 31,800000 31,800000 -20,200000
544 1675375154 -0,021327 84,400000 30,000000 30,000000 -20,200000
544 1675375155 -0,011765 85,000000 29,000000 29,000000 -20,200000
544 1675375156 -0,011765 85,000000 28,000000 28,000000 -20,200000
544 1675375157 -0,011765 85,000000 27,000000 27,000000 -20,200000
544 1675375158 -0,011765 85,000000 26,000000 26,000000 -20,200000
544 1675375159 -0,011765 85,000000 25,000000 25,000000 -20,200000
544 1675375160 0,007026 85,400000 25,600000 25,600000 -20,200000
544 1675375161 0,007026 85,400000 26,200000 26,200000 -20,200000
544 1675375162 0,007026 85,400000 26,800000 26,800000 -20,200000
544 1675375163 0,007026 85,400000 27,400000 27,400000 -20,200000
544 1675375164 0,007026 85,400000 28,000000 28,000000 -20,200000
544 1675375165 0,004651 86,000000 28,400000 28,400000 -20,200000
544 1675375166 0,004651 86,000000 28,800000 28,800000 -20,200000
544 1675375167 0,004651 86,000000 29,200000 29,200000 -20,200000
544 1675375168 0,004651 86,000000 29,600000 29,600000 -20,200000
544 1675375169 0,004651 86,000000 30,000000 30,000000 -20,200000
544 1675375170 0,006897 87,000000 30,600000 30,600000 -20,200000
544 1675375171 0,006897 87,000000 31,200000 31,200000 -20,200000
544 1675375172 0,006897 87,000000 31,800000 31,800000 -20,200000
544 1675375173 0,006897 87,000000 32,400000 32,400000 -20,200000
544 1675375174 0,006897 87,000000 33,000000 33,000000 -20,200000
544 1675375175 -0,004587 87,200000 32,600000 32,600000 -20,200000
544 1675375176 -0,004587 87,200000 32,200000 32,200000 -20,200000
544 1675375177 -0,004587 87,200000 31,800000 31,800000 -20,200000
544 1675375178 -0,004587 87,200000 31,400000 31,400000 -20,200000
544 1675375179 -0,004587 87,200000 31,000000 31,000000 -20,200000
544 1675375180 -0,006865 87,400000 30,400000 30,400000 -20,200000
544 1675375181 -0,006865 87,400000 29,800000 29,800000 -20,200000
544 1675375182 -0,006865 87,400000 29,200000 29,200000 -20,200000
544 1675375183 -0,006865 87,400000 28,600000 28,600000 -20,200000
544 1675375184 -0,006865 87,400000 28,000000 28,000000 -20,200000
544 1675375185 0,000000 87,400000 28,000000 28,000000 -20,200000
544 1675375186 0,000000 87,400000 28,000000 28,000000 -20,200000
544 1675375187 0,000000 87,400000 28,000000 28,000000 -20,200000
544 1675375188 0,000000 87,400000 28,000000 28,000000 -20,200000
544 1675375189 0,000000 87,400000 28,000000 28,000000 -20,200000
544 1675375190 0,002283 87,600000 28,200000 28,200000 -20,200000
544 1675375191 0,002283 87,600000 28,400000 28,400000 -20,200000
544 1675375192 0,002283 87,600000 28,600000 28,600000 -20,200000
544 1675375193 0,002283 87,600000 28,800000 28,800000 -20,200000
544 1675375194 0,002283 87,600000 29,000000 29,000000 -20,200000
544 1675375195 0,000000 88,000000 29,000000 29,000000 -20,200000
544 1675375196 0,000000 88,000000 29,000000 29,000000 -20,200000
544 1675375197 0,000000 88,000000 29,000000 29,000000 -20,200000
544 1675375198 0,000000 88,000000 29,000000 29,000000 -20,200000
544 1675375199 0,000000 88,000000 29,000000 29,000000 -20,200000
544 1675375200 0,009029 88,600000 29,800000 29,800000 -20,200000
544 1675375201 0,009029 88,600000 30,600000 30,600000 -20,200000
544 1675375202 0,009029 88,600000 31,400000 31,400000 -20,200000
544 1675375203 0,009029 88,600000 32,200000 32,200000 -20,200000
544 1675375204 0,009029 88,600000 33,000000 33,000000 -20,200000
544 1675375205 0,011186 89,400000 34,000000 34,000000 -20,200000
544 1675375206 0,011186 89,400000 35,000000 35,000000 -20,200000
544 1675375207 0,011186 89,400000 36,000000 36,000000 -20,200000
544 1675375208 0,011186 89,400000 37,000000 37,000000 -20,200000
544 1675375209 0,011186 89,400000 38,000000 38,000000 -20,200000
544 1675375210 -0,006652 90,200000 37,400000 37,400000 -20,200000
544 1675375211 -0,006652 90,200000 36,800000 36,800000 -20,200000
544 1675375212 -0,006652 90,200000 36,200000 36,200000 -20,200000
544 1675375213 -0,006652 90,200000 35,600000 35,600000 -20,200000
544 1675375214 -0,006652 90,200000 35,000000 35,000000 -20,200000
544 1675375215 -0,006536 91,800000 34,400000 34,400000 -20,200000
544 1675375216 -0,006536 91,800000 33,800000 33,800000 -20,200000
544 1675375217 -0,006536 91,800000 33,200000 33,200000 -20,200000
544 1675375218 -0,006536 91,800000 32,600000 32,600000 -20,200000
544 1675375219 -0,006536 91,800000 32,000000 32,000000 -20,200000
544 1675375220 0,000000 91,800000 32,000000 32,000000 -20,200000
544 1675375221 0,000000 91,800000 32,000000 32,000000 -20,200000
544 1675375222 0,000000 91,800000 32,000000 32,000000 -20,200000
544 1675375223 0,000000 91,800000 32,000000 32,000000 -20,200000
544 1675375224 0,000000 91,800000 32,000000 32,000000 -20,200000
544 1675375225 -0,002146 93,200000 31,800000 31,800000 -20,200000
544 1675375226 -0,002146 93,200000 31,600000 31,600000 -20,200000
544 1675375227 -0,002146 93,200000 31,400000 31,400000 -20,200000
544 1675375228 -0,002146 93,200000 31,200000 31,200000 -20,200000
544 1675375229 -0,002146 93,200000 31,000000 31,000000 -20,200000
544 1675375230 -0,002114 94,600000 30,800000 30,800000 -20,200000
544 1675375231 -0,002114 94,600000 30,600000 30,600000 -20,200000
544 1675375232 -0,002114 94,600000 30,400000 30,400000 -20,200000
544 1675375233 -0,002114 94,600000 30,200000 30,200000 -20,200000
544 1675375234 -0,002114 94,600000 30,000000 30,000000 -20,200000
544 1675375235 -0,002088 95,800000 29,800000 29,800000 -20,200000
544 1675375236 -0,002088 95,800000 29,600000 29,600000 -20,200000
544 1675375237 -0,002088 95,800000 29,400000 29,400000 -20,200000
544 1675375238 -0,002088 95,800000 29,200000 29,200000 -20,200000
544 1675375239 -0,002088 95,800000 29,000000 29,000000 -20,200000
544 1675375240 0,002070 96,600000 29,200000 29,200000 -20,200000
544 1675375241 0,002070 96,600000 29,400000 29,400000 -20,200000
544 1675375242 0,002070 96,600000 29,600000 29,600000 -20,200000
544 1675375243 0,002070 96,600000 29,800000 29,800000 -20,200000
544 1675375244 0,002070 96,600000 30,000000 30,000000 -20,200000
544 1675375245 0,000000 96,600000 30,000000 30,000000 -20,200000
544 1675375246 0,000000 96,600000 30,000000 30,000000 -20,200000
544 1675375247 0,000000 96,600000 30,000000 30,000000 -20,200000
544 1675375248 0,000000 96,600000 30,000000 30,000000 -20,200000
544 1675375249 0,000000 96,600000 30,000000 30,000000 -20,200000
544 1675375250 -0,002062 97,000000 29,800000 29,800000 -20,200000
544 1675375251 -0,002062 97,000000 29,600000 29,600000 -20,200000
544 1675375252 -0,002062 97,000000 29,400000 29,400000 -20,200000
544 1675375253 -0,002062 97,000000 29,200000 29,200000 -20,200000
544 1675375254 -0,002062 97,000000 29,000000 29,000000 -20,200000
544 1675375255 -0,002053 97,400000 28,800000 28,800000 -20,200000
544 1675375256 -0,002053 97,400000 28,600000 28,600000 -20,200000
544 1675375257 -0,002053 97,400000 28,400000 28,400000 -20,200000
544 1675375258 -0,002053 97,400000 28,200000 28,200000 -20,200000
544 1675375259 -0,002053 97,400000 28,000000 28,000000 -20,200000
544 1675375260 0,002045 97,800000 28,200000 28,200000 -20,200000
544 1675375261 0,002045 97,800000 28,400000 28,400000 -20,200000
544 1675375262 0,002045 97,800000 28,600000 28,600000 -20,200000
544 1675375263 0,002045 97,800000 28,800000 28,800000 -20,200000
544 1675375264 0,002045 97,800000 29,000000 29,000000 -20,200000
544 1675375265 0,004065 98,400000 29,400000 29,400000 -20,200000
544 1675375266 0,004065 98,400000 29,800000 29,800000 -20,200000
544 1675375267 0,004065 98,400000 30,200000 30,200000 -20,200000
544 1675375268 0,004065 98,400000 30,600000 30,600000 -20,200000
544 1675375269 0,004065 98,400000 31,000000 31,000000 -20,200000
544 1675375270 0,002024 98,800000 31,200000 31,200000 -20,200000
544 1675375271 0,002024 98,800000 31,400000 31,400000 -20,200000
544 1675375272 0,002024 98,800000 31,600000 31,600000 -20,200000
544 1675375273 0,002024 98,800000 31,800000 31,800000 -20,200000
544 1675375274 0,002024 98,800000 32,000000 32,000000 -20,200000
544 1675375275 -0,008048 99,400000 31,200000 31,200000 -20,200000
544 1675375276 -0,008048 99,400000 30,400000 30,400000 -20,200000
544 1675375277 -0,008048 99,400000 29,600000 29,600000 -20,200000
544 1675375278 -0,008048 99,400000 28,800000 28,800000 -20,200000
544 1675375279 -0,008048 99,400000 28,000000 28,000000 -20,200000
544 1675375280 -0,006000 100,000000 27,400000 27,400000 -20,200000
544 1675375281 -0,006000 100,000000 26,800000 26,800000 -20,200000
544 1675375282 -0,006000 100,000000 26,200000 26,200000 -20,200000
544 1675375283 -0,006000 100,000000 25,600000 25,600000 -20,200000
544 1675375284 -0,006000 100,000000 25,000000 25,000000 -20,200000
544 1675375285 0,001980 101,000000 25,200000 25,200000 -20,200000
544 1675375286 0,001980 101,000000 25,400000 25,400000 -20,200000
544 1675375287 0,001980 101,000000 25,600000 25,600000 -20,200000
544 1675375288 0,001980 101,000000 25,800000 25,800000 -20,200000
544 1675375289 0,001980 101,000000 26,000000 26,000000 -20,200000
544 1675375290 0,005882 102,000000 26,600000 26,600000 -20,200000
544 1675375291 0,005882 102,000000 27,200000 27,200000 -20,200000
544 1675375292 0,005882 102,000000 27,800000 27,800000 -20,200000
544 1675375293 0,005882 102,000000 28,400000 28,400000 -20,200000
544 1675375294 0,005882 102,000000 29,000000 29,000000 -20,200000
544 1675375295 0,000000 102,400000 29,000000 29,000000 -20,200000
544 1675375296 0,000000 102,400000 29,000000 29,000000 -20,200000
544 1675375297 0,000000 102,400000 29,000000 29,000000 -20,200000
544 1675375298 0,000000 102,400000 29,000000 29,000000 -20,200000
544 1675375299 0,000000 102,400000 29,000000 29,000000 -20,200000
544 1675375300 -0,007752 103,200000 28,200000 28,200000 -20,200000
544 1675375301 -0,007752 103,200000 27,400000 27,400000 -20,200000
544 1675375302 -0,007752 103,200000 26,600000 26,600000 -20,200000
544 1675375303 -0,007752 103,200000 25,800000 25,800000 -20,200000
544 1675375304 -0,007752 103,200000 25,000000 25,000000 -20,200000
544 1675375305 0,005792 103,600000 25,600000 25,600000 -20,200000
544 1675375306 0,005792 103,600000 26,200000 26,200000 -20,200000
544 1675375307 0,005792 103,600000 26,800000 26,800000 -20,200000
544 1675375308 0,005792 103,600000 27,400000 27,400000 -20,200000
544 1675375309 0,005792 103,600000 28,000000 28,000000 -20,200000
544 1675375310 0,005769 104,000000 28,600000 28,600000 -20,200000
544 1675375311 0,005769 104,000000 29,200000 29,200000 -20,200000
544 1675375312 0,005769 104,000000 29,800000 29,800000 -20,200000
544 1675375313 0,005769 104,000000 30,400000 30,400000 -20,200000
544 1675375314 0,005769 104,000000 31,000000 31,000000 -20,200000
544 1675375315 -0,003817 104,800000 30,600000 30,600000 -20,200000
544 1675375316 -0,003817 104,800000 30,200000 30,200000 -20,200000
544 1675375317 -0,003817 104,800000 29,800000 29,800000 -20,200000
544 1675375318 -0,003817 104,800000 29,400000 29,400000 -20,200000
544 1675375319 -0,003817 104,800000 29,000000 29,000000 -20,200000
544 1675375320 0,011407 105,200000 30,200000 30,200000 -20,200000
544 1675375321 0,011407 105,200000 31,400000 31,400000 -20,200000
544 1675375322 0,011407 105,200000 32,600000 32,600000 -20,200000
544 1675375323 0,011407 105,200000 33,800000 33,800000 -20,200000
544 1675375324 0,011407 105,200000 35,000000 35,000000 -20,200000
544 1675375325 0,000000 105,800000 35,000000 35,000000 -20,200000
544 1675375326 0,000000 105,800000 35,000000 35,000000 -20,200000
544 1675375327 0,000000 105,800000 35,000000 35,000000 -20,200000
544 1675375328 0,000000 105,800000 35,000000 35,000000 -20,200000
544 1675375329 0,000000 105,800000 35,000000 35,000000 -20,200000
544 1675375330 -0,003745 106,800000 34,600000 34,600000 -20,200000
544 1675375331 -0,003745 106,800000 34,200000 34,200000 -20,200000
544 1675375332 -0,003745 106,800000 33,800000 33,800000 -20,200000
544 1675375333 -0,003745 106,800000 33,400000 33,400000 -20,200000
544 1675375334 -0,003745 106,800000 33,000000 33,000000 -20,200000
544 1675375335 -0,005587 107,400000 32,400000 32,400000 -20,200000
544 1675375336 -0,005587 107,400000 31,800000 31,800000 -20,200000
544 1675375337 -0,005587 107,400000 31,200000 31,200000 -20,200000
544 1675375338 -0,005587 107,400000 30,600000 30,600000 -20,200000
544 1675375339 -0,005587 107,400000 30,000000 30,000000 -20,200000
544 1675375340 -0,009276 107,800000 29,000000 29,000000 -20,200000
544 1675375341 -0,009276 107,800000 28,000000 28,000000 -20,200000
544 1675375342 -0,009276 107,800000 27,000000 27,000000 -20,200000
544 1675375343 -0,009276 107,800000 26,000000 26,000000 -20,200000
544 1675375344 -0,009276 107,800000 25,000000 25,000000 -20,200000
544 1675375345 -0,001852 108,000000 24,800000 24,800000 -20,200000
544 1675375346 -0,001852 108,000000 24,600000 24,600000 -20,200000
544 1675375347 -0,001852 108,000000 24,400000 24,400000 -20,200000
544 1675375348 -0,001852 108,000000 24,200000 24,200000 -20,200000
544 1675375349 -0,001852 108,000000 24,000000 24,000000 -20,200000
544 1675375350 0,005505 109,000000 24,600000 24,600000 -20,200000
544 1675375351 0,005505 109,000000 25,200000 25,200000 -20,200000
544 1675375352 0,005505 109,000000 25,800000 25,800000 -20,200000
544 1675375353 0,005505 109,000000 26,400000 26,400000 -20,200000
544 1675375354 0,005505 109,000000 27,000000 27,000000 -20,200000
544 1675375355 0,000000 110,200000 27,000000 27,000000 -20,200000
544 1675375356 0,000000 110,200000 27,000000 27,000000 -20,200000
544 1675375357 0,000000 110,200000 27,000000 27,000000 -20,200000
544 1675375358 0,000000 110,200000 27,000000 27,000000 -20,200000
544 1675375359 0,000000 110,200000 27,000000 27,000000 -20,200000
544 1675375360 0,000000 110,800000 27,000000 27,000000 -20,200000
544 1675375361 0,000000 110,800000 27,000000 27,000000 -20,200000
544 1675375362 0,000000 110,800000 27,000000 27,000000 -20,200000
544 1675375363 0,000000 110,800000 27,000000 27,000000 -20,200000
544 1675375364 0,000000 110,800000 27,000000 27,000000 -20,200000
544 1675375365 0,007168 111,600000 27,800000 27,800000 -20,200000
544 1675375366 0,007168 111,600000 28,600000 28,600000 -20,200000
544 1675375367 0,007168 111,600000 29,400000 29,400000 -20,200000
544 1675375368 0,007168 111,600000 30,200000 30,200000 -20,200000
544 1675375369 0,007168 111,600000 31,000000 31,000000 -20,200000
544 1675375370 0,000000 111,600000 31,000000 31,000000 -20,200000
544 1675375371 0,000000 111,600000 31,000000 31,000000 -20,200000
544 1675375372 0,000000 111,600000 31,000000 31,000000 -20,200000
544 1675375373 0,000000 111,600000 31,000000 31,000000 -20,200000
544 1675375374 0,000000 111,600000 31,000000 31,000000 -20,200000
544 1675375375 -0,012456 112,400000 29,600000 29,600000 -20,200000
544 1675375376 -0,012456 112,400000 28,200000 28,200000 -20,200000
544 1675375377 -0,012456 112,400000 26,800000 26,800000 -20,200000
544 1675375378 -0,012456 112,400000 25,400000 25,400000 -20,200000
544 1675375379 -0,012456 112,400000 24,000000 24,000000 -20,200000
544 1675375380 0,000000 112,600000 24,000000 24,000000 -20,200000
544 1675375381 0,000000 112,600000 24,000000 24,000000 -20,200000
544 1675375382 0,000000 112,600000 24,000000 24,000000 -20,200000
544 1675375383 0,000000 112,600000 24,000000 24,000000 -20,200000
544 1675375384 0,000000 112,600000 24,000000 24,000000 -20,200000
544 1675375385 0,012324 113,600000 25,400000 25,400000 -20,200000
544 1675375386 0,012324 113,600000 26,800000 26,800000 -20,200000
544 1675375387 0,012324 113,600000 28,200000 28,200000 -20,200000
544 1675375388 0,012324 113,600000 29,600000 29,600000 -20,200000
544 1675375389 0,012324 113,600000 31,000000 31,000000 -20,200000
544 1675375390 0,015734 114,400000 32,800000 32,800000 -20,200000
544 1675375391 0,015734 114,400000 34,600000 34,600000 -20,200000
544 1675375392 0,015734 114,400000 36,400000 36,400000 -20,200000
544 1675375393 0,015734 114,400000 38,200000 38,200000 -20,200000
544 1675375394 0,015734 114,400000 40,000000 40,000000 -20,200000
544 1675375395 0,000000 115,000000 40,000000 40,000000 -20,200000
544 1675375396 0,000000 115,000000 40,000000 40,000000 -20,200000
544 1675375397 0,000000 115,000000 40,000000 40,000000 -20,200000
544 1675375398 0,000000 115,000000 40,000000 40,000000 -20,200000
544 1675375399 0,000000 115,000000 40,000000 40,000000 -20,200000
544 1675375400 -0,013793 116,000000 38,400000 38,400000 -20,200000
544 1675375401 -0,013793 116,000000 36,800000 36,800000 -20,200000
544 1675375402 -0,013793 116,000000 35,200000 35,200000 -20,200000
544 1675375403 -0,013793 116,000000 33,600000 33,600000 -20,200000
544 1675375404 -0,013793 116,000000 32,000000 32,000000 -20,200000
544 1675375405 -0,003425 116,800000 31,600000 31,600000 -20,200000
544 1675375406 -0,003425 116,800000 31,200000 31,200000 -20,200000
544 1675375407 -0,003425 116,800000 30,800000 30,800000 -20,200000
544 1675375408 -0,003425 116,800000 30,400000 30,400000 -20,200000
544 1675375409 -0,003425 116,800000 30,000000 30,000000 -20,200000
544 1675375410 0,005111 117,400000 30,600000 30,600000 -20,200000
544 1675375411 0,005111 117,400000 31,200000 31,200000 -20,200000
544 1675375412 0,005111 117,400000 31,800000 31,800000 -20,200000
544 1675375413 0,005111 117,400000 32,400000 32,400000 -20,200000
544 1675375414 0,005111 117,400000 33,000000 33,000000 -20,200000
544 1675375415 -0,001692 118,200000 32,800000 32,800000 -20,200000
544 1675375416 -0,001692 118,200000 32,600000 32,600000 -20,200000
544 1675375417 -0,001692 118,200000 32,400000 32,400000 -20,200000
544 1675375418 -0,001692 118,200000 32,200000 32,200000 -20,200000
544 1675375419 -0,001692 118,200000 32,000000 32,000000 -20,200000
544 1675375420 -0,005068 118,400000 31,400000 31,400000 -20,200000
544 1675375421 -0,005068 118,400000 30,800000 30,800000 -20,200000
544 1675375422 -0,005068 118,400000 30,200000 30,200000 -20,200000
544 1675375423 -0,005068 118,400000 29,600000 29,600000 -20,200000
544 1675375424 -0,005068 118,400000 29,000000 29,000000 -20,200000
544 1675375425 0,005051 118,800000 29,600000 29,600000 -20,200000
544 1675375426 0,005051 118,800000 30,200000 30,200000 -20,200000
544 1675375427 0,005051 118,800000 30,800000 30,800000 -20,200000
544 1675375428 0,005051 118,800000 31,400000 31,400000 -20,200000
544 1675375429 0,005051 118,800000 32,000000 32,000000 -20,200000
544 1675375430 -0,008361 119,600000 31,000000 31,000000 -20,200000
544 1675375431 -0,008361 119,600000 30,000000 30,000000 -20,200000
544 1675375432 -0,008361 119,600000 29,000000 29,000000 -20,200000
544 1675375433 -0,008361 119,600000 28,000000 28,000000 -20,200000
544 1675375434 -0,008361 119,600000 27,000000 27,000000 -20,200000
544 1675375435 0,001667 120,000000 27,200000 27,200000 -20,200000
544 1675375436 0,001667 120,000000 27,400000 27,400000 -20,200000
544 1675375437 0,001667 120,000000 27,600000 27,600000 -20,200000
544 1675375438 0,001667 120,000000 27,800000 27,800000 -20,200000
544 1675375439 0,001667 120,000000 28,000000 28,000000 -20,200000
544 1675375440 0,006623 120,800000 28,800000 28,800000 -20,200000
544 1675375441 0,006623 120,800000 29,600000 29,600000 -20,200000
544 1675375442 0,006623 120,800000 30,400000 30,400000 -20,200000
544 1675375443 0,006623 120,800000 31,200000 31,200000 -20,200000
544 1675375444 0,006623 120,800000 32,000000 32,000000 -20,200000
544 1675375445 -0,003300 121,200000 31,600000 31,600000 -20,200000
544 1675375446 -0,003300 121,200000 31,200000 31,200000 -20,200000
544 1675375447 -0,003300 121,200000 30,800000 30,800000 -20,200000
544 1675375448 -0,003300 121,200000 30,400000 30,400000 -20,200000
544 1675375449 -0,003300 121,200000 30,000000 30,000000 -20,200000
544 1675375450 -0,003268 122,400000 29,600000 29,600000 -20,200000
544 1675375451 -0,003268 122,400000 29,200000 29,200000 -20,200000
544 1675375452 -0,003268 122,400000 28,800000 28,800000 -20,200000
544 1675375453 -0,003268 122,400000 28,400000 28,400000 -20,200000
544 1675375454 -0,003268 122,400000 28,000000 28,000000 -20,200000
544 1675375455 0,000000 123,200000 28,000000 28,000000 -20,200000
544 1675375456 0,000000 123,200000 28,000000 28,000000 -20,200000
544 1675375457 0,000000 123,200000 28,000000 28,000000 -20,200000
544 1675375458 0,000000 123,200000 28,000000 28,000000 -20,200000
544 1675375459 0,000000 123,200000 28,000000 28,000000 -20,200000
544 1675375460 -0,001608 124,400000 27,800000 27,800000 -20,200000
544 1675375461 -0,001608 124,400000 27,600000 27,600000 -20,200000
544 1675375462 -0,001608 124,400000 27,400000 27,400000 -20,200000
544 1675375463 -0,001608 124,400000 27,200000 27,200000 -20,200000
544 1675375464 -0,001608 124,400000 27,000000 27,000000 -20,200000
544 1675375465 -0,003205 124,800000 26,600000 26,600000 -20,200000
544 1675375466 -0,003205 124,800000 26,200000 26,200000 -20,200000
544 1675375467 -0,003205 124,800000 25,800000 25,800000 -20,200000
544 1675375468 -0,003205 124,800000 25,400000 25,400000 -20,200000
544 1675375469 -0,003205 124,800000 25,000000 25,000000 -20,200000
544 1675375470 0,006390 125,200000 25,800000 25,800000 -20,200000
544 1675375471 0,006390 125,200000 26,600000 26,600000 -20,200000
544 1675375472 0,006390 125,200000 27,400000 27,400000 -20,200000
544 1675375473 0,006390 125,200000 28,200000 28,200000 -20,200000
544 1675375474 0,006390 125,200000 29,000000 29,000000 -20,200000
544 1675375475 0,001590 125,800000 29,200000 29,200000 -20,200000
544 1675375476 0,001590 125,800000 29,400000 29,400000 -20,200000
544 1675375477 0,001590 125,800000 29,600000 29,600000 -20,200000
544 1675375478 0,001590 125,800000 29,800000 29,800000 -20,200000
544 1675375479 0,001590 125,800000 30,000000 30,000000 -20,200000
544 1675375480 -0,009479 126,600000 28,800000 28,800000 -20,200000
544 1675375481 -0,009479 126,600000 27,600000 27,600000 -20,200000
544 1675375482 -0,009479 126,600000 26,400000 26,400000 -20,200000
544 1675375483 -0,009479 126,600000 25,200000 25,200000 -20,200000
544 1675375484 -0,009479 126,600000 24,000000 24,000000 -20,200000
544 1675375485 0,001577 126,800000 24,200000 24,200000 -20,200000
544 1675375486 0,001577 126,800000 24,400000 24,400000 -20,200000
544 1675375487 0,001577 126,800000 24,600000 24,600000 -20,200000
544 1675375488 0,001577 126,800000 24,800000 24,800000 -20,200000
544 1675375489 0,001577 126,800000 25,000000 25,000000 -20,200000
544 1675375490 0,000000 126,800000 25,000000 25,000000 -20,200000
544 1675375491 0,000000 126,800000 25,000000 25,000000 -20,200000
544 1675375492 0,000000 126,800000 25,000000 25,000000 -20,200000
544 1675375493 0,000000 126,800000 25,000000 25,000000 -20,200000
544 1675375494 0,000000 126,800000 25,000000 25,000000 -20,200000
544 1675375495 0,000000 126,800000 25,000000 25,000000 -20,200000
544 1675375496 0,000000 126,800000 25,000000 25,000000 -20,200000
544 1675375497 0,000000 126,800000 25,000000 25,000000 -20,200000
544 1675375498 0,000000 126,800000 25,000000 25,000000 -20,200000
544 1675375499 0,000000 126,800000 25,000000 25,000000 -20,200000
544 1675375500 0,003150 127,000000 25,400000 25,400000 -20,200000
544 1675375501 0,003150 127,000000 25,800000 25,800000 -20,200000
544 1675375502 0,003150 127,000000 26,200000 26,200000 -20,200000
544 1675375503 0,003150 127,000000 26,600000 26,600000 -20,200000
544 1675375504 0,003150 127,000000 27,000000 27,000000 -20,200000
544 1675375505 0,003135 127,600000 27,400000 27,400000 -20,200000
544 1675375506 0,003135 127,600000 27,800000 27,800000 -20,200000
544 1675375507 0,003135 127,600000 28,200000 28,200000 -20,200000
544 1675375508 0,003135 127,600000 28,600000 28,600000 -20,200000
544 1675375509 0,003135 127,600000 29,000000 29,000000 -20,200000
544 1675375510 0,007788 128,400000 30,000000 30,000000 -20,200000
544 1675375511 0,007788 128,400000 31,000000 31,000000 -20,200000
544 1675375512 0,007788 128,400000 32,000000 32,000000 -20,200000
544 1675375513 0,007788 128,400000 33,000000 33,000000 -20,200000
544 1675375514 0,007788 128,400000 34,000000 34,000000 -20,200000
544 1675375515 0,003077 130,000000 34,400000 34,400000 -20,200000
544 1675375516 0,003077 130,000000 34,800000 34,800000 -20,200000
544 1675375517 0,003077 130,000000 35,200000 35,200000 -20,200000
544 1675375518 0,003077 130,000000 35,600000 35,600000 -20,200000
544 1675375519 0,003077 130,000000 36,000000 36,000000 -20,200000
544 1675375520 -0,006135 130,400000 35,200000 35,200000 -20,200000
544 1675375521 -0,006135 130,400000 34,400000 34,400000 -20,200000
544 1675375522 -0,006135 130,400000 33,600000 33,600000 -20,200000
544 1675375523 -0,006135 130,400000 32,800000 32,800000 -20,200000
544 1675375524 -0,006135 130,400000 32,000000 32,000000 -20,200000
544 1675375525 -0,009119 131,600000 30,800000 30,800000 -20,200000
544 1675375526 -0,009119 131,600000 29,600000 29,600000 -20,200000
544 1675375527 -0,009119 131,600000 28,400000 28,400000 -20,200000
544 1675375528 -0,009119 131,600000 27,200000 27,200000 -20,200000
544 1675375529 -0,009119 131,600000 26,000000 26,000000 -20,200000
544 1675375530 -0,006051 132,200000 25,200000 25,200000 -20,200000
544 1675375531 -0,006051 132,200000 24,400000 24,400000 -20,200000
544 1675375532 -0,006051 132,200000 23,600000 23,600000 -20,200000
544 1675375533 -0,006051 132,200000 22,800000 22,800000 -20,200000
544 1675375534 -0,006051 132,200000 22,000000 22,000000 -20,200000
544 1675375535 0,009023 133,000000 23,200000 23,200000 -20,200000
544 1675375536 0,009023 133,000000 24,400000 24,400000 -20,200000
544 1675375537 0,009023 133,000000 25,600000 25,600000 -20,200000
544 1675375538 0,009023 133,000000 26,800000 26,800000 -20,200000
544 1675375539 0,009023 133,000000 28,000000 28,000000 -20,200000
544 1675375540 0,007485 133,600000 29,000000 29,000000 -20,200000
544 1675375541 0,007485 133,600000 30,000000 30,000000 -20,200000
544 1675375542 0,007485 133,600000 31,000000 31,000000 -20,200000
544 1675375543 0,007485 133,600000 32,000000 32,000000 -20,200000
544 1675375544 0,007485 133,600000 33,000000 33,000000 -20,200000
544 1675375545 0,000000 134,200000 33,000000 33,000000 -20,200000
544 1675375546 0,000000 134,200000 33,000000 33,000000 -20,200000
544 1675375547 0,000000 134,200000 33,000000 33,000000 -20,200000
544 1675375548 0,000000 134,200000 33,000000 33,000000 -20,200000
544 1675375549 0,000000 134,200000 33,000000 33,000000 -20,200000
544 1675375550 -0,007429 134,600000 32,000000 32,000000 -20,200000
544 1675375551 -0,007429 134,600000 31,000000 31,000000 -20,200000
544 1675375552 -0,007429 134,600000 30,000000 30,000000 -20,200000
544 1675375553 -0,007429 134,600000 29,000000 29,000000 -20,200000
544 1675375554 -0,007429 134,600000 28,000000 28,000000 -20,200000
544 1675375555 -0,004451 134,800000 27,400000 27,400000 -20,200000
544 1675375556 -0,004451 134,800000 26,800000 26,800000 -20,200000
544 1675375557 -0,004451 134,800000 26,200000 26,200000 -20,200000
544 1675375558 -0,004451 134,800000 25,600000 25,600000 -20,200000
544 1675375559 -0,004451 134,800000 25,000000 25,000000 -20,200000
544 1675375560 0,001481 135,000000 25,200000 25,200000 -20,200000
544 1675375561 0,001481 135,000000 25,400000 25,400000 -20,200000
544 1675375562 0,001481 135,000000 25,600000 25,600000 -20,200000
544 1675375563 0,001481 135,000000 25,800000 25,800000 -20,200000
544 1675375564 0,001481 135,000000 26,000000 26,000000 -20,200000
544 1675375565 0,000000 135,400000 26,000000 26,000000 -20,200000
544 1675375566 0,000000 135,400000 26,000000 26,000000 -20,200000
544 1675375567 0,000000 135,400000 26,000000 26,000000 -20,200000
544 1675375568 0,000000 135,400000 26,000000 26,000000 -20,200000
544 1675375569 0,000000 135,400000 26,000000 26,000000 -20,200000
544 1675375570 0,001468 136,200000 26,200000 26,200000 -20,200000
544 1675375571 0,001468 136,200000 26,400000 26,400000 -20,200000
544 1675375572 0,001468 136,200000 26,600000 26,600000 -20,200000
544 1675375573 0,001468 136,200000 26,800000 26,800000 -20,200000
544 1675375574 0,001468 136,200000 27,000000 27,000000 -20,200000
544 1675375575 0,001466 136,400000 27,200000 27,200000 -20,200000
544 1675375576 0,001466 136,400000 27,400000 27,400000 -20,200000
544 1675375577 0,001466 136,400000 27,600000 27,600000 -20,200000
544 1675375578 0,001466 136,400000 27,800000 27,800000 -20,200000
544 1675375579 0,001466 136,400000 28,000000 28,000000 -20,200000
544 1675375580 0,002920 137,000000 28,400000 28,400000 -20,200000
544 1675375581 0,002920 137,000000 28,800000 28,800000 -20,200000
544 1675375582 0,002920 137,000000 29,200000 29,200000 -20,200000
544 1675375583 0,002920 137,000000 29,600000 29,600000 -20,200000
544 1675375584 0,002920 137,000000 30,000000 30,000000 -20,200000
544 1675375585 0,002903 137,800000 30,400000 30,400000 -20,200000
544 1675375586 0,002903 137,800000 30,800000 30,800000 -20,200000
544 1675375587 0,002903 137,800000 31,200000 31,200000 -20,200000
544 1675375588 0,002903 137,800000 31,600000 31,600000 -20,200000
544 1675375589 0,002903 137,800000 32,000000 32,000000 -20,200000
544 1675375590 0,001441 138,800000 32,200000 32,200000 -20,200000
544 1675375591 0,001441 138,800000 32,400000 32,400000 -20,200000
544 1675375592 0,001441 138,800000 32,600000 32,600000 -20,200000
544 1675375593 0,001441 138,800000 32,800000 32,800000 -20,200000
544 1675375594 0,001441 138,800000 33,000000 33,000000 -20,200000
544 1675375595 0,001435 139,400000 33,200000 33,200000 -20,200000
544 1675375596 0,001435 139,400000 33,400000 33,400000 -20,200000
544 1675375597 0,001435 139,400000 33,600000 33,600000 -20,200000
544 1675375598 0,001435 139,400000 33,800000 33,800000 -20,200000
544 1675375599 0,001435 139,400000 34,000000 34,000000 -20,200000
544 1675375600 -0,001420 140,800000 33,800000 33,800000 -20,200000
544 1675375601 -0,001420 140,800000 33,600000 33,600000 -20,200000
544 1675375602 -0,001420 140,800000 33,400000 33,400000 -20,200000
544 1675375603 -0,001420 140,800000 33,200000 33,200000 -20,200000
544 1675375604 -0,001420 140,800000 33,000000 33,000000 -20,200000
544 1675375605 0,005650 141,600000 33,800000 33,800000 -20,200000
544 1675375606 0,005650 141,600000 34,600000 34,600000 -20,200000
544 1675375607 0,005650 141,600000 35,400000 35,400000 -20,200000
544 1675375608 0,005650 141,600000 36,200000 36,200000 -20,200000
544 1675375609 0,005650 141,600000 37,000000 37,000000 -20,200000
544 1675375610 -0,002809 142,400000 36,600000 36,600000 -20,200000
544 1675375611 -0,002809 142,400000 36,200000 36,200000 -20,200000
544 1675375612 -0,002809 142,400000 35,800000 35,800000 -20,200000
544 1675375613 -0,002809 142,400000 35,400000 35,400000 -20,200000
544 1675375614 -0,002809 142,400000 35,000000 35,000000 -20,200000
544 1675375615 -0,008368 143,400000 33,800000 33,800000 -20,200000
544 1675375616 -0,008368 143,400000 32,600000 32,600000 -20,200000
544 1675375617 -0,008368 143,400000 31,400000 31,400000 -20,200000
544 1675375618 -0,008368 143,400000 30,200000 30,200000 -20,200000
544 1675375619 -0,008368 143,400000 29,000000 29,000000 -20,200000
544 1675375620 0,002786 143,600000 29,400000 29,400000 -20,200000
544 1675375621 0,002786 143,600000 29,800000 29,800000 -20,200000
544 1675375622 0,002786 143,600000 30,200000 30,200000 -20,200000
544 1675375623 0,002786 143,600000 30,600000 30,600000 -20,200000
544 1675375624 0,002786 143,600000 31,000000 31,000000 -20,200000
544 1675375625 0,000000 144,200000 31,000000 31,000000 -20,200000
544 1675375626 0,000000 144,200000 31,000000 31,000000 -20,200000
544 1675375627 0,000000 144,200000 31,000000 31,000000 -20,200000
544 1675375628 0,000000 144,200000 31,000000 31,000000 -20,200000
544 1675375629 0,000000 144,200000 31,000000 31,000000 -20,200000
544 1675375630 -0,001377 145,200000 30,800000 30,800000 -20,200000
544 1675375631 -0,001377 145,200000 30,600000 30,600000 -20,200000
544 1675375632 -0,001377 145,200000 30,400000 30,400000 -20,200000
544 1675375633 -0,001377 145,200000 30,200000 30,200000 -20,200000
544 1675375634 -0,001377 145,200000 30,000000 30,000000 -20,200000
544 1675375635 -0,002747 145,600000 29,600000 29,600000 -20,200000
544 1675375636 -0,002747 145,600000 29,200000 29,200000 -20,200000
544 1675375637 -0,002747 145,600000 28,800000 28,800000 -20,200000
544 1675375638 -0,002747 145,600000 28,400000 28,400000 -20,200000
544 1675375639 -0,002747 145,600000 28,000000 28,000000 -20,200000
544 1675375640 0,004110 146,000000 28,600000 28,600000 -20,200000
544 1675375641 0,004110 146,000000 29,200000 29,200000 -20,200000
544 1675375642 0,004110 146,000000 29,800000 29,800000 -20,200000
544 1675375643 0,004110 146,000000 30,400000 30,400000 -20,200000
544 1675375644 0,004110 146,000000 31,000000 31,000000 -20,200000
544 1675375645 -0,001368 146,200000 30,800000 30,800000 -20,200000
544 1675375646 -0,001368 146,200000 30,600000 30,600000 -20,200000
544 1675375647 -0,001368 146,200000 30,400000 30,400000 -20,200000
544 1675375648 -0,001368 146,200000 30,200000 30,200000 -20,200000
544 1675375649 -0,001368 146,200000 30,000000 30,000000 -20,200000
544 1675375650 -0,002732 146,400000 29,600000 29,600000 -20,200000
544 1675375651 -0,002732 146,400000 29,200000 29,200000 -20,200000
544 1675375652 -0,002732 146,400000 28,800000 28,800000 -20,200000
544 1675375653 -0,002732 146,400000 28,400000 28,400000 -20,200000
544 1675375654 -0,002732 146,400000 28,000000 28,000000 -20,200000
544 1675375655 -0,002725 146,800000 27,600000 27,600000 -20,200000
544 1675375656 -0,002725 146,800000 27,200000 27,200000 -20,200000
544 1675375657 -0,002725 146,800000 26,800000 26,800000 -20,200000
544 1675375658 -0,002725 146,800000 26,400000 26,400000 -20,200000
544 1675375659 -0,002725 146,800000 26,000000 26,000000 -20,200000
544 1675375660 0,006757 148,000000 27,000000 27,000000 -20,200000
544 1675375661 0,006757 148,000000 28,000000 28,000000 -20,200000
544 1675375662 0,006757 148,000000 29,000000 29,000000 -20,200000
544 1675375663 0,006757 148,000000 30,000000 30,000000 -20,200000
544 1675375664 0,006757 148,000000 31,000000 31,000000 -20,200000
544 1675375665 0,013369 149,600000 33,000000 33,000000 -20,200000
544 1675375666 0,013369 149,600000 35,000000 35,000000 -20,200000
544 1675375667 0,013369 149,600000 37,000000 37,000000 -20,200000
544 1675375668 0,013369 149,600000 39,000000 39,000000 -20,200000
544 1675375669 0,013369 149,600000 41,000000 41,000000 -20,200000
544 1675375670 -0,007989 150,200000 39,800000 39,800000 -20,200000
544 1675375671 -0,007989 150,200000 38,600000 38,600000 -20,200000
544 1675375672 -0,007989 150,200000 37,400000 37,400000 -20,200000
544 1675375673 -0,007989 150,200000 36,200000 36,200000 -20,200000
544 1675375674 -0,007989 150,200000 35,000000 35,000000 -20,200000
544 1675375675 -0,017150 151,600000 32,400000 32,400000 -20,200000
544 1675375676 -0,017150 151,600000 29,800000 29,800000 -20,200000
544 1675375677 -0,017150 151,600000 27,200000 27,200000 -20,200000
544 1675375678 -0,017150 151,600000 24,600000 24,600000 -20,200000
544 1675375679 -0,017150 151,600000 22,000000 22,000000 -20,200000
544 1675375680 0,001314 152,200000 22,200000 22,200000 -20,200000
544 1675375681 0,001314 152,200000 22,400000 22,400000 -20,200000
544 1675375682 0,001314 152,200000 22,600000 22,600000 -20,200000
544 1675375683 0,001314 152,200000 22,800000 22,800000 -20,200000
544 1675375684 0,001314 152,200000 23,000000 23,000000 -20,200000
544 1675375685 0,006536 153,000000 24,000000 24,000000 -20,200000
544 1675375686 0,006536 153,000000 25,000000 25,000000 -20,200000
544 1675375687 0,006536 153,000000 26,000000 26,000000 -20,200000
544 1675375688 0,006536 153,000000 27,000000 27,000000 -20,200000
544 1675375689 0,006536 153,000000 28,000000 28,000000 -20,200000
544 1675375690 0,000000 153,800000 28,000000 28,000000 -20,200000
544 1675375691 0,000000 153,800000 28,000000 28,000000 -20,200000
544 1675375692 0,000000 153,800000 28,000000 28,000000 -20,200000
544 1675375693 0,000000 153,800000 28,000000 28,000000 -20,200000
544 1675375694 0,000000 153,800000 28,000000 28,000000 -20,200000
544 1675375695 0,002594 154,200000 28,400000 28,400000 -20,200000
544 1675375696 0,002594 154,200000 28,800000 28,800000 -20,200000
544 1675375697 0,002594 154,200000 29,200000 29,200000 -20,200000
544 1675375698 0,002594 154,200000 29,600000 29,600000 -20,200000
544 1675375699 0,002594 154,200000 30,000000 30,000000 -20,200000
544 1675375700 0,009044 154,800000 31,400000 31,400000 -20,200000
544 1675375701 0,009044 154,800000 32,800000 32,800000 -20,200000
544 1675375702 0,009044 154,800000 34,200000 34,200000 -20,200000
544 1675375703 0,009044 154,800000 35,600000 35,600000 -20,200000
544 1675375704 0,009044 154,800000 37,000000 37,000000 -20,200000
544 1675375705 0,001289 155,200000 37,200000 37,200000 -20,200000
544 1675375706 0,001289 155,200000 37,400000 37,400000 -20,200000
544 1675375707 0,001289 155,200000 37,600000 37,600000 -20,200000
544 1675375708 0,001289 155,200000 37,800000 37,800000 -20,200000
544 1675375709 0,001289 155,200000 38,000000 38,000000 -20,200000
544 1675375710 -0,005141 155,600000 37,200000 37,200000 -20,200000
544 1675375711 -0,005141 155,600000 36,400000 36,400000 -20,200000
544 1675375712 -0,005141 155,600000 35,600000 35,600000 -20,200000
544 1675375713 -0,005141 155,600000 34,800000 34,800000 -20,200000
544 1675375714 -0,005141 155,600000 34,000000 34,000000 -20,200000
544 1675375715 -0,008951 156,400000 32,600000 32,600000 -20,200000
544 1675375716 -0,008951 156,400000 31,200000 31,200000 -20,200000
544 1675375717 -0,008951 156,400000 29,800000 29,800000 -20,200000
544 1675375718 -0,008951 156,400000 28,400000 28,400000 -20,200000
544 1675375719 -0,008951 156,400000 27,000000 27,000000 -20,200000
544 1675375720 0,002551 156,800000 27,400000 27,400000 -20,200000
544 1675375721 0,002551 156,800000 27,800000 27,800000 -20,200000
544 1675375722 0,002551 156,800000 28,200000 28,200000 -20,200000
544 1675375723 0,002551 156,800000 28,600000 28,600000 -20,200000
544 1675375724 0,002551 156,800000 29,000000 29,000000 -20,200000
544 1675375725 0,005089 157,200000 29,800000 29,800000 -20,200000
544 1675375726 0,005089 157,200000 30,600000 30,600000 -20,200000
544 1675375727 0,005089 157,200000 31,400000 31,400000 -20,200000
544 1675375728 0,005089 157,200000 32,200000 32,200000 -20,200000
544 1675375729 0,005089 157,200000 33,000000 33,000000 -20,200000
544 1675375730 -0,001263 158,400000 32,800000 32,800000 -20,200000
544 1675375731 -0,001263 158,400000 32,600000 32,600000 -20,200000
544 1675375732 -0,001263 158,400000 32,400000 32,400000 -20,200000
544 1675375733 -0,001263 158,400000 32,200000 32,200000 -20,200000
544 1675375734 -0,001263 158,400000 32,000000 32,000000 -20,200000
544 1675375735 -0,001255 159,400000 31,800000 31,800000 -20,200000
544 1675375736 -0,001255 159,400000 31,600000 31,600000 -20,200000
544 1675375737 -0,001255 159,400000 31,400000 31,400000 -20,200000
544 1675375738 -0,001255 159,400000 31,200000 31,200000 -20,200000
544 1675375739 -0,001255 159,400000 31,000000 31,000000 -20,200000
544 1675375740 0,000000 160,400000 31,000000 31,000000 -20,200000
544 1675375741 0,000000 160,400000 31,000000 31,000000 -20,200000
544 1675375742 0,000000 160,400000 31,000000 31,000000 -20,200000
544 1675375743 0,000000 160,400000 31,000000 31,000000 -20,200000
544 1675375744 0,000000 160,400000 31,000000 31,000000 -20,200000
544 1675375745 0,001242 161,000000 31,200000 31,200000 -20,200000
544 1675375746 0,001242 161,000000 31,400000 31,400000 -20,200000
544 1675375747 0,001242 161,000000 31,600000 31,600000 -20,200000
544 1675375748 0,001242 161,000000 31,800000 31,800000 -20,200000
544 1675375749 0,001242 161,000000 32,000000 32,000000 -20,200000
544 1675375750 -0,001232 162,400000 31,800000 31,800000 -20,200000
544 1675375751 -0,001232 162,400000 31,600000 31,600000 -20,200000
544 1675375752 -0,001232 162,400000 31,400000 31,400000 -20,200000
544 1675375753 -0,001232 162,400000 31,200000 31,200000 -20,200000
544 1675375754 -0,001232 162,400000 31,000000 31,000000 -20,200000
544 1675375755 -0,008557 163,600000 29,600000 29,600000 -20,200000
544 1675375756 -0,008557 163,600000 28,200000 28,200000 -20,200000
544 1675375757 -0,008557 163,600000 26,800000 26,800000 -20,200000
544 1675375758 -0,008557 163,600000 25,400000 25,400000 -20,200000
544 1675375759 -0,008557 163,600000 24,000000 24,000000 -20,200000
544 1675375760 0,004872 164,200000 24,800000 24,800000 -20,200000
544 1675375761 0,004872 164,200000 25,600000 25,600000 -20,200000
544 1675375762 0,004872 164,200000 26,400000 26,400000 -20,200000
544 1675375763 0,004872 164,200000 27,200000 27,200000 -20,200000
544 1675375764 0,004872 164,200000 28,000000 28,000000 -20,200000
544 1675375765 0,003650 164,400000 28,600000 28,600000 -20,200000
544 1675375766 0,003650 164,400000 29,200000 29,200000 -20,200000
544 1675375767 0,003650 164,400000 29,800000 29,800000 -20,200000
544 1675375768 0,003650 164,400000 30,400000 30,400000 -20,200000
544 1675375769 0,003650 164,400000 31,000000 31,000000 -20,200000
544 1675375770 -0,001214 164,800000 30,800000 30,800000 -20,200000
544 1675375771 -0,001214 164,800000 30,600000 30,600000 -20,200000
544 1675375772 -0,001214 164,800000 30,400000 30,400000 -20,200000
544 1675375773 -0,001214 164,800000 30,200000 30,200000 -20,200000
544 1675375774 -0,001214 164,800000 30,000000 30,000000 -20,200000
544 1675375775 0,000000 165,200000 30,000000 30,000000 -20,200000
544 1675375776 0,000000 165,200000 30,000000 30,000000 -20,200000
544 1675375777 0,000000 165,200000 30,000000 30,000000 -20,200000
544 1675375778 0,000000 165,200000 30,000000 30,000000 -20,200000
544 1675375779 0,000000 165,200000 30,000000 30,000000 -20,200000
544 1675375780 -0,001208 165,600000 29,800000 29,800000 -20,200000
544 1675375781 -0,001208 165,600000 29,600000 29,600000 -20,200000
544 1675375782 -0,001208 165,600000 29,400000 29,400000 -20,200000
544 1675375783 -0,001208 165,600000 29,200000 29,200000 -20,200000
544 1675375784 -0,001208 165,600000 29,000000 29,000000 -20,200000
544 1675375785 -0,003610 166,200000 28,400000 28,400000 -20,200000
544 1675375786 -0,003610 166,200000 27,800000 27,800000 -20,200000
544 1675375787 -0,003610 166,200000 27,200000 27,200000 -20,200000
544 1675375788 -0,003610 166,200000 26,600000 26,600000 -20,200000
544 1675375789 -0,003610 166,200000 26,000000 26,000000 -20,200000
544 1675375790 0,008373 167,200000 27,400000 27,400000 -20,200000
544 1675375791 0,008373 167,200000 28,800000 28,800000 -20,200000
544 1675375792 0,008373 167,200000 30,200000 30,200000 -20,200000
544 1675375793 0,008373 167,200000 31,600000 31,600000 -20,200000
544 1675375794 0,008373 167,200000 33,000000 33,000000 -20,200000
544 1675375795 -0,003580 167,600000 32,400000 32,400000 -20,200000
544 1675375796 -0,003580 167,600000 31,800000 31,800000 -20,200000
544 1675375797 -0,003580 167,600000 31,200000 31,200000 -20,200000
544 1675375798 -0,003580 167,600000 30,600000 30,600000 -20,200000
544 1675375799 -0,003580 167,600000 30,000000 30,000000 -20,200000
544 1675375800 -0,003567 168,200000 29,400000 29,400000 -20,200000
544 1675375801 -0,003567 168,200000 28,800000 28,800000 -20,200000
544 1675375802 -0,003567 168,200000 28,200000 28,200000 -20,200000
544 1675375803 -0,003567 168,200000 27,600000 27,600000 -20,200000
544 1675375804 -0,003567 168,200000 27,000000 27,000000 -20,200000
544 1675375805 0,002370 168,800000 27,400000 27,400000 -20,200000
544 1675375806 0,002370 168,800000 27,800000 27,800000 -20,200000
544 1675375807 0,002370 168,800000 28,200000 28,200000 -20,200000
544 1675375808 0,002370 168,800000 28,600000 28,600000 -20,200000
544 1675375809 0,002370 168,800000 29,000000 29,000000 -20,200000
544 1675375810 0,004717 169,600000 29,800000 29,800000 -20,200000
544 1675375811 0,004717 169,600000 30,600000 30,600000 -20,200000
544 1675375812 0,004717 169,600000 31,400000 31,400000 -20,200000
544 1675375813 0,004717 169,600000 32,200000 32,200000 -20,200000
544 1675375814 0,004717 169,600000 33,000000 33,000000 -20,200000
544 1675375815 -0,002336 171,200000 32,600000 32,600000 -20,200000
544 1675375816 -0,002336 171,200000 32,200000 32,200000 -20,200000
544 1675375817 -0,002336 171,200000 31,800000 31,800000 -20,200000
544 1675375818 -0,002336 171,200000 31,400000 31,400000 -20,200000
544 1675375819 -0,002336 171,200000 31,000000 31,000000 -20,200000
544 1675375820 -0,002334 171,400000 30,600000 30,600000 -20,200000
544 1675375821 -0,002334 171,400000 30,200000 30,200000 -20,200000
544 1675375822 -0,002334 171,400000 29,800000 29,800000 -20,200000
544 1675375823 -0,002334 171,400000 29,400000 29,400000 -20,200000
544 1675375824 -0,002334 171,400000 29,000000 29,000000 -20,200000
544 1675375825 -0,006985 171,800000 27,800000 27,800000 -20,200000
544 1675375826 -0,006985 171,800000 26,600000 26,600000 -20,200000
544 1675375827 -0,006985 171,800000 25,400000 25,400000 -20,200000
544 1675375828 -0,006985 171,800000 24,200000 24,200000 -20,200000
544 1675375829 -0,006985 171,800000 23,000000 23,000000 -20,200000
544 1675375830 0,001161 172,200000 23,200000 23,200000 -20,200000
544 1675375831 0,001161 172,200000 23,400000 23,400000 -20,200000
544 1675375832 0,001161 172,200000 23,600000 23,600000 -20,200000
544 1675375833 0,001161 172,200000 23,800000 23,800000 -20,200000
544 1675375834 0,001161 172,200000 24,000000 24,000000 -20,200000
544 1675375835 0,003476 172,600000 24,600000 24,600000 -20,200000
544 1675375836 0,003476 172,600000 25,200000 25,200000 -20,200000
544 1675375837 0,003476 172,600000 25,800000 25,800000 -20,200000
544 1675375838 0,003476 172,600000 26,400000 26,400000 -20,200000
544 1675375839 0,003476 172,600000 27,000000 27,000000 -20,200000
544 1675375840 0,000000 172,600000 27,000000 27,000000 -20,200000
544 1675375841 0,000000 172,600000 27,000000 27,000000 -20,200000
544 1675375842 0,000000 172,600000 27,000000 27,000000 -20,200000
544 1675375843 0,000000 172,600000 27,000000 27,000000 -20,200000
544 1675375844 0,000000 172,600000 27,000000 27,000000 -20,200000
544 1675375845 0,004614 173,400000 27,800000 27,800000 -20,200000
544 1675375846 0,004614 173,400000 28,600000 28,600000 -20,200000
544 1675375847 0,004614 173,400000 29,400000 29,400000 -20,200000
544 1675375848 0,004614 173,400000 30,200000 30,200000 -20,200000
544 1675375849 0,004614 173,400000 31,000000 31,000000 -20,200000
544 1675375850 0,011481 174,200000 33,000000 33,000000 -20,200000
544 1675375851 0,011481 174,200000 35,000000 35,000000 -20,200000
544 1675375852 0,011481 174,200000 37,000000 37,000000 -20,200000
544 1675375853 0,011481 174,200000 39,000000 39,000000 -20,200000
544 1675375854 0,011481 174,200000 41,000000 41,000000 -20,200000
544 1675375855 -0,010274 175,200000 39,200000 39,200000 -20,200000
544 1675375856 -0,010274 175,200000 37,400000 37,400000 -20,200000
544 1675375857 -0,010274 175,200000 35,600000 35,600000 -20,200000
544 1675375858 -0,010274 175,200000 33,800000 33,800000 -20,200000
544 1675375859 -0,010274 175,200000 32,000000 32,000000 -20,200000
544 1675375860 -0,010239 175,800000 30,200000 30,200000 -20,200000
544 1675375861 -0,010239 175,800000 28,400000 28,400000 -20,200000
544 1675375862 -0,010239 175,800000 26,600000 26,600000 -20,200000
544 1675375863 -0,010239 175,800000 24,800000 24,800000 -20,200000
544 1675375864 -0,010239 175,800000 23,000000 23,000000 -20,200000
544 1675375865 0,001136 176,000000 23,200000 23,200000 -20,200000
544 1675375866 0,001136 176,000000 23,400000 23,400000 -20,200000
544 1675375867 0,001136 176,000000 23,600000 23,600000 -20,200000
544 1675375868 0,001136 176,000000 23,800000 23,800000 -20,200000
544 1675375869 0,001136 176,000000 24,000000 24,000000 -20,200000
544 1675375870 0,003401 176,400000 24,600000 24,600000 -20,200000
544 1675375871 0,003401 176,400000 25,200000 25,200000 -20,200000
544 1675375872 0,003401 176,400000 25,800000 25,800000 -20,200000
544 1675375873 0,003401 176,400000 26,400000 26,400000 -20,200000
544 1675375874 0,003401 176,400000 27,000000 27,000000 -20,200000
544 1675375875 0,004515 177,200000 27,800000 27,800000 -20,200000
544 1675375876 0,004515 177,200000 28,600000 28,600000 -20,200000
544 1675375877 0,004515 177,200000 29,400000 29,400000 -20,200000
544 1675375878 0,004515 177,200000 30,200000 30,200000 -20,200000
544 1675375879 0,004515 177,200000 31,000000 31,000000 -20,200000
