538 1675374460 0,800000 -1,000000 -101,000000 0,000000 0,000000
538 1675374461 0,800000 -1,000000 -101,000000 0,000000 0,000000
538 1675374462 0,800000 -1,000000 -101,000000 0,000000 0,000000
538 1675374463 0,800000 -1,000000 -101,000000 0,000000 0,000000
538 1675374464 0,800000 -1,000000 -101,000000 0,000000 0,000000
538 1675374465 1,400000 -1,000000 -101,000000 0,000000 0,000000
538 1675374466 1,400000 -1,000000 -101,000000 0,000000 0,000000
538 1675374467 1,400000 -1,000000 -101,000000 0,000000 0,000000
538 1675374468 1,400000 -1,000000 -101,000000 0,000000 0,000000
538 1675374469 1,400000 -1,000000 -101,000000 0,000000 0,000000
538 1675374470 1,200000 -1,000000 -101,000000 0,000000 0,000000
538 1675374471 1,200000 -1,000000 -101,000000 0,000000 0,000000
538 1675374472 1,200000 -1,000000 -101,000000 0,000000 0,000000
538 1675374473 1,200000 -1,000000 -101,000000 0,000000 0,000000
538 1675374474 1,200000 -1,000000 -101,000000 0,000000 0,000000
538 1675374475 1,000000 -1,000000 -101,000000 0,000000 0,000000
538 1675374476 1,000000 -1,000000 -101,000000 0,000000 0,000000
538 1675374477 1,000000 -1,000000 -101,000000 0,000000 0,000000
538 1675374478 1,000000 -1,000000 -101,000000 0,000000 0,000000
538 1675374479 1,000000 -1,000000 -101,000000 0,000000 0,000000
538 1675374480 0,800000 -1,000000 -101,000000 0,000000 0,000000
538 1675374481 0,800000 -1,000000 -101,000000 0,000000 0,000000
538 1675374482 0,800000 -1,000000 -101,000000 0,000000 0,000000
538 1675374483 0,800000 -1,000000 -101,000000 0,000000 0,000000
538 1675374484 0,800000 -1,000000 -101,000000 0,000000 0,000000
538 1675374485 2,000000 -1,000000 -101,000000 0,000000 0,000000
538 1675374486 2,000000 -1,000000 -101,000000 0,000000 0,000000
538 1675374487 2,000000 -1,000000 -101,000000 0,000000 0,000000
538 1675374488 2,000000 -1,000000 -101,000000 0,000000 0,000000
538 1675374489 2,000000 -1,000000 -101,000000 0,000000 0,000000
538 1675374490 2,400000 -1,000000 -101,000000 0,000000 0,000000
538 1675374491 2,400000 -1,000000 -101,000000 0,000000 0,000000
538 1675374492 2,400000 -1,000000 -101,000000 0,000000 0,000000
538 1675374493 2,400000 -1,000000 -101,000000 0,000000 0,000000
538 1675374494 2,400000 -1,000000 -101,000000 0,000000 0,000000
538 1675374495 1,400000 -1,000000 -101,000000 0,000000 0,000000
538 1675374496 1,400000 -1,000000 -101,000000 0,000000 0,000000
538 1675374497 1,400000 -1,000000 -101,000000 0,000000 0,000000
538 1675374498 1,400000 -1,000000 -101,000000 0,000000 0,000000
538 1675374499 1,400000 -1,000000 -101,000000 0,000000 0,000000
538 1675374500 1,600000 -1,000000 -101,000000 0,000000 0,000000
538 1675374501 1,600000 -1,000000 -101,000000 0,000000 0,000000
538 1675374502 1,600000 -1,000000 -101,000000 0,000000 0,000000
538 1675374503 1,600000 -1,000000 -101,000000 0,000000 0,000000
538 1675374504 1,600000 -1,000000 -101,000000 0,000000 0,000000
538 1675374505 0,800000 -1,000000 -101,000000 0,000000 0,000000
538 1675374506 0,800000 -1,000000 -101,000000 0,000000 0,000000
538 1675374507 0,800000 -1,000000 -101,000000 0,000000 0,000000
538 1675374508 0,800000 -1,000000 -101,000000 0,000000 0,000000
538 1675374509 0,800000 -1,000000 -101,000000 0,000000 0,000000
538 1675374510 1,400000 -1,000000 -101,000000 0,000000 0,000000
538 1675374511 1,400000 -1,000000 -101,000000 0,000000 0,000000
538 1675374512 1,400000 -1,000000 -101,000000 0,000000 0,000000
538 1675374513 1,400000 -1,000000 -101,000000 0,000000 0,000000
538 1675374514 1,400000 -1,000000 -101,000000 0,000000 0,000000
538 1675374515 1,200000 -1,000000 -101,000000 0,000000 0,000000
538 1675374516 1,200000 -1,000000 -101,000000 0,000000 0,000000
538 1675374517 1,200000 -1,000000 -101,000000 0,000000 0,000000
538 1675374518 1,200000 -1,000000 -101,000000 0,000000 0,000000
538 1675374519 1,200000 -1,000000 -101,000000 0,000000 0,000000
538 1675374520 1,400000 -1,000000 -101,000000 0,000000 0,000000
538 1675374521 1,400000 -1,000000 -101,000000 0,000000 0,000000
538 1675374522 1,400000 -1,000000 -101,000000 0,000000 0,000000
538 1675374523 1,400000 -1,000000 -101,000000 0,000000 0,000000
538 1675374524 1,400000 -1,000000 -101,000000 0,000000 0,000000
538 1675374525 2,000000 -1,000000 -101,000000 0,000000 0,000000
538 1675374526 2,000000 -1,000000 -101,000000 0,000000 0,000000
538 1675374527 2,000000 -1,000000 -101,000000 0,000000 0,000000
538 1675374528 2,000000 -1,000000 -101,000000 0,000000 0,000000
538 1675374529 2,000000 -1,000000 -101,000000 0,000000 0,000000
538 1675374530 1,200000 -1,000000 -101,000000 0,000000 0,000000
538 1675374531 1,200000 -1,000000 -101,000000 0,000000 0,000000
538 1675374532 1,200000 -1,000000 -101,000000 0,000000 0,000000
538 1675374533 1,200000 -1,000000 -101,000000 0,000000 0,000000
538 1675374534 1,200000 -1,000000 -101,000000 0,000000 0,000000
538 1675374535 1,000000 -1,000000 -101,000000 0,000000 0,000000
538 1675374536 1,000000 -1,000000 -101,000000 0,000000 0,000000
538 1675374537 1,000000 -1,000000 -101,000000 0,000000 0,000000
538 1675374538 1,000000 -1,000000 -101,000000 0,000000 0,000000
538 1675374539 1,000000 -1,000000 -101,000000 0,000000 0,000000
538 1675374540 2,400000 -1,000000 -101,000000 0,000000 0,000000
538 1675374541 2,400000 -1,000000 -101,000000 0,000000 0,000000
538 1675374542 2,400000 -1,000000 -101,000000 0,000000 0,000000
538 1675374543 2,400000 -1,000000 -101,000000 0,000000 0,000000
538 1675374544 2,400000 -1,000000 -101,000000 0,000000 0,000000
538 1675374545 3,400000 -1,000000 -101,000000 0,000000 0,000000
538 1675374546 3,400000 -1,000000 -101,000000 0,000000 0,000000
538 1675374547 3,400000 -1,000000 -101,000000 0,000000 0,000000
538 1675374548 3,400000 -1,000000 -101,000000 0,000000 0,000000
538 1675374549 3,400000 -1,000000 -101,000000 0,000000 0,000000
538 1675374550 1,600000 -1,000000 -101,000000 0,000000 0,000000
538 1675374551 1,600000 -1,000000 -101,000000 0,000000 0,000000
538 1675374552 1,600000 -1,000000 -101,000000 0,000000 0,000000
538 1675374553 1,600000 -1,000000 -101,000000 0,000000 0,000000
538 1675374554 1,600000 -1,000000 -101,000000 0,000000 0,000000
538 1675374555 6,200000 -1,000000 -101,000000 0,000000 0,000000
538 1675374556 6,200000 -1,000000 -101,000000 0,000000 0,000000
538 1675374557 6,200000 -1,000000 -101,000000 0,000000 0,000000
538 1675374558 6,200000 -1,000000 -101,000000 0,000000 0,000000
538 1675374559 6,200000 -1,000000 -101,000000 0,000000 0,000000
538 1675374560 1,800000 -1,000000 -101,000000 0,000000 0,000000
538 1675374561 1,800000 -1,000000 -101,000000 0,000000 0,000000
538 1675374562 1,800000 -1,000000 -101,000000 0,000000 0,000000
538 1675374563 1,800000 -1,000000 -101,000000 0,000000 0,000000
538 1675374564 1,800000 -1,000000 -101,000000 0,000000 0,000000
538 1675374565 1,400000 -1,000000 -101,000000 0,000000 0,000000
538 1675374566 1,400000 -1,000000 -101,000000 0,000000 0,000000
538 1675374567 1,400000 -1,000000 -101,000000 0,000000 0,000000
538 1675374568 1,400000 -1,000000 -101,000000 0,000000 0,000000
538 1675374569 1,400000 -1,000000 -101,000000 0,000000 0,000000
538 1675374570 0,600000 -1,000000 -101,000000 0,000000 0,000000
538 1675374571 0,600000 -1,000000 -101,000000 0,000000 0,000000
538 1675374572 0,600000 -1,000000 -101,000000 0,000000 0,000000
538 1675374573 0,600000 -1,000000 -101,000000 0,000000 0,000000
538 1675374574 0,600000 -1,000000 -101,000000 0,000000 0,000000
538 1675374575 1,600000 -1,000000 -101,000000 0,000000 0,000000
538 1675374576 1,600000 -1,000000 -101,000000 0,000000 0,000000
538 1675374577 1,600000 -1,000000 -101,000000 0,000000 0,000000
538 1675374578 1,600000 -1,000000 -101,000000 0,000000 0,000000
538 1675374579 1,600000 -1,000000 -101,000000 0,000000 0,000000
538 1675374580 2,400000 -1,000000 -101,000000 0,000000 0,000000
538 1675374581 2,400000 -1,000000 -101,000000 0,000000 0,000000
538 1675374582 2,400000 -1,000000 -101,000000 0,000000 0,000000
538 1675374583 2,400000 -1,000000 -101,000000 0,000000 0,000000
538 1675374584 2,400000 -1,000000 -101,000000 0,000000 0,000000
538 1675374585 4,600000 -1,000000 -101,000000 0,000000 0,000000
538 1675374586 4,600000 -1,000000 -101,000000 0,000000 0,000000
538 1675374587 4,600000 -1,000000 -101,000000 0,000000 0,000000
538 1675374588 4,600000 -1,000000 -101,000000 0,000000 0,000000
538 1675374589 4,600000 -1,000000 -101,000000 0,000000 0,000000
538 1675374590 4,800000 -1,000000 -101,000000 0,000000 0,000000
538 1675374591 4,800000 -1,000000 -101,000000 0,000000 0,000000
538 1675374592 4,800000 -1,000000 -101,000000 0,000000 0,000000
538 1675374593 4,800000 -1,000000 -101,000000 0,000000 0,000000
538 1675374594 4,800000 -1,000000 -101,000000 0,000000 0,000000
538 1675374595 2,400000 -1,000000 -101,000000 0,000000 0,000000
538 1675374596 2,400000 -1,000000 -101,000000 0,000000 0,000000
538 1675374597 2,400000 -1,000000 -101,000000 0,000000 0,000000
538 1675374598 2,400000 -1,000000 -101,000000 0,000000 0,000000
538 1675374599 2,400000 -1,000000 -101,000000 0,000000 0,000000
538 1675374600 2,200000 -1,000000 -101,000000 0,000000 0,000000
538 1675374601 2,200000 -1,000000 -101,000000 0,000000 0,000000
538 1675374602 2,200000 -1,000000 -101,000000 0,000000 0,000000
538 1675374603 2,200000 -1,000000 -101,000000 0,000000 0,000000
538 1675374604 2,200000 -1,000000 -101,000000 0,000000 0,000000
538 1675374605 1,600000 -1,000000 -101,000000 0,000000 0,000000
538 1675374606 1,600000 -1,000000 -101,000000 0,000000 0,000000
538 1675374607 1,600000 -1,000000 -101,000000 0,000000 0,000000
538 1675374608 1,600000 -1,000000 -101,000000 0,000000 0,000000
538 1675374609 1,600000 -1,000000 -101,000000 0,000000 0,000000
538 1675374610 2,200000 -1,000000 -101,000000 0,000000 0,000000
538 1675374611 2,200000 -1,000000 -101,000000 0,000000 0,000000
538 1675374612 2,200000 -1,000000 -101,000000 0,000000 0,000000
538 1675374613 2,200000 -1,000000 -101,000000 0,000000 0,000000
538 1675374614 2,200000 -1,000000 -101,000000 0,000000 0,000000
538 1675374615 2,000000 -1,000000 -101,000000 0,000000 0,000000
538 1675374616 2,000000 -1,000000 -101,000000 0,000000 0,000000
538 1675374617 2,000000 -1,000000 -101,000000 0,000000 0,000000
538 1675374618 2,000000 -1,000000 -101,000000 0,000000 0,000000
538 1675374619 2,000000 -1,000000 -101,000000 0,000000 0,000000
538 1675374620 2,800000 -1,000000 -101,000000 0,000000 0,000000
538 1675374621 2,800000 -1,000000 -101,000000 0,000000 0,000000
538 1675374622 2,800000 -1,000000 -101,000000 0,000000 0,000000
538 1675374623 2,800000 -1,000000 -101,000000 0,000000 0,000000
538 1675374624 2,800000 -1,000000 -101,000000 0,000000 0,000000
538 1675374625 3,800000 -1,000000 -101,000000 0,000000 0,000000
538 1675374626 3,800000 -1,000000 -101,000000 0,000000 0,000000
538 1675374627 3,800000 -1,000000 -101,000000 0,000000 0,000000
538 1675374628 3,800000 -1,000000 -101,000000 0,000000 0,000000
538 1675374629 3,800000 -1,000000 -101,000000 0,000000 0,000000
538 1675374630 1,800000 -1,000000 -101,000000 0,000000 0,000000
538 1675374631 1,800000 -1,000000 -101,000000 0,000000 0,000000
538 1675374632 1,800000 -1,000000 -101,000000 0,000000 0,000000
538 1675374633 1,800000 -1,000000 -101,000000 0,000000 0,000000
538 1675374634 1,800000 -1,000000 -101,000000 0,000000 0,000000
538 1675374635 1,800000 -1,000000 -101,000000 0,000000 0,000000
538 1675374636 1,800000 -1,000000 -101,000000 0,000000 0,000000
538 1675374637 1,800000 -1,000000 -101,000000 0,000000 0,000000
538 1675374638 1,800000 -1,000000 -101,000000 0,000000 0,000000
538 1675374639 1,800000 -1,000000 -101,000000 0,000000 0,000000
538 1675374640 1,400000 -1,000000 -101,000000 0,000000 0,000000
538 1675374641 1,400000 -1,000000 -101,000000 0,000000 0,000000
538 1675374642 1,400000 -1,000000 -101,000000 0,000000 0,000000
538 1675374643 1,400000 -1,000000 -101,000000 0,000000 0,000000
538 1675374644 1,400000 -1,000000 -101,000000 0,000000 0,000000
538 1675374645 1,400000 -1,000000 -101,000000 0,000000 0,000000
538 1675374646 1,400000 -1,000000 -101,000000 0,000000 0,000000
538 1675374647 1,400000 -1,000000 -101,000000 0,000000 0,000000
538 1675374648 1,400000 -1,000000 -101,000000 0,000000 0,000000
538 1675374649 1,400000 -1,000000 -101,000000 0,000000 0,000000
538 1675374650 1,600000 -1,000000 -101,000000 0,000000 0,000000
538 1675374651 1,600000 -1,000000 -101,000000 0,000000 0,000000
538 1675374652 1,600000 -1,000000 -101,000000 0,000000 0,000000
538 1675374653 1,600000 -1,000000 -101,000000 0,000000 0,000000
538 1675374654 1,600000 -1,000000 -101,000000 0,000000 0,000000
538 1675374655 4,000000 -1,000000 -101,000000 0,000000 0,000000
538 1675374656 4,000000 -1,000000 -101,000000 0,000000 0,000000
538 1675374657 4,000000 -1,000000 -101,000000 0,000000 0,000000
538 1675374658 4,000000 -1,000000 -101,000000 0,000000 0,000000
538 1675374659 4,000000 -1,000000 -101,000000 0,000000 0,000000
538 1675374660 3,800000 -1,000000 -101,000000 0,000000 0,000000
538 1675374661 3,800000 -1,000000 -101,000000 0,000000 0,000000
538 1675374662 3,800000 -1,000000 -101,000000 0,000000 0,000000
538 1675374663 3,800000 -1,000000 -101,000000 0,000000 0,000000
538 1675374664 3,800000 -1,000000 -101,000000 0,000000 0,000000
538 1675374665 5,400000 -1,000000 -101,000000 0,000000 0,000000
538 1675374666 5,400000 -1,000000 -101,000000 0,000000 0,000000
538 1675374667 5,400000 -1,000000 -101,000000 0,000000 0,000000
538 1675374668 5,400000 -1,000000 -101,000000 0,000000 0,000000
538 1675374669 5,400000 -1,000000 -101,000000 0,000000 0,000000
538 1675374670 0,800000 -1,000000 -101,000000 0,000000 0,000000
538 1675374671 0,800000 -1,000000 -101,000000 0,000000 0,000000
538 1675374672 0,800000 -1,000000 -101,000000 0,000000 0,000000
538 1675374673 0,800000 -1,000000 -101,000000 0,000000 0,000000
538 1675374674 0,800000 -1,000000 -101,000000 0,000000 0,000000
538 1675374675 2,000000 -1,000000 -101,000000 0,000000 0,000000
538 1675374676 2,000000 -1,000000 -101,000000 0,000000 0,000000
538 1675374677 2,000000 -1,000000 -101,000000 0,000000 0,000000
538 1675374678 2,000000 -1,000000 -101,000000 0,000000 0,000000
538 1675374679 2,000000 -1,000000 -101,000000 0,000000 0,000000
538 1675374680 1,200000 -1,000000 -101,000000 0,000000 0,000000
538 1675374681 1,200000 -1,000000 -101,000000 0,000000 0,000000
538 1675374682 1,200000 -1,000000 -101,000000 0,000000 0,000000
538 1675374683 1,200000 -1,000000 -101,000000 0,000000 0,000000
538 1675374684 1,200000 -1,000000 -101,000000 0,000000 0,000000
538 1675374685 2,600000 -1,000000 -101,000000 0,000000 0,000000
538 1675374686 2,600000 -1,000000 -101,000000 0,000000 0,000000
538 1675374687 2,600000 -1,000000 -101,000000 0,000000 0,000000
538 1675374688 2,600000 -1,000000 -101,000000 0,000000 0,000000
538 1675374689 2,600000 -1,000000 -101,000000 0,000000 0,000000
538 1675374690 4,600000 -1,000000 -101,000000 0,000000 0,000000
538 1675374691 4,600000 -1,000000 -101,000000 0,000000 0,000000
538 1675374692 4,600000 -1,000000 -101,000000 0,000000 0,000000
538 1675374693 4,600000 -1,000000 -101,000000 0,000000 0,000000
538 1675374694 4,600000 -1,000000 -101,000000 0,000000 0,000000
538 1675374695 2,400000 -1,000000 -101,000000 0,000000 0,000000
538 1675374696 2,400000 -1,000000 -101,000000 0,000000 0,000000
538 1675374697 2,400000 -1,000000 -101,000000 0,000000 0,000000
538 1675374698 2,400000 -1,000000 -101,000000 0,000000 0,000000
538 1675374699 2,400000 -1,000000 -101,000000 0,000000 0,000000
538 1675374700 2,200000 -1,000000 -101,000000 0,000000 0,000000
538 1675374701 2,200000 -1,000000 -101,000000 0,000000 0,000000
538 1675374702 2,200000 -1,000000 -101,000000 0,000000 0,000000
538 1675374703 2,200000 -1,000000 -101,000000 0,000000 0,000000
538 1675374704 2,200000 -1,000000 -101,000000 0,000000 0,000000
538 1675374705 3,400000 -1,000000 -101,000000 0,000000 0,000000
538 1675374706 3,400000 -1,000000 -101,000000 0,000000 0,000000
538 1675374707 3,400000 -1,000000 -101,000000 0,000000 0,000000
538 1675374708 3,400000 -1,000000 -101,000000 0,000000 0,000000
538 1675374709 3,400000 -1,000000 -101,000000 0,000000 0,000000
538 1675374710 4,600000 -1,000000 -101,000000 0,000000 0,000000
538 1675374711 4,600000 -1,000000 -101,000000 0,000000 0,000000
538 1675374712 4,600000 -1,000000 -101,000000 0,000000 0,000000
538 1675374713 4,600000 -1,000000 -101,000000 0,000000 0,000000
538 1675374714 4,600000 -1,000000 -101,000000 0,000000 0,000000
538 1675374715 3,400000 -1,000000 -101,000000 0,000000 0,000000
538 1675374716 3,400000 -1,000000 -101,000000 0,000000 0,000000
538 1675374717 3,400000 -1,000000 -101,000000 0,000000 0,000000
538 1675374718 3,400000 -1,000000 -101,000000 0,000000 0,000000
538 1675374719 3,400000 -1,000000 -101,000000 0,000000 0,000000
538 1675374720 2,600000 -1,000000 -101,000000 0,000000 0,000000
538 1675374721 2,600000 -1,000000 -101,000000 0,000000 0,000000
538 1675374722 2,600000 -1,000000 -101,000000 0,000000 0,000000
538 1675374723 2,600000 -1,000000 -101,000000 0,000000 0,000000
538 1675374724 2,600000 -1,000000 -101,000000 0,000000 0,000000
538 1675374725 3,400000 -1,000000 -101,000000 0,000000 0,000000
538 1675374726 3,400000 -1,000000 -101,000000 0,000000 0,000000
538 1675374727 3,400000 -1,000000 -101,000000 0,000000 0,000000
538 1675374728 3,400000 -1,000000 -101,000000 0,000000 0,000000
538 1675374729 3,400000 -1,000000 -101,000000 0,000000 0,000000
538 1675374730 2,000000 -1,000000 -101,000000 0,000000 0,000000
538 1675374731 2,000000 -1,000000 -101,000000 0,000000 0,000000
538 1675374732 2,000000 -1,000000 -101,000000 0,000000 0,000000
538 1675374733 2,000000 -1,000000 -101,000000 0,000000 0,000000
538 1675374734 2,000000 -1,000000 -101,000000 0,000000 0,000000
538 1675374735 3,200000 -1,000000 -101,000000 0,000000 0,000000
538 1675374736 3,200000 -1,000000 -101,000000 0,000000 0,000000
538 1675374737 3,200000 -1,000000 -101,000000 0,000000 0,000000
538 1675374738 3,200000 -1,000000 -101,000000 0,000000 0,000000
538 1675374739 3,200000 -1,000000 -101,000000 0,000000 0,000000
538 1675374760 0,800000 -1,000000 -101,000000 0,000000 0,000000
538 1675374761 0,800000 -1,000000 -101,000000 0,000000 0,000000
538 1675374762 0,800000 -1,000000 -101,000000 0,000000 0,000000
538 1675374763 0,800000 -1,000000 -101,000000 0,000000 0,000000
538 1675374764 0,800000 -1,000000 -101,000000 0,000000 0,000000
538 1675374765 3,000000 -1,000000 -101,000000 0,000000 0,000000
538 1675374766 3,000000 -1,000000 -101,000000 0,000000 0,000000
538 1675374767 3,000000 -1,000000 -101,000000 0,000000 0,000000
538 1675374768 3,000000 -1,000000 -101,000000 0,000000 0,000000
538 1675374769 3,000000 -1,000000 -101,000000 0,000000 0,000000
538 1675374770 5,200000 -1,000000 -101,000000 0,000000 0,000000
538 1675374771 5,200000 -1,000000 -101,000000 0,000000 0,000000
538 1675374772 5,200000 -1,000000 -101,000000 0,000000 0,000000
538 1675374773 5,200000 -1,000000 -101,000000 0,000000 0,000000
538 1675374774 5,200000 -1,000000 -101,000000 0,000000 0,000000
538 1675374775 5,600000 -1,000000 -101,000000 0,000000 0,000000
538 1675374776 5,600000 -1,000000 -101,000000 0,000000 0,000000
538 1675374777 5,600000 -1,000000 -101,000000 0,000000 0,000000
538 1675374778 5,600000 -1,000000 -101,000000 0,000000 0,000000
538 1675374779 5,600000 -1,000000 -101,000000 0,000000 0,000000
538 1675374780 3,000000 -1,000000 -101,000000 0,000000 0,000000
538 1675374781 3,000000 -1,000000 -101,000000 0,000000 0,000000
538 1675374782 3,000000 -1,000000 -101,000000 0,000000 0,000000
538 1675374783 3,000000 -1,000000 -101,000000 0,000000 0,000000
538 1675374784 3,000000 -1,000000 -101,000000 0,000000 0,000000
538 1675374785 3,600000 -1,000000 -101,000000 0,000000 0,000000
538 1675374786 3,600000 -1,000000 -101,000000 0,000000 0,000000
538 1675374787 3,600000 -1,000000 -101,000000 0,000000 0,000000
538 1675374788 3,600000 -1,000000 -101,000000 0,000000 0,000000
538 1675374789 3,600000 -1,000000 -101,000000 0,000000 0,000000
538 1675374790 0,600000 -1,000000 -101,000000 0,000000 0,000000
538 1675374791 0,600000 -1,000000 -101,000000 0,000000 0,000000
538 1675374792 0,600000 -1,000000 -101,000000 0,000000 0,000000
538 1675374793 0,600000 -1,000000 -101,000000 0,000000 0,000000
538 1675374794 0,600000 -1,000000 -101,000000 0,000000 0,000000
538 1675374795 2,000000 -1,000000 -101,000000 0,000000 0,000000
538 1675374796 2,000000 -1,000000 -101,000000 0,000000 0,000000
538 1675374797 2,000000 -1,000000 -101,000000 0,000000 0,000000
538 1675374798 2,000000 -1,000000 -101,000000 0,000000 0,000000
538 1675374799 2,000000 -1,000000 -101,000000 0,000000 0,000000
538 1675374800 1,600000 -1,000000 -101,000000 0,000000 0,000000
538 1675374801 1,600000 -1,000000 -101,000000 0,000000 0,000000
538 1675374802 1,600000 -1,000000 -101,000000 0,000000 0,000000
538 1675374803 1,600000 -1,000000 -101,000000 0,000000 0,000000
538 1675374804 1,600000 -1,000000 -101,000000 0,000000 0,000000
538 1675374815 0,800000 -1,000000 -101,000000 0,000000 0,000000
538 1675374816 0,800000 -1,000000 -101,000000 0,000000 0,000000
538 1675374817 0,800000 -1,000000 -101,000000 0,000000 0,000000
538 1675374818 0,800000 -1,000000 -101,000000 0,000000 0,000000
538 1675374819 0,800000 -1,000000 -101,000000 0,000000 0,000000
538 1675374820 1,400000 -1,000000 -101,000000 0,000000 0,000000
538 1675374821 1,400000 -1,000000 -101,000000 0,000000 0,000000
538 1675374822 1,400000 -1,000000 -101,000000 0,000000 0,000000
538 1675374823 1,400000 -1,000000 -101,000000 0,000000 0,000000
538 1675374824 1,400000 -1,000000 -101,000000 0,000000 0,000000
538 1675374825 1,600000 -1,000000 -101,000000 0,000000 0,000000
538 1675374826 1,600000 -1,000000 -101,000000 0,000000 0,000000
538 1675374827 1,600000 -1,000000 -101,000000 0,000000 0,000000
538 1675374828 1,600000 -1,000000 -101,000000 0,000000 0,000000
538 1675374829 1,600000 -1,000000 -101,000000 0,000000 0,000000
538 1675374830 1,600000 -1,000000 -101,000000 0,000000 0,000000
538 1675374831 1,600000 -1,000000 -101,000000 0,000000 0,000000
538 1675374832 1,600000 -1,000000 -101,000000 0,000000 0,000000
538 1675374833 1,600000 -1,000000 -101,000000 0,000000 0,000000
538 1675374834 1,600000 -1,000000 -101,000000 0,000000 0,000000
538 1675374835 3,600000 -1,000000 -101,000000 0,000000 0,000000
538 1675374836 3,600000 -1,000000 -101,000000 0,000000 0,000000
538 1675374837 3,600000 -1,000000 -101,000000 0,000000 0,000000
538 1675374838 3,600000 -1,000000 -101,000000 0,000000 0,000000
538 1675374839 3,600000 -1,000000 -101,000000 0,000000 0,000000
538 1675374840 4,600000 -1,000000 -101,000000 0,000000 0,000000
538 1675374841 4,600000 -1,000000 -101,000000 0,000000 0,000000
538 1675374842 4,600000 -1,000000 -101,000000 0,000000 0,000000
538 1675374843 4,600000 -1,000000 -101,000000 0,000000 0,000000
538 1675374844 4,600000 -1,000000 -101,000000 0,000000 0,000000
538 1675374845 3,400000 -1,000000 -101,000000 0,000000 0,000000
538 1675374846 3,400000 -1,000000 -101,000000 0,000000 0,000000
538 1675374847 3,400000 -1,000000 -101,000000 0,000000 0,000000
538 1675374848 3,400000 -1,000000 -101,000000 0,000000 0,000000
538 1675374849 3,400000 -1,000000 -101,000000 0,000000 0,000000
538 1675374850 2,000000 -1,000000 -101,000000 0,000000 0,000000
538 1675374851 2,000000 -1,000000 -101,000000 0,000000 0,000000
538 1675374852 2,000000 -1,000000 -101,000000 0,000000 0,000000
538 1675374853 2,000000 -1,000000 -101,000000 0,000000 0,000000
538 1675374854 2,000000 -1,000000 -101,000000 0,000000 0,000000
538 1675374855 3,000000 -1,000000 -101,000000 0,000000 0,000000
538 1675374856 3,000000 -1,000000 -101,000000 0,000000 0,000000
538 1675374857 3,000000 -1,000000 -101,000000 0,000000 0,000000
538 1675374858 3,000000 -1,000000 -101,000000 0,000000 0,000000
538 1675374859 3,000000 -1,000000 -101,000000 0,000000 0,000000
538 1675374860 1,200000 -1,000000 -101,000000 0,000000 0,000000
538 1675374861 1,200000 -1,000000 -101,000000 0,000000 0,000000
538 1675374862 1,200000 -1,000000 -101,000000 0,000000 0,000000
538 1675374863 1,200000 -1,000000 -101,000000 0,000000 0,000000
538 1675374864 1,200000 -1,000000 -101,000000 0,000000 0,000000
538 1675374865 8,400000 -1,000000 -101,000000 0,000000 0,000000
538 1675374866 8,400000 -1,000000 -101,000000 0,000000 0,000000
538 1675374867 8,400000 -1,000000 -101,000000 0,000000 0,000000
538 1675374868 8,400000 -1,000000 -101,000000 0,000000 0,000000
538 1675374869 8,400000 -1,000000 -101,000000 0,000000 0,000000
538 1675374870 1,200000 -1,000000 -101,000000 0,000000 0,000000
538 1675374871 1,200000 -1,000000 -101,000000 0,000000 0,000000
538 1675374872 1,200000 -1,000000 -101,000000 0,000000 0,000000
538 1675374873 1,200000 -1,000000 -101,000000 0,000000 0,000000
538 1675374874 1,200000 -1,000000 -101,000000 0,000000 0,000000
538 1675374875 0,200000 -1,000000 -101,000000 0,000000 0,000000
538 1675374876 0,200000 -1,000000 -101,000000 0,000000 0,000000
538 1675374877 0,200000 -1,000000 -101,000000 0,000000 0,000000
538 1675374878 0,200000 -1,000000 -101,000000 0,000000 0,000000
538 1675374879 0,200000 -1,000000 -101,000000 0,000000 0,000000
538 1675374880 1,800000 -1,000000 -101,000000 0,000000 0,000000
538 1675374881 1,800000 -1,000000 -101,000000 0,000000 0,000000
538 1675374882 1,800000 -1,000000 -101,000000 0,000000 0,000000
538 1675374883 1,800000 -1,000000 -101,000000 0,000000 0,000000
538 1675374884 1,800000 -1,000000 -101,000000 0,000000 0,000000
538 1675374885 3,200000 -1,000000 -101,000000 0,000000 0,000000
538 1675374886 3,200000 -1,000000 -101,000000 0,000000 0,000000
538 1675374887 3,200000 -1,000000 -101,000000 0,000000 0,000000
538 1675374888 3,200000 -1,000000 -101,000000 0,000000 0,000000
538 1675374889 3,200000 -1,000000 -101,000000 0,000000 0,000000
538 1675374890 5,800000 -1,000000 -101,000000 0,000000 0,000000
538 1675374891 5,800000 -1,000000 -101,000000 0,000000 0,000000
538 1675374892 5,800000 -1,000000 -101,000000 0,000000 0,000000
538 1675374893 5,800000 -1,000000 -101,000000 0,000000 0,000000
538 1675374894 5,800000 -1,000000 -101,000000 0,000000 0,000000
538 1675374895 3,000000 -1,000000 -101,000000 0,000000 0,000000
538 1675374896 3,000000 -1,000000 -101,000000 0,000000 0,000000
538 1675374897 3,000000 -1,000000 -101,000000 0,000000 0,000000
538 1675374898 3,000000 -1,000000 -101,000000 0,000000 0,000000
538 1675374899 3,000000 -1,000000 -101,000000 0,000000 0,000000
538 1675374900 3,800000 -1,000000 -101,000000 0,000000 0,000000
538 1675374901 3,800000 -1,000000 -101,000000 0,000000 0,000000
538 1675374902 3,800000 -1,000000 -101,000000 0,000000 0,000000
538 1675374903 3,800000 -1,000000 -101,000000 0,000000 0,000000
538 1675374904 3,800000 -1,000000 -101,000000 0,000000 0,000000
538 1675374905 0,400000 -1,000000 -101,000000 0,000000 0,000000
538 1675374906 0,400000 -1,000000 -101,000000 0,000000 0,000000
538 1675374907 0,400000 -1,000000 -101,000000 0,000000 0,000000
538 1675374908 0,400000 -1,000000 -101,000000 0,000000 0,000000
538 1675374909 0,400000 -1,000000 -101,000000 0,000000 0,000000
538 1675374910 2,600000 -1,000000 -101,000000 0,000000 0,000000
538 1675374911 2,600000 -1,000000 -101,000000 0,000000 0,000000
538 1675374912 2,600000 -1,000000 -101,000000 0,000000 0,000000
538 1675374913 2,600000 -1,000000 -101,000000 0,000000 0,000000
538 1675374914 2,600000 -1,000000 -101,000000 0,000000 0,000000
538 1675374915 4,800000 -1,000000 -101,000000 0,000000 0,000000
538 1675374916 4,800000 -1,000000 -101,000000 0,000000 0,000000
538 1675374917 4,800000 -1,000000 -101,000000 0,000000 0,000000
538 1675374918 4,800000 -1,000000 -101,000000 0,000000 0,000000
538 1675374919 4,800000 -1,000000 -101,000000 0,000000 0,000000
538 1675374920 5,800000 -1,000000 -101,000000 0,000000 0,000000
538 1675374921 5,800000 -1,000000 -101,000000 0,000000 0,000000
538 1675374922 5,800000 -1,000000 -101,000000 0,000000 0,000000
538 1675374923 5,800000 -1,000000 -101,000000 0,000000 0,000000
538 1675374924 5,800000 -1,000000 -101,000000 0,000000 0,000000
538 1675374925 7,000000 -1,000000 -101,000000 0,000000 0,000000
538 1675374926 7,000000 -1,000000 -101,000000 0,000000 0,000000
538 1675374927 7,000000 -1,000000 -101,000000 0,000000 0,000000
538 1675374928 7,000000 -1,000000 -101,000000 0,000000 0,000000
538 1675374929 7,000000 -1,000000 -101,000000 0,000000 0,000000
538 1675374930 2,800000 -1,000000 -101,000000 0,000000 0,000000
538 1675374931 2,800000 -1,000000 -101,000000 0,000000 0,000000
538 1675374932 2,800000 -1,000000 -101,000000 0,000000 0,000000
538 1675374933 2,800000 -1,000000 -101,000000 0,000000 0,000000
538 1675374934 2,800000 -1,000000 -101,000000 0,000000 0,000000
538 1675374935 3,600000 -1,000000 -101,000000 0,000000 0,000000
538 1675374936 3,600000 -1,000000 -101,000000 0,000000 0,000000
538 1675374937 3,600000 -1,000000 -101,000000 0,000000 0,000000
538 1675374938 3,600000 -1,000000 -101,000000 0,000000 0,000000
538 1675374939 3,600000 -1,000000 -101,000000 0,000000 0,000000
538 1675374940 0,800000 -1,000000 -101,000000 0,000000 0,000000
538 1675374941 0,800000 -1,000000 -101,000000 0,000000 0,000000
538 1675374942 0,800000 -1,000000 -101,000000 0,000000 0,000000
538 1675374943 0,800000 -1,000000 -101,000000 0,000000 0,000000
538 1675374944 0,800000 -1,000000 -101,000000 0,000000 0,000000
538 1675374945 0,400000 -1,000000 -101,000000 0,000000 0,000000
538 1675374946 0,400000 -1,000000 -101,000000 0,000000 0,000000
538 1675374947 0,400000 -1,000000 -101,000000 0,000000 0,000000
538 1675374948 0,400000 -1,000000 -101,000000 0,000000 0,000000
538 1675374949 0,400000 -1,000000 -101,000000 0,000000 0,000000
538 1675374950 2,400000 -1,000000 -101,000000 0,000000 0,000000
538 1675374951 2,400000 -1,000000 -101,000000 0,000000 0,000000
538 1675374952 2,400000 -1,000000 -101,000000 0,000000 0,000000
538 1675374953 2,400000 -1,000000 -101,000000 0,000000 0,000000
538 1675374954 2,400000 -1,000000 -101,000000 0,000000 0,000000
538 1675374955 3,000000 -1,000000 -101,000000 0,000000 0,000000
538 1675374956 3,000000 -1,000000 -101,000000 0,000000 0,000000
538 1675374957 3,000000 -1,000000 -101,000000 0,000000 0,000000
538 1675374958 3,000000 -1,000000 -101,000000 0,000000 0,000000
538 1675374959 3,000000 -1,000000 -101,000000 0,000000 0,000000
538 1675374960 4,000000 -1,000000 -101,000000 0,000000 0,000000
538 1675374961 4,000000 -1,000000 -101,000000 0,000000 0,000000
538 1675374962 4,000000 -1,000000 -101,000000 0,000000 0,000000
538 1675374963 4,000000 -1,000000 -101,000000 0,000000 0,000000
538 1675374964 4,000000 -1,000000 -101,000000 0,000000 0,000000
538 1675374965 2,600000 -1,000000 -101,000000 0,000000 0,000000
538 1675374966 2,600000 -1,000000 -101,000000 0,000000 0,000000
538 1675374967 2,600000 -1,000000 -101,000000 0,000000 0,000000
538 1675374968 2,600000 -1,000000 -101,000000 0,000000 0,000000
538 1675374969 2,600000 -1,000000 -101,000000 0,000000 0,000000
538 1675374970 1,000000 -1,000000 -101,000000 0,000000 0,000000
538 1675374971 1,000000 -1,000000 -101,000000 0,000000 0,000000
538 1675374972 1,000000 -1,000000 -101,000000 0,000000 0,000000
538 1675374973 1,000000 -1,000000 -101,000000 0,000000 0,000000
538 1675374974 1,000000 -1,000000 -101,000000 0,000000 0,000000
538 1675374975 0,800000 -1,000000 -101,000000 0,000000 0,000000
538 1675374976 0,800000 -1,000000 -101,000000 0,000000 0,000000
538 1675374977 0,800000 -1,000000 -101,000000 0,000000 0,000000
538 1675374978 0,800000 -1,000000 -101,000000 0,000000 0,000000
538 1675374979 0,800000 -1,000000 -101,000000 0,000000 0,000000
538 1675374980 1,200000 -1,000000 -101,000000 0,000000 0,000000
538 1675374981 1,200000 -1,000000 -101,000000 0,000000 0,000000
538 1675374982 1,200000 -1,000000 -101,000000 0,000000 0,000000
538 1675374983 1,200000 -1,000000 -101,000000 0,000000 0,000000
538 1675374984 1,200000 -1,000000 -101,000000 0,000000 0,000000
602 1675374524 0,200000 -1,000000 0,200000 0,200000 0,008000
602 1675374523 0,200000 -1,000000 0,200000 0,200000 0,008000
602 1675374522 0,200000 -1,000000 0,200000 0,200000 0,008000
602 1675374521 0,200000 -1,000000 0,200000 0,200000 0,008000
602 1675374520 0,200000 -1,000000 0,200000 0,200000 0,008000
538 1675375044 2,800000 -1,000000 2,800000 2,800000 1,568000
538 1675375043 2,800000 -1,000000 2,800000 2,800000 1,568000
538 1675375042 2,800000 -1,000000 2,800000 2,800000 1,568000
538 1675375041 2,800000 -1,000000 2,800000 2,800000 1,568000
538 1675375040 2,800000 -1,000000 2,800000 2,800000 1,568000
538 1675375039 1,800000 -1,000000 1,800000 1,800000 0,648000
538 1675375038 1,800000 -1,000000 1,800000 1,800000 0,648000
538 1675375037 1,800000 -1,000000 1,800000 1,800000 0,648000
538 1675375036 1,800000 -1,000000 1,800000 1,800000 0,648000
538 1675375035 1,800000 -1,000000 1,800000 1,800000 0,648000
538 1675375034 2,800000 -1,000000 2,800000 2,800000 1,568000
538 1675375033 2,800000 -1,000000 2,800000 2,800000 1,568000
538 1675375032 2,800000 -1,000000 2,800000 2,800000 1,568000
538 1675375031 2,800000 -1,000000 2,800000 2,800000 1,568000
538 1675375030 2,800000 -1,000000 2,800000 2,800000 1,568000
538 1675375029 3,800000 -1,000000 3,800000 3,800000 2,888000
538 1675375028 3,800000 -1,000000 3,800000 3,800000 2,888000
538 1675375027 3,800000 -1,000000 3,800000 3,800000 2,888000
538 1675375026 3,800000 -1,000000 3,800000 3,800000 2,888000
538 1675375025 3,800000 -1,000000 3,800000 3,800000 2,888000
538 1675375024 2,800000 -1,000000 2,800000 2,800000 1,568000
538 1675375023 2,800000 -1,000000 2,800000 2,800000 1,568000
538 1675375022 2,800000 -1,000000 2,800000 2,800000 1,568000
538 1675375021 2,800000 -1,000000 2,800000 2,800000 1,568000
538 1675375020 2,800000 -1,000000 2,800000 2,800000 1,568000
538 1675375019 4,600000 -1,000000 4,600000 4,600000 4,232000
538 1675375018 4,600000 -1,000000 4,600000 4,600000 4,232000
538 1675375017 4,600000 -1,000000 4,600000 4,600000 4,232000
538 1675375016 4,600000 -1,000000 4,600000 4,600000 4,232000
538 1675375015 4,600000 -1,000000 4,600000 4,600000 4,232000
538 1675375014 4,800000 -1,000000 4,800000 4,800000 4,608000
538 1675375013 4,800000 -1,000000 4,800000 4,800000 4,608000
538 1675375012 4,800000 -1,000000 4,800000 4,800000 4,608000
538 1675375011 4,800000 -1,000000 4,800000 4,800000 4,608000
538 1675375010 4,800000 -1,000000 4,800000 4,800000 4,608000
538 1675375009 2,800000 -1,000000 2,800000 2,800000 1,568000
538 1675375008 2,800000 -1,000000 2,800000 2,800000 1,568000
538 1675375007 2,800000 -1,000000 2,800000 2,800000 1,568000
538 1675375006 2,800000 -1,000000 2,800000 2,800000 1,568000
538 1675375005 2,800000 -1,000000 2,800000 2,800000 1,568000
538 1675375004 5,600000 -1,000000 5,600000 5,600000 6,272000
538 1675375003 5,600000 -1,000000 5,600000 5,600000 6,272000
538 1675375002 5,600000 -1,000000 5,600000 5,600000 6,272000
538 1675375001 5,600000 -1,000000 5,600000 5,600000 6,272000
538 1675375000 5,600000 -1,000000 5,600000 5,600000 6,272000
538 1675374999 1,600000 -1,000000 1,600000 1,600000 0,512000
538 1675374998 1,600000 -1,000000 1,600000 1,600000 0,512000
538 1675374997 1,600000 -1,000000 1,600000 1,600000 0,512000
538 1675374996 1,600000 -1,000000 1,600000 1,600000 0,512000
538 1675374995 1,600000 -1,000000 1,600000 1,600000 0,512000
538 1675374994 4,200000 -1,000000 4,200000 4,200000 3,528000
538 1675374993 4,200000 -1,000000 4,200000 4,200000 3,528000
538 1675374992 4,200000 -1,000000 4,200000 4,200000 3,528000
538 1675374991 4,200000 -1,000000 4,200000 4,200000 3,528000
538 1675374990 4,200000 -1,000000 4,200000 4,200000 3,528000
538 1675374989 3,800000 -1,000000 3,800000 3,800000 2,888000
538 1675374988 3,800000 -1,000000 3,800000 3,800000 2,888000
538 1675374987 3,800000 -1,000000 3,800000 3,800000 2,888000
538 1675374986 3,800000 -1,000000 3,800000 3,800000 2,888000
538 1675374985 3,800000 -1,000000 3,800000 3,800000 2,888000
538 1675374985 3,800000 -1,000000 -101,000000 0,000000 0,000000
538 1675374986 3,800000 -1,000000 -101,000000 0,000000 0,000000
538 1675374987 3,800000 -1,000000 -101,000000 0,000000 0,000000
538 1675374988 3,800000 -1,000000 -101,000000 0,000000 0,000000
538 1675374989 3,800000 -1,000000 -101,000000 0,000000 0,000000
538 1675374990 4,200000 -1,000000 -101,000000 0,000000 0,000000
538 1675374991 4,200000 -1,000000 -101,000000 0,000000 0,000000
538 1675374992 4,200000 -1,000000 -101,000000 0,000000 0,000000
538 1675374993 4,200000 -1,000000 -101,000000 0,000000 0,000000
538 1675374994 4,200000 -1,000000 -101,000000 0,000000 0,000000
538 1675374995 1,600000 -1,000000 -101,000000 0,000000 0,000000
538 1675374996 1,600000 -1,000000 -101,000000 0,000000 0,000000
538 1675374997 1,600000 -1,000000 -101,000000 0,000000 0,000000
538 1675374998 1,600000 -1,000000 -101,000000 0,000000 0,000000
538 1675374999 1,600000 -1,000000 -101,000000 0,000000 0,000000
538 1675375000 5,600000 -1,000000 -101,000000 0,000000 0,000000
538 1675375001 5,600000 -1,000000 -101,000000 0,000000 0,000000
538 1675375002 5,600000 -1,000000 -101,000000 0,000000 0,000000
538 1675375003 5,600000 -1,000000 -101,000000 0,000000 0,000000
538 1675375004 5,600000 -1,000000 -101,000000 0,000000 0,000000
538 1675375005 2,800000 -1,000000 -101,000000 0,000000 0,000000
538 1675375006 2,800000 -1,000000 -101,000000 0,000000 0,000000
538 1675375007 2,800000 -1,000000 -101,000000 0,000000 0,000000
538 1675375008 2,800000 -1,000000 -101,000000 0,000000 0,000000
538 1675375009 2,800000 -1,000000 -101,000000 0,000000 0,000000
538 1675375010 4,800000 -1,000000 -101,000000 0,000000 0,000000
538 1675375011 4,800000 -1,000000 -101,000000 0,000000 0,000000
538 1675375012 4,800000 -1,000000 -101,000000 0,000000 0,000000
538 1675375013 4,800000 -1,000000 -101,000000 0,000000 0,000000
538 1675375014 4,800000 -1,000000 -101,000000 0,000000 0,000000
538 1675375015 4,600000 -1,000000 -101,000000 0,000000 0,000000
538 1675375016 4,600000 -1,000000 -101,000000 0,000000 0,000000
538 1675375017 4,600000 -1,000000 -101,000000 0,000000 0,000000
538 1675375018 4,600000 -1,000000 -101,000000 0,000000 0,000000
538 1675375019 4,600000 -1,000000 -101,000000 0,000000 0,000000
538 1675375020 2,800000 -1,000000 -101,000000 0,000000 0,000000
538 1675375021 2,800000 -1,000000 -101,000000 0,000000 0,000000
538 1675375022 2,800000 -1,000000 -101,000000 0,000000 0,000000
538 1675375023 2,800000 -1,000000 -101,000000 0,000000 0,000000
538 1675375024 2,800000 -1,000000 -101,000000 0,000000 0,000000
538 1675375025 3,800000 -1,000000 -101,000000 0,000000 0,000000
538 1675375026 3,800000 -1,000000 -101,000000 0,000000 0,000000
538 1675375027 3,800000 -1,000000 -101,000000 0,000000 0,000000
538 1675375028 3,800000 -1,000000 -101,000000 0,000000 0,000000
538 1675375029 3,800000 -1,000000 -101,000000 0,000000 0,000000
538 1675375030 2,800000 -1,000000 -101,000000 0,000000 0,000000
538 1675375031 2,800000 -1,000000 -101,000000 0,000000 0,000000
538 1675375032 2,800000 -1,000000 -101,000000 0,000000 0,000000
538 1675375033 2,800000 -1,000000 -101,000000 0,000000 0,000000
538 1675375034 2,800000 -1,000000 -101,000000 0,000000 0,000000
538 1675375035 1,800000 -1,000000 -101,000000 0,000000 0,000000
538 1675375036 1,800000 -1,000000 -101,000000 0,000000 0,000000
538 1675375037 1,800000 -1,000000 -101,000000 0,000000 0,000000
538 1675375038 1,800000 -1,000000 -101,000000 0,000000 0,000000
538 1675375039 1,800000 -1,000000 -101,000000 0,000000 0,000000
538 1675375040 2,800000 -1,000000 -101,000000 0,000000 0,000000
538 1675375041 2,800000 -1,000000 -101,000000 0,000000 0,000000
538 1675375042 2,800000 -1,000000 -101,000000 0,000000 0,000000
538 1675375043 2,800000 -1,000000 -101,000000 0,000000 0,000000
538 1675375044 2,800000 -1,000000 -101,000000 0,000000 0,000000
538 1675375045 4,800000 -1,000000 -101,000000 0,000000 0,000000
538 1675375046 4,800000 -1,000000 -101,000000 0,000000 0,000000
538 1675375047 4,800000 -1,000000 -101,000000 0,000000 0,000000
538 1675375048 4,800000 -1,000000 -101,000000 0,000000 0,000000
538 1675375049 4,800000 -1,000000 -101,000000 0,000000 0,000000
538 1675375050 1,800000 -1,000000 -101,000000 0,000000 0,000000
538 1675375051 1,800000 -1,000000 -101,000000 0,000000 0,000000
538 1675375052 1,800000 -1,000000 -101,000000 0,000000 0,000000
538 1675375053 1,800000 -1,000000 -101,000000 0,000000 0,000000
538 1675375054 1,800000 -1,000000 -101,000000 0,000000 0,000000
538 1675375055 0,200000 -1,000000 -101,000000 0,000000 0,000000
538 1675375056 0,200000 -1,000000 -101,000000 0,000000 0,000000
538 1675375057 0,200000 -1,000000 -101,000000 0,000000 0,000000
538 1675375058 0,200000 -1,000000 -101,000000 0,000000 0,000000
538 1675375059 0,200000 -1,000000 -101,000000 0,000000 0,000000
538 1675375060 1,000000 -1,000000 -101,000000 0,000000 0,000000
538 1675375061 1,000000 -1,000000 -101,000000 0,000000 0,000000
538 1675375062 1,000000 -1,000000 -101,000000 0,000000 0,000000
538 1675375063 1,000000 -1,000000 -101,000000 0,000000 0,000000
538 1675375064 1,000000 -1,000000 -101,000000 0,000000 0,000000
538 1675375065 1,800000 -1,000000 -101,000000 0,000000 0,000000
538 1675375066 1,800000 -1,000000 -101,000000 0,000000 0,000000
538 1675375067 1,800000 -1,000000 -101,000000 0,000000 0,000000
538 1675375068 1,800000 -1,000000 -101,000000 0,000000 0,000000
538 1675375069 1,800000 -1,000000 -101,000000 0,000000 0,000000
538 1675375070 2,000000 -1,000000 -101,000000 0,000000 0,000000
538 1675375071 2,000000 -1,000000 -101,000000 0,000000 0,000000
538 1675375072 2,000000 -1,000000 -101,000000 0,000000 0,000000
538 1675375073 2,000000 -1,000000 -101,000000 0,000000 0,000000
538 1675375074 2,000000 -1,000000 -101,000000 0,000000 0,000000
538 1675375075 5,800000 -1,000000 -101,000000 0,000000 0,000000
538 1675375076 5,800000 -1,000000 -101,000000 0,000000 0,000000
538 1675375077 5,800000 -1,000000 -101,000000 0,000000 0,000000
538 1675375078 5,800000 -1,000000 -101,000000 0,000000 0,000000
538 1675375079 5,800000 -1,000000 -101,000000 0,000000 0,000000
538 1675375080 4,600000 -1,000000 -101,000000 0,000000 0,000000
538 1675375081 4,600000 -1,000000 -101,000000 0,000000 0,000000
538 1675375082 4,600000 -1,000000 -101,000000 0,000000 0,000000
538 1675375083 4,600000 -1,000000 -101,000000 0,000000 0,000000
538 1675375084 4,600000 -1,000000 -101,000000 0,000000 0,000000
538 1675375085 3,000000 -1,000000 -101,000000 0,000000 0,000000
538 1675375086 3,000000 -1,000000 -101,000000 0,000000 0,000000
538 1675375087 3,000000 -1,000000 -101,000000 0,000000 0,000000
538 1675375088 3,000000 -1,000000 -101,000000 0,000000 0,000000
538 1675375089 3,000000 -1,000000 -101,000000 0,000000 0,000000
538 1675375090 2,000000 -1,000000 -101,000000 0,000000 0,000000
538 1675375091 2,000000 -1,000000 -101,000000 0,000000 0,000000
538 1675375092 2,000000 -1,000000 -101,000000 0,000000 0,000000
538 1675375093 2,000000 -1,000000 -101,000000 0,000000 0,000000
538 1675375094 2,000000 -1,000000 -101,000000 0,000000 0,000000
538 1675375095 0,400000 -1,000000 -101,000000 0,000000 0,000000
538 1675375096 0,400000 -1,000000 -101,000000 0,000000 0,000000
538 1675375097 0,400000 -1,000000 -101,000000 0,000000 0,000000
538 1675375098 0,400000 -1,000000 -101,000000 0,000000 0,000000
538 1675375099 0,400000 -1,000000 -101,000000 0,000000 0,000000
538 1675375100 2,200000 -1,000000 -101,000000 0,000000 0,000000
538 1675375101 2,200000 -1,000000 -101,000000 0,000000 0,000000
538 1675375102 2,200000 -1,000000 -101,000000 0,000000 0,000000
538 1675375103 2,200000 -1,000000 -101,000000 0,000000 0,000000
538 1675375104 2,200000 -1,000000 -101,000000 0,000000 0,000000
538 1675375105 2,800000 -1,000000 -101,000000 0,000000 0,000000
538 1675375106 2,800000 -1,000000 -101,000000 0,000000 0,000000
538 1675375107 2,800000 -1,000000 -101,000000 0,000000 0,000000
538 1675375108 2,800000 -1,000000 -101,000000 0,000000 0,000000
538 1675375109 2,800000 -1,000000 -101,000000 0,000000 0,000000
538 1675375110 5,800000 -1,000000 -101,000000 0,000000 0,000000
538 1675375111 5,800000 -1,000000 -101,000000 0,000000 0,000000
538 1675375112 5,800000 -1,000000 -101,000000 0,000000 0,000000
538 1675375113 5,800000 -1,000000 -101,000000 0,000000 0,000000
538 1675375114 5,800000 -1,000000 -101,000000 0,000000 0,000000
538 1675375115 4,400000 -1,000000 -101,000000 0,000000 0,000000
538 1675375116 4,400000 -1,000000 -101,000000 0,000000 0,000000
538 1675375117 4,400000 -1,000000 -101,000000 0,000000 0,000000
538 1675375118 4,400000 -1,000000 -101,000000 0,000000 0,000000
538 1675375119 4,400000 -1,000000 -101,000000 0,000000 0,000000
538 1675375120 0,200000 -1,000000 -101,000000 0,000000 0,000000
538 1675375121 0,200000 -1,000000 -101,000000 0,000000 0,000000
538 1675375122 0,200000 -1,000000 -101,000000 0,000000 0,000000
538 1675375123 0,200000 -1,000000 -101,000000 0,000000 0,000000
538 1675375124 0,200000 -1,000000 -101,000000 0,000000 0,000000
538 1675375125 2,400000 -1,000000 -101,000000 0,000000 0,000000
538 1675375126 2,400000 -1,000000 -101,000000 0,000000 0,000000
538 1675375127 2,400000 -1,000000 -101,000000 0,000000 0,000000
538 1675375128 2,400000 -1,000000 -101,000000 0,000000 0,000000
538 1675375129 2,400000 -1,000000 -101,000000 0,000000 0,000000
538 1675375130 5,600000 -1,000000 -101,000000 0,000000 0,000000
538 1675375131 5,600000 -1,000000 -101,000000 0,000000 0,000000
538 1675375132 5,600000 -1,000000 -101,000000 0,000000 0,000000
538 1675375133 5,600000 -1,000000 -101,000000 0,000000 0,000000
538 1675375134 5,600000 -1,000000 -101,000000 0,000000 0,000000
538 1675375135 3,800000 -1,000000 -101,000000 0,000000 0,000000
538 1675375136 3,800000 -1,000000 -101,000000 0,000000 0,000000
538 1675375137 3,800000 -1,000000 -101,000000 0,000000 0,000000
538 1675375138 3,800000 -1,000000 -101,000000 0,000000 0,000000
538 1675375139 3,800000 -1,000000 -101,000000 0,000000 0,000000
538 1675375140 5,200000 -1,000000 -101,000000 0,000000 0,000000
538 1675375141 5,200000 -1,000000 -101,000000 0,000000 0,000000
538 1675375142 5,200000 -1,000000 -101,000000 0,000000 0,000000
538 1675375143 5,200000 -1,000000 -101,000000 0,000000 0,000000
538 1675375144 5,200000 -1,000000 -101,000000 0,000000 0,000000
538 1675375145 1,400000 -1,000000 -101,000000 0,000000 0,000000
538 1675375146 1,400000 -1,000000 -101,000000 0,000000 0,000000
538 1675375147 1,400000 -1,000000 -101,000000 0,000000 0,000000
538 1675375148 1,400000 -1,000000 -101,000000 0,000000 0,000000
538 1675375149 1,400000 -1,000000 -101,000000 0,000000 0,000000
538 1675375150 4,800000 -1,000000 -101,000000 0,000000 0,000000
538 1675375151 4,800000 -1,000000 -101,000000 0,000000 0,000000
538 1675375152 4,800000 -1,000000 -101,000000 0,000000 0,000000
538 1675375153 4,800000 -1,000000 -101,000000 0,000000 0,000000
538 1675375154 4,800000 -1,000000 -101,000000 0,000000 0,000000
538 1675375155 1,000000 -1,000000 -101,000000 0,000000 0,000000
538 1675375156 1,000000 -1,000000 -101,000000 0,000000 0,000000
538 1675375157 1,000000 -1,000000 -101,000000 0,000000 0,000000
538 1675375158 1,000000 -1,000000 -101,000000 0,000000 0,000000
538 1675375159 1,000000 -1,000000 -101,000000 0,000000 0,000000
538 1675375160 2,000000 -1,000000 -101,000000 0,000000 0,000000
538 1675375161 2,000000 -1,000000 -101,000000 0,000000 0,000000
538 1675375162 2,000000 -1,000000 -101,000000 0,000000 0,000000
538 1675375163 2,000000 -1,000000 -101,000000 0,000000 0,000000
538 1675375164 2,000000 -1,000000 -101,000000 0,000000 0,000000
538 1675375165 1,600000 -1,000000 -101,000000 0,000000 0,000000
538 1675375166 1,600000 -1,000000 -101,000000 0,000000 0,000000
538 1675375167 1,600000 -1,000000 -101,000000 0,000000 0,000000
538 1675375168 1,600000 -1,000000 -101,000000 0,000000 0,000000
538 1675375169 1,600000 -1,000000 -101,000000 0,000000 0,000000
538 1675375170 4,600000 -1,000000 -101,000000 0,000000 0,000000
538 1675375171 4,600000 -1,000000 -101,000000 0,000000 0,000000
538 1675375172 4,600000 -1,000000 -101,000000 0,000000 0,000000
538 1675375173 4,600000 -1,000000 -101,000000 0,000000 0,000000
538 1675375174 4,600000 -1,000000 -101,000000 0,000000 0,000000
538 1675375175 1,200000 -1,000000 -101,000000 0,000000 0,000000
538 1675375176 1,200000 -1,000000 -101,000000 0,000000 0,000000
538 1675375177 1,200000 -1,000000 -101,000000 0,000000 0,000000
538 1675375178 1,200000 -1,000000 -101,000000 0,000000 0,000000
538 1675375179 1,200000 -1,000000 -101,000000 0,000000 0,000000
538 1675375180 0,200000 -1,000000 -101,000000 0,000000 0,000000
538 1675375181 0,200000 -1,000000 -101,000000 0,000000 0,000000
538 1675375182 0,200000 -1,000000 -101,000000 0,000000 0,000000
538 1675375183 0,200000 -1,000000 -101,000000 0,000000 0,000000
538 1675375184 0,200000 -1,000000 -101,000000 0,000000 0,000000
538 1675375185 0,200000 -1,000000 -101,000000 0,000000 0,000000
538 1675375186 0,200000 -1,000000 -101,000000 0,000000 0,000000
538 1675375187 0,200000 -1,000000 -101,000000 0,000000 0,000000
538 1675375188 0,200000 -1,000000 -101,000000 0,000000 0,000000
538 1675375189 0,200000 -1,000000 -101,000000 0,000000 0,000000
538 1675375190 0,400000 -1,000000 -101,000000 0,000000 0,000000
538 1675375191 0,400000 -1,000000 -101,000000 0,000000 0,000000
538 1675375192 0,400000 -1,000000 -101,000000 0,000000 0,000000
538 1675375193 0,400000 -1,000000 -101,000000 0,000000 0,000000
538 1675375194 0,400000 -1,000000 -101,000000 0,000000 0,000000
538 1675375195 1,600000 -1,000000 -101,000000 0,000000 0,000000
538 1675375196 1,600000 -1,000000 -101,000000 0,000000 0,000000
538 1675375197 1,600000 -1,000000 -101,000000 0,000000 0,000000
538 1675375198 1,600000 -1,000000 -101,000000 0,000000 0,000000
538 1675375199 1,600000 -1,000000 -101,000000 0,000000 0,000000
538 1675375200 2,400000 -1,000000 -101,000000 0,000000 0,000000
538 1675375201 2,400000 -1,000000 -101,000000 0,000000 0,000000
538 1675375202 2,400000 -1,000000 -101,000000 0,000000 0,000000
538 1675375203 2,400000 -1,000000 -101,000000 0,000000 0,000000
538 1675375204 2,400000 -1,000000 -101,000000 0,000000 0,000000
538 1675375205 5,000000 -1,000000 -101,000000 0,000000 0,000000
538 1675375206 5,000000 -1,000000 -101,000000 0,000000 0,000000
538 1675375207 5,000000 -1,000000 -101,000000 0,000000 0,000000
538 1675375208 5,000000 -1,000000 -101,000000 0,000000 0,000000
538 1675375209 5,000000 -1,000000 -101,000000 0,000000 0,000000
538 1675375210 3,800000 -1,000000 -101,000000 0,000000 0,000000
538 1675375211 3,800000 -1,000000 -101,000000 0,000000 0,000000
538 1675375212 3,800000 -1,000000 -101,000000 0,000000 0,000000
538 1675375213 3,800000 -1,000000 -101,000000 0,000000 0,000000
538 1675375214 3,800000 -1,000000 -101,000000 0,000000 0,000000
538 1675375215 5,800000 -1,000000 -101,000000 0,000000 0,000000
538 1675375216 5,800000 -1,000000 -101,000000 0,000000 0,000000
538 1675375217 5,800000 -1,000000 -101,000000 0,000000 0,000000
538 1675375218 5,800000 -1,000000 -101,000000 0,000000 0,000000
538 1675375219 5,800000 -1,000000 -101,000000 0,000000 0,000000
538 1675375220 0,400000 -1,000000 -101,000000 0,000000 0,000000
538 1675375221 0,400000 -1,000000 -101,000000 0,000000 0,000000
538 1675375222 0,400000 -1,000000 -101,000000 0,000000 0,000000
538 1675375223 0,400000 -1,000000 -101,000000 0,000000 0,000000
538 1675375224 0,400000 -1,000000 -101,000000 0,000000 0,000000
538 1675375225 5,400000 -1,000000 -101,000000 0,000000 0,000000
538 1675375226 5,400000 -1,000000 -101,000000 0,000000 0,000000
538 1675375227 5,400000 -1,000000 -101,000000 0,000000 0,000000
538 1675375228 5,400000 -1,000000 -101,000000 0,000000 0,000000
538 1675375229 5,400000 -1,000000 -101,000000 0,000000 0,000000
538 1675375230 6,400000 -1,000000 -101,000000 0,000000 0,000000
538 1675375231 6,400000 -1,000000 -101,000000 0,000000 0,000000
538 1675375232 6,400000 -1,000000 -101,000000 0,000000 0,000000
538 1675375233 6,400000 -1,000000 -101,000000 0,000000 0,000000
538 1675375234 6,400000 -1,000000 -101,000000 0,000000 0,000000
538 1675375235 4,800000 -1,000000 -101,000000 0,000000 0,000000
538 1675375236 4,800000 -1,000000 -101,000000 0,000000 0,000000
538 1675375237 4,800000 -1,000000 -101,000000 0,000000 0,000000
538 1675375238 4,800000 -1,000000 -101,000000 0,000000 0,000000
538 1675375239 4,800000 -1,000000 -101,000000 0,000000 0,000000
538 1675375240 4,400000 -1,000000 -101,000000 0,000000 0,000000
538 1675375241 4,400000 -1,000000 -101,000000 0,000000 0,000000
538 1675375242 4,400000 -1,000000 -101,000000 0,000000 0,000000
538 1675375243 4,400000 -1,000000 -101,000000 0,000000 0,000000
538 1675375244 4,400000 -1,000000 -101,000000 0,000000 0,000000
538 1675375245 0,200000 -1,000000 -101,000000 0,000000 0,000000
538 1675375246 0,200000 -1,000000 -101,000000 0,000000 0,000000
538 1675375247 0,200000 -1,000000 -101,000000 0,000000 0,000000
538 1675375248 0,200000 -1,000000 -101,000000 0,000000 0,000000
538 1675375249 0,200000 -1,000000 -101,000000 0,000000 0,000000
538 1675375250 1,600000 -1,000000 -101,000000 0,000000 0,000000
538 1675375251 1,600000 -1,000000 -101,000000 0,000000 0,000000
538 1675375252 1,600000 -1,000000 -101,000000 0,000000 0,000000
538 1675375253 1,600000 -1,000000 -101,000000 0,000000 0,000000
538 1675375254 1,600000 -1,000000 -101,000000 0,000000 0,000000
538 1675375255 0,200000 -1,000000 -101,000000 0,000000 0,000000
538 1675375256 0,200000 -1,000000 -101,000000 0,000000 0,000000
538 1675375257 0,200000 -1,000000 -101,000000 0,000000 0,000000
538 1675375258 0,200000 -1,000000 -101,000000 0,000000 0,000000
538 1675375259 0,200000 -1,000000 -101,000000 0,000000 0,000000
538 1675375260 2,600000 -1,000000 -101,000000 0,000000 0,000000
538 1675375261 2,600000 -1,000000 -101,000000 0,000000 0,000000
538 1675375262 2,600000 -1,000000 -101,000000 0,000000 0,000000
538 1675375263 2,600000 -1,000000 -101,000000 0,000000 0,000000
538 1675375264 2,600000 -1,000000 -101,000000 0,000000 0,000000
538 1675375265 2,200000 -1,000000 -101,000000 0,000000 0,000000
538 1675375266 2,200000 -1,000000 -101,000000 0,000000 0,000000
538 1675375267 2,200000 -1,000000 -101,000000 0,000000 0,000000
538 1675375268 2,200000 -1,000000 -101,000000 0,000000 0,000000
538 1675375269 2,200000 -1,000000 -101,000000 0,000000 0,000000
538 1675375270 2,600000 -1,000000 -101,000000 0,000000 0,000000
538 1675375271 2,600000 -1,000000 -101,000000 0,000000 0,000000
538 1675375272 2,600000 -1,000000 -101,000000 0,000000 0,000000
538 1675375273 2,600000 -1,000000 -101,000000 0,000000 0,000000
538 1675375274 2,600000 -1,000000 -101,000000 0,000000 0,000000
538 1675375275 2,200000 -1,000000 -101,000000 0,000000 0,000000
538 1675375276 2,200000 -1,000000 -101,000000 0,000000 0,000000
538 1675375277 2,200000 -1,000000 -101,000000 0,000000 0,000000
538 1675375278 2,200000 -1,000000 -101,000000 0,000000 0,000000
538 1675375279 2,200000 -1,000000 -101,000000 0,000000 0,000000
538 1675375280 2,600000 -1,000000 -101,000000 0,000000 0,000000
538 1675375281 2,600000 -1,000000 -101,000000 0,000000 0,000000
538 1675375282 2,600000 -1,000000 -101,000000 0,000000 0,000000
538 1675375283 2,600000 -1,000000 -101,000000 0,000000 0,000000
538 1675375284 2,600000 -1,000000 -101,000000 0,000000 0,000000
538 1675375285 3,600000 -1,000000 -101,000000 0,000000 0,000000
538 1675375286 3,600000 -1,000000 -101,000000 0,000000 0,000000
538 1675375287 3,600000 -1,000000 -101,000000 0,000000 0,000000
538 1675375288 3,600000 -1,000000 -101,000000 0,000000 0,000000
538 1675375289 3,600000 -1,000000 -101,000000 0,000000 0,000000
538 1675375290 4,400000 -1,000000 -101,000000 0,000000 0,000000
538 1675375291 4,400000 -1,000000 -101,000000 0,000000 0,000000
538 1675375292 4,400000 -1,000000 -101,000000 0,000000 0,000000
538 1675375293 4,400000 -1,000000 -101,000000 0,000000 0,000000
538 1675375294 4,400000 -1,000000 -101,000000 0,000000 0,000000
538 1675375295 1,000000 -1,000000 -101,000000 0,000000 0,000000
538 1675375296 1,000000 -1,000000 -101,000000 0,000000 0,000000
538 1675375297 1,000000 -1,000000 -101,000000 0,000000 0,000000
538 1675375298 1,000000 -1,000000 -101,000000 0,000000 0,000000
538 1675375299 1,000000 -1,000000 -101,000000 0,000000 0,000000
538 1675375300 3,200000 -1,000000 -101,000000 0,000000 0,000000
538 1675375301 3,200000 -1,000000 -101,000000 0,000000 0,000000
538 1675375302 3,200000 -1,000000 -101,000000 0,000000 0,000000
538 1675375303 3,200000 -1,000000 -101,000000 0,000000 0,000000
538 1675375304 3,200000 -1,000000 -101,000000 0,000000 0,000000
538 1675375305 2,000000 -1,000000 -101,000000 0,000000 0,000000
538 1675375306 2,000000 -1,000000 -101,000000 0,000000 0,000000
538 1675375307 2,000000 -1,000000 -101,000000 0,000000 0,000000
538 1675375308 2,000000 -1,000000 -101,000000 0,000000 0,000000
538 1675375309 2,000000 -1,000000 -101,000000 0,000000 0,000000
538 1675375310 1,600000 -1,000000 -101,000000 0,000000 0,000000
538 1675375311 1,600000 -1,000000 -101,000000 0,000000 0,000000
538 1675375312 1,600000 -1,000000 -101,000000 0,000000 0,000000
538 1675375313 1,600000 -1,000000 -101,000000 0,000000 0,000000
538 1675375314 1,600000 -1,000000 -101,000000 0,000000 0,000000
538 1675375315 3,200000 -1,000000 -101,000000 0,000000 0,000000
538 1675375316 3,200000 -1,000000 -101,000000 0,000000 0,000000
538 1675375317 3,200000 -1,000000 -101,000000 0,000000 0,000000
538 1675375318 3,200000 -1,000000 -101,000000 0,000000 0,000000
538 1675375319 3,200000 -1,000000 -101,000000 0,000000 0,000000
538 1675375320 1,400000 -1,000000 -101,000000 0,000000 0,000000
538 1675375321 1,400000 -1,000000 -101,000000 0,000000 0,000000
538 1675375322 1,400000 -1,000000 -101,000000 0,000000 0,000000
538 1675375323 1,400000 -1,000000 -101,000000 0,000000 0,000000
538 1675375324 1,400000 -1,000000 -101,000000 0,000000 0,000000
538 1675375325 4,200000 -1,000000 -101,000000 0,000000 0,000000
538 1675375326 4,200000 -1,000000 -101,000000 0,000000 0,000000
538 1675375327 4,200000 -1,000000 -101,000000 0,000000 0,000000
538 1675375328 4,200000 -1,000000 -101,000000 0,000000 0,000000
538 1675375329 4,200000 -1,000000 -101,000000 0,000000 0,000000
538 1675375330 4,600000 -1,000000 -101,000000 0,000000 0,000000
538 1675375331 4,600000 -1,000000 -101,000000 0,000000 0,000000
538 1675375332 4,600000 -1,000000 -101,000000 0,000000 0,000000
538 1675375333 4,600000 -1,000000 -101,000000 0,000000 0,000000
538 1675375334 4,600000 -1,000000 -101,000000 0,000000 0,000000
538 1675375335 3,000000 -1,000000 -101,000000 0,000000 0,000000
538 1675375336 3,000000 -1,000000 -101,000000 0,000000 0,000000
538 1675375337 3,000000 -1,000000 -101,000000 0,000000 0,000000
538 1675375338 3,000000 -1,000000 -101,000000 0,000000 0,000000
538 1675375339 3,000000 -1,000000 -101,000000 0,000000 0,000000
538 1675375340 0,400000 -1,000000 -101,000000 0,000000 0,000000
538 1675375341 0,400000 -1,000000 -101,000000 0,000000 0,000000
538 1675375342 0,400000 -1,000000 -101,000000 0,000000 0,000000
538 1675375343 0,400000 -1,000000 -101,000000 0,000000 0,000000
538 1675375344 0,400000 -1,000000 -101,000000 0,000000 0,000000
538 1675375345 1,200000 -1,000000 -101,000000 0,000000 0,000000
538 1675375346 1,200000 -1,000000 -101,000000 0,000000 0,000000
538 1675375347 1,200000 -1,000000 -101,000000 0,000000 0,000000
538 1675375348 1,200000 -1,000000 -101,000000 0,000000 0,000000
538 1675375349 1,200000 -1,000000 -101,000000 0,000000 0,000000
538 1675375350 4,400000 -1,000000 -101,000000 0,000000 0,000000
538 1675375351 4,400000 -1,000000 -101,000000 0,000000 0,000000
538 1675375352 4,400000 -1,000000 -101,000000 0,000000 0,000000
538 1675375353 4,400000 -1,000000 -101,000000 0,000000 0,000000
538 1675375354 4,400000 -1,000000 -101,000000 0,000000 0,000000
538 1675375355 5,400000 -1,000000 -101,000000 0,000000 0,000000
538 1675375356 5,400000 -1,000000 -101,000000 0,000000 0,000000
538 1675375357 5,400000 -1,000000 -101,000000 0,000000 0,000000
538 1675375358 5,400000 -1,000000 -101,000000 0,000000 0,000000
538 1675375359 5,400000 -1,000000 -101,000000 0,000000 0,000000
538 1675375360 2,600000 -1,000000 -101,000000 0,000000 0,000000
538 1675375361 2,600000 -1,000000 -101,000000 0,000000 0,000000
538 1675375362 2,600000 -1,000000 -101,000000 0,000000 0,000000
538 1675375363 2,600000 -1,000000 -101,000000 0,000000 0,000000
538 1675375364 2,600000 -1,000000 -101,000000 0,000000 0,000000
538 1675375365 3,200000 -1,000000 -101,000000 0,000000 0,000000
538 1675375366 3,200000 -1,000000 -101,000000 0,000000 0,000000
538 1675375367 3,200000 -1,000000 -101,000000 0,000000 0,000000
538 1675375368 3,200000 -1,000000 -101,000000 0,000000 0,000000
538 1675375369 3,200000 -1,000000 -101,000000 0,000000 0,000000
538 1675375370 0,200000 -1,000000 -101,000000 0,000000 0,000000
538 1675375371 0,200000 -1,000000 -101,000000 0,000000 0,000000
538 1675375372 0,200000 -1,000000 -101,000000 0,000000 0,000000
538 1675375373 0,200000 -1,000000 -101,000000 0,000000 0,000000
538 1675375374 0,200000 -1,000000 -101,000000 0,000000 0,000000
538 1675375375 2,800000 -1,000000 -101,000000 0,000000 0,000000
538 1675375376 2,800000 -1,000000 -101,000000 0,000000 0,000000
538 1675375377 2,800000 -1,000000 -101,000000 0,000000 0,000000
538 1675375378 2,800000 -1,000000 -101,000000 0,000000 0,000000
538 1675375379 2,800000 -1,000000 -101,000000 0,000000 0,000000
538 1675375380 0,600000 -1,000000 -101,000000 0,000000 0,000000
538 1675375381 0,600000 -1,000000 -101,000000 0,000000 0,000000
538 1675375382 0,600000 -1,000000 -101,000000 0,000000 0,000000
538 1675375383 0,600000 -1,000000 -101,000000 0,000000 0,000000
538 1675375384 0,600000 -1,000000 -101,000000 0,000000 0,000000
538 1675375385 4,000000 -1,000000 -101,000000 0,000000 0,000000
538 1675375386 4,000000 -1,000000 -101,000000 0,000000 0,000000
538 1675375387 4,000000 -1,000000 -101,000000 0,000000 0,000000
538 1675375388 4,000000 -1,000000 -101,000000 0,000000 0,000000
538 1675375389 4,000000 -1,000000 -101,000000 0,000000 0,000000
538 1675375390 5,000000 -1,000000 -101,000000 0,000000 0,000000
538 1675375391 5,000000 -1,000000 -101,000000 0,000000 0,000000
538 1675375392 5,000000 -1,000000 -101,000000 0,000000 0,000000
538 1675375393 5,000000 -1,000000 -101,000000 0,000000 0,000000
538 1675375394 5,000000 -1,000000 -101,000000 0,000000 0,000000
538 1675375395 3,800000 -1,000000 -101,000000 0,000000 0,000000
538 1675375396 3,800000 -1,000000 -101,000000 0,000000 0,000000
538 1675375397 3,800000 -1,000000 -101,000000 0,000000 0,000000
538 1675375398 3,800000 -1,000000 -101,000000 0,000000 0,000000
538 1675375399 3,800000 -1,000000 -101,000000 0,000000 0,000000
538 1675375400 3,600000 -1,000000 -101,000000 0,000000 0,000000
538 1675375401 3,600000 -1,000000 -101,000000 0,000000 0,000000
538 1675375402 3,600000 -1,000000 -101,000000 0,000000 0,000000
538 1675375403 3,600000 -1,000000 -101,000000 0,000000 0,000000
538 1675375404 3,600000 -1,000000 -101,000000 0,000000 0,000000
538 1675375405 1,200000 -1,000000 -101,000000 0,000000 0,000000
538 1675375406 1,200000 -1,000000 -101,000000 0,000000 0,000000
538 1675375407 1,200000 -1,000000 -101,000000 0,000000 0,000000
538 1675375408 1,200000 -1,000000 -101,000000 0,000000 0,000000
538 1675375409 1,200000 -1,000000 -101,000000 0,000000 0,000000
538 1675375410 3,000000 -1,000000 -101,000000 0,000000 0,000000
538 1675375411 3,000000 -1,000000 -101,000000 0,000000 0,000000
538 1675375412 3,000000 -1,000000 -101,000000 0,000000 0,000000
538 1675375413 3,000000 -1,000000 -101,000000 0,000000 0,000000
538 1675375414 3,000000 -1,000000 -101,000000 0,000000 0,000000
538 1675375415 3,200000 -1,000000 -101,000000 0,000000 0,000000
538 1675375416 3,200000 -1,000000 -101,000000 0,000000 0,000000
538 1675375417 3,200000 -1,000000 -101,000000 0,000000 0,000000
538 1675375418 3,200000 -1,000000 -101,000000 0,000000 0,000000
538 1675375419 3,200000 -1,000000 -101,000000 0,000000 0,000000
538 1675375425 2,200000 -1,000000 -101,000000 0,000000 0,000000
538 1675375426 2,200000 -1,000000 -101,000000 0,000000 0,000000
538 1675375427 2,200000 -1,000000 -101,000000 0,000000 0,000000
538 1675375428 2,200000 -1,000000 -101,000000 0,000000 0,000000
538 1675375429 2,200000 -1,000000 -101,000000 0,000000 0,000000
538 1675375430 3,800000 -1,000000 -101,000000 0,000000 0,000000
538 1675375431 3,800000 -1,000000 -101,000000 0,000000 0,000000
538 1675375432 3,800000 -1,000000 -101,000000 0,000000 0,000000
538 1675375433 3,800000 -1,000000 -101,000000 0,000000 0,000000
538 1675375434 3,800000 -1,000000 -101,000000 0,000000 0,000000
538 1675375435 1,400000 -1,000000 -101,000000 0,000000 0,000000
538 1675375436 1,400000 -1,000000 -101,000000 0,000000 0,000000
538 1675375437 1,400000 -1,000000 -101,000000 0,000000 0,000000
538 1675375438 1,400000 -1,000000 -101,000000 0,000000 0,000000
538 1675375439 1,400000 -1,000000 -101,000000 0,000000 0,000000
538 1675375440 4,200000 -1,000000 -101,000000 0,000000 0,000000
538 1675375441 4,200000 -1,000000 -101,000000 0,000000 0,000000
538 1675375442 4,200000 -1,000000 -101,000000 0,000000 0,000000
538 1675375443 4,200000 -1,000000 -101,000000 0,000000 0,000000
538 1675375444 4,200000 -1,000000 -101,000000 0,000000 0,000000
538 1675375445 1,000000 -1,000000 -101,000000 0,000000 0,000000
538 1675375446 1,000000 -1,000000 -101,000000 0,000000 0,000000
538 1675375447 1,000000 -1,000000 -101,000000 0,000000 0,000000
538 1675375448 1,000000 -1,000000 -101,000000 0,000000 0,000000
538 1675375449 1,000000 -1,000000 -101,000000 0,000000 0,000000
538 1675375450 5,200000 -1,000000 -101,000000 0,000000 0,000000
538 1675375451 5,200000 -1,000000 -101,000000 0,000000 0,000000
538 1675375452 5,200000 -1,000000 -101,000000 0,000000 0,000000
538 1675375453 5,200000 -1,000000 -101,000000 0,000000 0,000000
538 1675375454 5,200000 -1,000000 -101,000000 0,000000 0,000000
538 1675375455 4,000000 -1,000000 -101,000000 0,000000 0,000000
538 1675375456 4,000000 -1,000000 -101,000000 0,000000 0,000000
538 1675375457 4,000000 -1,000000 -101,000000 0,000000 0,000000
538 1675375458 4,000000 -1,000000 -101,000000 0,000000 0,000000
538 1675375459 4,000000 -1,000000 -101,000000 0,000000 0,000000
538 1675375460 5,800000 -1,000000 -101,000000 0,000000 0,000000
538 1675375461 5,800000 -1,000000 -101,000000 0,000000 0,000000
538 1675375462 5,800000 -1,000000 -101,000000 0,000000 0,000000
538 1675375463 5,800000 -1,000000 -101,000000 0,000000 0,000000
538 1675375464 5,800000 -1,000000 -101,000000 0,000000 0,000000
538 1675375465 1,200000 -1,000000 -101,000000 0,000000 0,000000
538 1675375466 1,200000 -1,000000 -101,000000 0,000000 0,000000
538 1675375467 1,200000 -1,000000 -101,000000 0,000000 0,000000
538 1675375468 1,200000 -1,000000 -101,000000 0,000000 0,000000
538 1675375469 1,200000 -1,000000 -101,000000 0,000000 0,000000
538 1675375470 2,000000 -1,000000 -101,000000 0,000000 0,000000
538 1675375471 2,000000 -1,000000 -101,000000 0,000000 0,000000
538 1675375472 2,000000 -1,000000 -101,000000 0,000000 0,000000
538 1675375473 2,000000 -1,000000 -101,000000 0,000000 0,000000
538 1675375474 2,000000 -1,000000 -101,000000 0,000000 0,000000
538 1675375475 2,400000 -1,000000 -101,000000 0,000000 0,000000
538 1675375476 2,400000 -1,000000 -101,000000 0,000000 0,000000
538 1675375477 2,400000 -1,000000 -101,000000 0,000000 0,000000
538 1675375478 2,400000 -1,000000 -101,000000 0,000000 0,000000
538 1675375479 2,400000 -1,000000 -101,000000 0,000000 0,000000
538 1675375480 1,800000 -1,000000 -101,000000 0,000000 0,000000
538 1675375481 1,800000 -1,000000 -101,000000 0,000000 0,000000
538 1675375482 1,800000 -1,000000 -101,000000 0,000000 0,000000
538 1675375483 1,800000 -1,000000 -101,000000 0,000000 0,000000
538 1675375484 1,800000 -1,000000 -101,000000 0,000000 0,000000
538 1675375485 0,600000 -1,000000 -101,000000 0,000000 0,000000
538 1675375486 0,600000 -1,000000 -101,000000 0,000000 0,000000
538 1675375487 0,600000 -1,000000 -101,000000 0,000000 0,000000
538 1675375488 0,600000 -1,000000 -101,000000 0,000000 0,000000
538 1675375489 0,600000 -1,000000 -101,000000 0,000000 0,000000
538 1675375500 0,800000 -1,000000 -101,000000 0,000000 0,000000
538 1675375501 0,800000 -1,000000 -101,000000 0,000000 0,000000
538 1675375502 0,800000 -1,000000 -101,000000 0,000000 0,000000
538 1675375503 0,800000 -1,000000 -101,000000 0,000000 0,000000
538 1675375504 0,800000 -1,000000 -101,000000 0,000000 0,000000
538 1675375505 1,600000 -1,000000 -101,000000 0,000000 0,000000
538 1675375506 1,600000 -1,000000 -101,000000 0,000000 0,000000
538 1675375507 1,600000 -1,000000 -101,000000 0,000000 0,000000
538 1675375508 1,600000 -1,000000 -101,000000 0,000000 0,000000
538 1675375509 1,600000 -1,000000 -101,000000 0,000000 0,000000
538 1675375510 5,000000 -1,000000 -101,000000 0,000000 0,000000
538 1675375511 5,000000 -1,000000 -101,000000 0,000000 0,000000
538 1675375512 5,000000 -1,000000 -101,000000 0,000000 0,000000
538 1675375513 5,000000 -1,000000 -101,000000 0,000000 0,000000
538 1675375514 5,000000 -1,000000 -101,000000 0,000000 0,000000
538 1675375515 8,000000 -1,000000 -101,000000 0,000000 0,000000
538 1675375516 8,000000 -1,000000 -101,000000 0,000000 0,000000
538 1675375517 8,000000 -1,000000 -101,000000 0,000000 0,000000
538 1675375518 8,000000 -1,000000 -101,000000 0,000000 0,000000
538 1675375519 8,000000 -1,000000 -101,000000 0,000000 0,000000
538 1675375520 1,400000 -1,000000 -101,000000 0,000000 0,000000
538 1675375521 1,400000 -1,000000 -101,000000 0,000000 0,000000
538 1675375522 1,400000 -1,000000 -101,000000 0,000000 0,000000
538 1675375523 1,400000 -1,000000 -101,000000 0,000000 0,000000
538 1675375524 1,400000 -1,000000 -101,000000 0,000000 0,000000
538 1675375525 4,600000 -1,000000 -101,000000 0,000000 0,000000
538 1675375526 4,600000 -1,000000 -101,000000 0,000000 0,000000
538 1675375527 4,600000 -1,000000 -101,000000 0,000000 0,000000
538 1675375528 4,600000 -1,000000 -101,000000 0,000000 0,000000
538 1675375529 4,600000 -1,000000 -101,000000 0,000000 0,000000
538 1675375530 2,400000 -1,000000 -101,000000 0,000000 0,000000
538 1675375531 2,400000 -1,000000 -101,000000 0,000000 0,000000
538 1675375532 2,400000 -1,000000 -101,000000 0,000000 0,000000
538 1675375533 2,400000 -1,000000 -101,000000 0,000000 0,000000
538 1675375534 2,400000 -1,000000 -101,000000 0,000000 0,000000
538 1675375535 2,800000 -1,000000 -101,000000 0,000000 0,000000
538 1675375536 2,800000 -1,000000 -101,000000 0,000000 0,000000
538 1675375537 2,800000 -1,000000 -101,000000 0,000000 0,000000
538 1675375538 2,800000 -1,000000 -101,000000 0,000000 0,000000
538 1675375539 2,800000 -1,000000 -101,000000 0,000000 0,000000
538 1675375540 2,200000 -1,000000 -101,000000 0,000000 0,000000
538 1675375541 2,200000 -1,000000 -101,000000 0,000000 0,000000
538 1675375542 2,200000 -1,000000 -101,000000 0,000000 0,000000
538 1675375543 2,200000 -1,000000 -101,000000 0,000000 0,000000
538 1675375544 2,200000 -1,000000 -101,000000 0,000000 0,000000
538 1675375545 4,200000 -1,000000 -101,000000 0,000000 0,000000
538 1675375546 4,200000 -1,000000 -101,000000 0,000000 0,000000
538 1675375547 4,200000 -1,000000 -101,000000 0,000000 0,000000
538 1675375548 4,200000 -1,000000 -101,000000 0,000000 0,000000
538 1675375549 4,200000 -1,000000 -101,000000 0,000000 0,000000
538 1675375550 1,400000 -1,000000 -101,000000 0,000000 0,000000
538 1675375551 1,400000 -1,000000 -101,000000 0,000000 0,000000
538 1675375552 1,400000 -1,000000 -101,000000 0,000000 0,000000
538 1675375553 1,400000 -1,000000 -101,000000 0,000000 0,000000
538 1675375554 1,400000 -1,000000 -101,000000 0,000000 0,000000
538 1675375555 0,400000 -1,000000 -101,000000 0,000000 0,000000
538 1675375556 0,400000 -1,000000 -101,000000 0,000000 0,000000
538 1675375557 0,400000 -1,000000 -101,000000 0,000000 0,000000
538 1675375558 0,400000 -1,000000 -101,000000 0,000000 0,000000
538 1675375559 0,400000 -1,000000 -101,000000 0,000000 0,000000
538 1675375560 0,600000 -1,000000 -101,000000 0,000000 0,000000
538 1675375561 0,600000 -1,000000 -101,000000 0,000000 0,000000
538 1675375562 0,600000 -1,000000 -101,000000 0,000000 0,000000
538 1675375563 0,600000 -1,000000 -101,000000 0,000000 0,000000
538 1675375564 0,600000 -1,000000 -101,000000 0,000000 0,000000
538 1675375565 1,200000 -1,000000 -101,000000 0,000000 0,000000
538 1675375566 1,200000 -1,000000 -101,000000 0,000000 0,000000
538 1675375567 1,200000 -1,000000 -101,000000 0,000000 0,000000
538 1675375568 1,200000 -1,000000 -101,000000 0,000000 0,000000
538 1675375569 1,200000 -1,000000 -101,000000 0,000000 0,000000
538 1675375570 4,400000 -1,000000 -101,000000 0,000000 0,000000
538 1675375571 4,400000 -1,000000 -101,000000 0,000000 0,000000
538 1675375572 4,400000 -1,000000 -101,000000 0,000000 0,000000
538 1675375573 4,400000 -1,000000 -101,000000 0,000000 0,000000
538 1675375574 4,400000 -1,000000 -101,000000 0,000000 0,000000
538 1675375575 0,800000 -1,000000 -101,000000 0,000000 0,000000
538 1675375576 0,800000 -1,000000 -101,000000 0,000000 0,000000
538 1675375577 0,800000 -1,000000 -101,000000 0,000000 0,000000
538 1675375578 0,800000 -1,000000 -101,000000 0,000000 0,000000
538 1675375579 0,800000 -1,000000 -101,000000 0,000000 0,000000
538 1675375580 3,000000 -1,000000 -101,000000 0,000000 0,000000
538 1675375581 3,000000 -1,000000 -101,000000 0,000000 0,000000
538 1675375582 3,000000 -1,000000 -101,000000 0,000000 0,000000
538 1675375583 3,000000 -1,000000 -101,000000 0,000000 0,000000
538 1675375584 3,000000 -1,000000 -101,000000 0,000000 0,000000
538 1675375585 4,000000 -1,000000 -101,000000 0,000000 0,000000
538 1675375586 4,000000 -1,000000 -101,000000 0,000000 0,000000
538 1675375587 4,000000 -1,000000 -101,000000 0,000000 0,000000
538 1675375588 4,000000 -1,000000 -101,000000 0,000000 0,000000
538 1675375589 4,000000 -1,000000 -101,000000 0,000000 0,000000
538 1675375590 4,400000 -1,000000 -101,000000 0,000000 0,000000
538 1675375591 4,400000 -1,000000 -101,000000 0,000000 0,000000
538 1675375592 4,400000 -1,000000 -101,000000 0,000000 0,000000
538 1675375593 4,400000 -1,000000 -101,000000 0,000000 0,000000
538 1675375594 4,400000 -1,000000 -101,000000 0,000000 0,000000
538 1675375595 1,600000 -1,000000 -101,000000 0,000000 0,000000
538 1675375596 1,600000 -1,000000 -101,000000 0,000000 0,000000
538 1675375597 1,600000 -1,000000 -101,000000 0,000000 0,000000
538 1675375598 1,600000 -1,000000 -101,000000 0,000000 0,000000
538 1675375599 1,600000 -1,000000 -101,000000 0,000000 0,000000
538 1675375600 6,000000 -1,000000 -101,000000 0,000000 0,000000
538 1675375601 6,000000 -1,000000 -101,000000 0,000000 0,000000
538 1675375602 6,000000 -1,000000 -101,000000 0,000000 0,000000
538 1675375603 6,000000 -1,000000 -101,000000 0,000000 0,000000
538 1675375604 6,000000 -1,000000 -101,000000 0,000000 0,000000
538 1675375605 3,200000 -1,000000 -101,000000 0,000000 0,000000
538 1675375606 3,200000 -1,000000 -101,000000 0,000000 0,000000
538 1675375607 3,200000 -1,000000 -101,000000 0,000000 0,000000
538 1675375608 3,200000 -1,000000 -101,000000 0,000000 0,000000
538 1675375609 3,200000 -1,000000 -101,000000 0,000000 0,000000
538 1675375610 4,400000 -1,000000 -101,000000 0,000000 0,000000
538 1675375611 4,400000 -1,000000 -101,000000 0,000000 0,000000
538 1675375612 4,400000 -1,000000 -101,000000 0,000000 0,000000
538 1675375613 4,400000 -1,000000 -101,000000 0,000000 0,000000
538 1675375614 4,400000 -1,000000 -101,000000 0,000000 0,000000
538 1675375615 3,600000 -1,000000 -101,000000 0,000000 0,000000
538 1675375616 3,600000 -1,000000 -101,000000 0,000000 0,000000
538 1675375617 3,600000 -1,000000 -101,000000 0,000000 0,000000
538 1675375618 3,600000 -1,000000 -101,000000 0,000000 0,000000
538 1675375619 3,600000 -1,000000 -101,000000 0,000000 0,000000
538 1675375620 1,600000 -1,000000 -101,000000 0,000000 0,000000
538 1675375621 1,600000 -1,000000 -101,000000 0,000000 0,000000
538 1675375622 1,600000 -1,000000 -101,000000 0,000000 0,000000
538 1675375623 1,600000 -1,000000 -101,000000 0,000000 0,000000
538 1675375624 1,600000 -1,000000 -101,000000 0,000000 0,000000
538 1675375625 0,800000 -1,000000 -101,000000 0,000000 0,000000
538 1675375626 0,800000 -1,000000 -101,000000 0,000000 0,000000
538 1675375627 0,800000 -1,000000 -101,000000 0,000000 0,000000
538 1675375628 0,800000 -1,000000 -101,000000 0,000000 0,000000
538 1675375629 0,800000 -1,000000 -101,000000 0,000000 0,000000
538 1675375630 4,400000 -1,000000 -101,000000 0,000000 0,000000
538 1675375631 4,400000 -1,000000 -101,000000 0,000000 0,000000
538 1675375632 4,400000 -1,000000 -101,000000 0,000000 0,000000
538 1675375633 4,400000 -1,000000 -101,000000 0,000000 0,000000
538 1675375634 4,400000 -1,000000 -101,000000 0,000000 0,000000
538 1675375635 1,000000 -1,000000 -101,000000 0,000000 0,000000
538 1675375636 1,000000 -1,000000 -101,000000 0,000000 0,000000
538 1675375637 1,000000 -1,000000 -101,000000 0,000000 0,000000
538 1675375638 1,000000 -1,000000 -101,000000 0,000000 0,000000
538 1675375639 1,000000 -1,000000 -101,000000 0,000000 0,000000
538 1675375640 2,000000 -1,000000 -101,000000 0,000000 0,000000
538 1675375641 2,000000 -1,000000 -101,000000 0,000000 0,000000
538 1675375642 2,000000 -1,000000 -101,000000 0,000000 0,000000
538 1675375643 2,000000 -1,000000 -101,000000 0,000000 0,000000
538 1675375644 2,000000 -1,000000 -101,000000 0,000000 0,000000
538 1675375645 1,200000 -1,000000 -101,000000 0,000000 0,000000
538 1675375646 1,200000 -1,000000 -101,000000 0,000000 0,000000
538 1675375647 1,200000 -1,000000 -101,000000 0,000000 0,000000
538 1675375648 1,200000 -1,000000 -101,000000 0,000000 0,000000
538 1675375649 1,200000 -1,000000 -101,000000 0,000000 0,000000
538 1675375650 0,200000 -1,000000 -101,000000 0,000000 0,000000
538 1675375651 0,200000 -1,000000 -101,000000 0,000000 0,000000
538 1675375652 0,200000 -1,000000 -101,000000 0,000000 0,000000
538 1675375653 0,200000 -1,000000 -101,000000 0,000000 0,000000
538 1675375654 0,200000 -1,000000 -101,000000 0,000000 0,000000
538 1675375655 1,800000 -1,000000 -101,000000 0,000000 0,000000
538 1675375656 1,800000 -1,000000 -101,000000 0,000000 0,000000
538 1675375657 1,800000 -1,000000 -101,000000 0,000000 0,000000
538 1675375658 1,800000 -1,000000 -101,000000 0,000000 0,000000
538 1675375659 1,800000 -1,000000 -101,000000 0,000000 0,000000
538 1675375660 4,800000 -1,000000 -101,000000 0,000000 0,000000
538 1675375661 4,800000 -1,000000 -101,000000 0,000000 0,000000
538 1675375662 4,800000 -1,000000 -101,000000 0,000000 0,000000
538 1675375663 4,800000 -1,000000 -101,000000 0,000000 0,000000
538 1675375664 4,800000 -1,000000 -101,000000 0,000000 0,000000
538 1675375665 8,600000 -1,000000 -101,000000 0,000000 0,000000
538 1675375666 8,600000 -1,000000 -101,000000 0,000000 0,000000
538 1675375667 8,600000 -1,000000 -101,000000 0,000000 0,000000
538 1675375668 8,600000 -1,000000 -101,000000 0,000000 0,000000
538 1675375669 8,600000 -1,000000 -101,000000 0,000000 0,000000
538 1675375670 2,600000 -1,000000 -101,000000 0,000000 0,000000
538 1675375671 2,600000 -1,000000 -101,000000 0,000000 0,000000
538 1675375672 2,600000 -1,000000 -101,000000 0,000000 0,000000
538 1675375673 2,600000 -1,000000 -101,000000 0,000000 0,000000
538 1675375674 2,600000 -1,000000 -101,000000 0,000000 0,000000
538 1675375675 4,200000 -1,000000 -101,000000 0,000000 0,000000
538 1675375676 4,200000 -1,000000 -101,000000 0,000000 0,000000
538 1675375677 4,200000 -1,000000 -101,000000 0,000000 0,000000
538 1675375678 4,200000 -1,000000 -101,000000 0,000000 0,000000
538 1675375679 4,200000 -1,000000 -101,000000 0,000000 0,000000
538 1675375680 3,800000 -1,000000 -101,000000 0,000000 0,000000
538 1675375681 3,800000 -1,000000 -101,000000 0,000000 0,000000
538 1675375682 3,800000 -1,000000 -101,000000 0,000000 0,000000
538 1675375683 3,800000 -1,000000 -101,000000 0,000000 0,000000
538 1675375684 3,800000 -1,000000 -101,000000 0,000000 0,000000
538 1675375685 2,400000 -1,000000 -101,000000 0,000000 0,000000
538 1675375686 2,400000 -1,000000 -101,000000 0,000000 0,000000
538 1675375687 2,400000 -1,000000 -101,000000 0,000000 0,000000
538 1675375688 2,400000 -1,000000 -101,000000 0,000000 0,000000
538 1675375689 2,400000 -1,000000 -101,000000 0,000000 0,000000
538 1675375690 3,200000 -1,000000 -101,000000 0,000000 0,000000
538 1675375691 3,200000 -1,000000 -101,000000 0,000000 0,000000
538 1675375692 3,200000 -1,000000 -101,000000 0,000000 0,000000
538 1675375693 3,200000 -1,000000 -101,000000 0,000000 0,000000
538 1675375694 3,200000 -1,000000 -101,000000 0,000000 0,000000
538 1675375695 1,600000 -1,000000 -101,000000 0,000000 0,000000
538 1675375696 1,600000 -1,000000 -101,000000 0,000000 0,000000
538 1675375697 1,600000 -1,000000 -101,000000 0,000000 0,000000
538 1675375698 1,600000 -1,000000 -101,000000 0,000000 0,000000
538 1675375699 1,600000 -1,000000 -101,000000 0,000000 0,000000
538 1675375700 3,600000 -1,000000 -101,000000 0,000000 0,000000
538 1675375701 3,600000 -1,000000 -101,000000 0,000000 0,000000
538 1675375702 3,600000 -1,000000 -101,000000 0,000000 0,000000
538 1675375703 3,600000 -1,000000 -101,000000 0,000000 0,000000
538 1675375704 3,600000 -1,000000 -101,000000 0,000000 0,000000
538 1675375705 1,200000 -1,000000 -101,000000 0,000000 0,000000
538 1675375706 1,200000 -1,000000 -101,000000 0,000000 0,000000
538 1675375707 1,200000 -1,000000 -101,000000 0,000000 0,000000
538 1675375708 1,200000 -1,000000 -101,000000 0,000000 0,000000
538 1675375709 1,200000 -1,000000 -101,000000 0,000000 0,000000
538 1675375710 2,800000 -1,000000 -101,000000 0,000000 0,000000
538 1675375711 2,800000 -1,000000 -101,000000 0,000000 0,000000
538 1675375712 2,800000 -1,000000 -101,000000 0,000000 0,000000
538 1675375713 2,800000 -1,000000 -101,000000 0,000000 0,000000
538 1675375714 2,800000 -1,000000 -101,000000 0,000000 0,000000
538 1675375715 2,400000 -1,000000 -101,000000 0,000000 0,000000
538 1675375716 2,400000 -1,000000 -101,000000 0,000000 0,000000
538 1675375717 2,400000 -1,000000 -101,000000 0,000000 0,000000
538 1675375718 2,400000 -1,000000 -101,000000 0,000000 0,000000
538 1675375719 2,400000 -1,000000 -101,000000 0,000000 0,000000
538 1675375720 1,800000 -1,000000 -101,000000 0,000000 0,000000
538 1675375721 1,800000 -1,000000 -101,000000 0,000000 0,000000
538 1675375722 1,800000 -1,000000 -101,000000 0,000000 0,000000
538 1675375723 1,800000 -1,000000 -101,000000 0,000000 0,000000
538 1675375724 1,800000 -1,000000 -101,000000 0,000000 0,000000
538 1675375725 1,800000 -1,000000 -101,000000 0,000000 0,000000
538 1675375726 1,800000 -1,000000 -101,000000 0,000000 0,000000
538 1675375727 1,800000 -1,000000 -101,000000 0,000000 0,000000
538 1675375728 1,800000 -1,000000 -101,000000 0,000000 0,000000
538 1675375729 1,800000 -1,000000 -101,000000 0,000000 0,000000
538 1675375730 5,800000 -1,000000 -101,000000 0,000000 0,000000
538 1675375731 5,800000 -1,000000 -101,000000 0,000000 0,000000
538 1675375732 5,800000 -1,000000 -101,000000 0,000000 0,000000
538 1675375733 5,800000 -1,000000 -101,000000 0,000000 0,000000
538 1675375734 5,800000 -1,000000 -101,000000 0,000000 0,000000
538 1675375735 4,200000 -1,000000 -101,000000 0,000000 0,000000
538 1675375736 4,200000 -1,000000 -101,000000 0,000000 0,000000
538 1675375737 4,200000 -1,000000 -101,000000 0,000000 0,000000
538 1675375738 4,200000 -1,000000 -101,000000 0,000000 0,000000
538 1675375739 4,200000 -1,000000 -101,000000 0,000000 0,000000
538 1675375740 4,600000 -1,000000 -101,000000 0,000000 0,000000
538 1675375741 4,600000 -1,000000 -101,000000 0,000000 0,000000
538 1675375742 4,600000 -1,000000 -101,000000 0,000000 0,000000
538 1675375743 4,600000 -1,000000 -101,000000 0,000000 0,000000
538 1675375744 4,600000 -1,000000 -101,000000 0,000000 0,000000
538 1675375745 1,600000 -1,000000 -101,000000 0,000000 0,000000
538 1675375746 1,600000 -1,000000 -101,000000 0,000000 0,000000
538 1675375747 1,600000 -1,000000 -101,000000 0,000000 0,000000
538 1675375748 1,600000 -1,000000 -101,000000 0,000000 0,000000
538 1675375749 1,600000 -1,000000 -101,000000 0,000000 0,000000
538 1675375750 5,600000 -1,000000 -101,000000 0,000000 0,000000
538 1675375751 5,600000 -1,000000 -101,000000 0,000000 0,000000
538 1675375752 5,600000 -1,000000 -101,000000 0,000000 0,000000
538 1675375753 5,600000 -1,000000 -101,000000 0,000000 0,000000
538 1675375754 5,600000 -1,000000 -101,000000 0,000000 0,000000
538 1675375755 3,800000 -1,000000 -101,000000 0,000000 0,000000
538 1675375756 3,800000 -1,000000 -101,000000 0,000000 0,000000
538 1675375757 3,800000 -1,000000 -101,000000 0,000000 0,000000
538 1675375758 3,800000 -1,000000 -101,000000 0,000000 0,000000
538 1675375759 3,800000 -1,000000 -101,000000 0,000000 0,000000
538 1675375760 2,400000 -1,000000 -101,000000 0,000000 0,000000
538 1675375761 2,400000 -1,000000 -101,000000 0,000000 0,000000
538 1675375762 2,400000 -1,000000 -101,000000 0,000000 0,000000
538 1675375763 2,400000 -1,000000 -101,000000 0,000000 0,000000
538 1675375764 2,400000 -1,000000 -101,000000 0,000000 0,000000
538 1675375765 1,400000 -1,000000 -101,000000 0,000000 0,000000
538 1675375766 1,400000 -1,000000 -101,000000 0,000000 0,000000
538 1675375767 1,400000 -1,000000 -101,000000 0,000000 0,000000
538 1675375768 1,400000 -1,000000 -101,000000 0,000000 0,000000
538 1675375769 1,400000 -1,000000 -101,000000 0,000000 0,000000
538 1675375770 2,000000 -1,000000 -101,000000 0,000000 0,000000
538 1675375771 2,000000 -1,000000 -101,000000 0,000000 0,000000
538 1675375772 2,000000 -1,000000 -101,000000 0,000000 0,000000
538 1675375773 2,000000 -1,000000 -101,000000 0,000000 0,000000
538 1675375774 2,000000 -1,000000 -101,000000 0,000000 0,000000
538 1675375775 1,600000 -1,000000 -101,000000 0,000000 0,000000
538 1675375776 1,600000 -1,000000 -101,000000 0,000000 0,000000
538 1675375777 1,600000 -1,000000 -101,000000 0,000000 0,000000
538 1675375778 1,600000 -1,000000 -101,000000 0,000000 0,000000
538 1675375779 1,600000 -1,000000 -101,000000 0,000000 0,000000
538 1675375780 2,000000 -1,000000 -101,000000 0,000000 0,000000
538 1675375781 2,000000 -1,000000 -101,000000 0,000000 0,000000
538 1675375782 2,000000 -1,000000 -101,000000 0,000000 0,000000
538 1675375783 2,000000 -1,000000 -101,000000 0,000000 0,000000
538 1675375784 2,000000 -1,000000 -101,000000 0,000000 0,000000
538 1675375785 1,800000 -1,000000 -101,000000 0,000000 0,000000
538 1675375786 1,800000 -1,000000 -101,000000 0,000000 0,000000
538 1675375787 1,800000 -1,000000 -101,000000 0,000000 0,000000
538 1675375788 1,800000 -1,000000 -101,000000 0,000000 0,000000
538 1675375789 1,800000 -1,000000 -101,000000 0,000000 0,000000
538 1675375790 6,200000 -1,000000 -101,000000 0,000000 0,000000
538 1675375791 6,200000 -1,000000 -101,000000 0,000000 0,000000
538 1675375792 6,200000 -1,000000 -101,000000 0,000000 0,000000
538 1675375793 6,200000 -1,000000 -101,000000 0,000000 0,000000
538 1675375794 6,200000 -1,000000 -101,000000 0,000000 0,000000
538 1675375795 2,400000 -1,000000 -101,000000 0,000000 0,000000
538 1675375796 2,400000 -1,000000 -101,000000 0,000000 0,000000
538 1675375797 2,400000 -1,000000 -101,000000 0,000000 0,000000
538 1675375798 2,400000 -1,000000 -101,000000 0,000000 0,000000
538 1675375799 2,400000 -1,000000 -101,000000 0,000000 0,000000
538 1675375800 1,200000 -1,000000 -101,000000 0,000000 0,000000
538 1675375801 1,200000 -1,000000 -101,000000 0,000000 0,000000
538 1675375802 1,200000 -1,000000 -101,000000 0,000000 0,000000
538 1675375803 1,200000 -1,000000 -101,000000 0,000000 0,000000
538 1675375804 1,200000 -1,000000 -101,000000 0,000000 0,000000
538 1675375805 2,000000 -1,000000 -101,000000 0,000000 0,000000
538 1675375806 2,000000 -1,000000 -101,000000 0,000000 0,000000
538 1675375807 2,000000 -1,000000 -101,000000 0,000000 0,000000
538 1675375808 2,000000 -1,000000 -101,000000 0,000000 0,000000
538 1675375809 2,000000 -1,000000 -101,000000 0,000000 0,000000
538 1675375810 4,200000 -1,000000 -101,000000 0,000000 0,000000
538 1675375811 4,200000 -1,000000 -101,000000 0,000000 0,000000
538 1675375812 4,200000 -1,000000 -101,000000 0,000000 0,000000
538 1675375813 4,200000 -1,000000 -101,000000 0,000000 0,000000
538 1675375814 4,200000 -1,000000 -101,000000 0,000000 0,000000
538 1675375815 6,400000 -1,000000 -101,000000 0,000000 0,000000
538 1675375816 6,400000 -1,000000 -101,000000 0,000000 0,000000
538 1675375817 6,400000 -1,000000 -101,000000 0,000000 0,000000
538 1675375818 6,400000 -1,000000 -101,000000 0,000000 0,000000
538 1675375819 6,400000 -1,000000 -101,000000 0,000000 0,000000
538 1675375820 1,200000 -1,000000 -101,000000 0,000000 0,000000
538 1675375821 1,200000 -1,000000 -101,000000 0,000000 0,000000
538 1675375822 1,200000 -1,000000 -101,000000 0,000000 0,000000
538 1675375823 1,200000 -1,000000 -101,000000 0,000000 0,000000
538 1675375824 1,200000 -1,000000 -101,000000 0,000000 0,000000
538 1675375825 1,000000 -1,000000 -101,000000 0,000000 0,000000
538 1675375826 1,000000 -1,000000 -101,000000 0,000000 0,000000
538 1675375827 1,000000 -1,000000 -101,000000 0,000000 0,000000
538 1675375828 1,000000 -1,000000 -101,000000 0,000000 0,000000
538 1675375829 1,000000 -1,000000 -101,000000 0,000000 0,000000
538 1675375830 1,200000 -1,000000 -101,000000 0,000000 0,000000
538 1675375831 1,200000 -1,000000 -101,000000 0,000000 0,000000
538 1675375832 1,200000 -1,000000 -101,000000 0,000000 0,000000
538 1675375833 1,200000 -1,000000 -101,000000 0,000000 0,000000
538 1675375834 1,200000 -1,000000 -101,000000 0,000000 0,000000
538 1675375835 1,600000 -1,000000 -101,000000 0,000000 0,000000
538 1675375836 1,600000 -1,000000 -101,000000 0,000000 0,000000
538 1675375837 1,600000 -1,000000 -101,000000 0,000000 0,000000
538 1675375838 1,600000 -1,000000 -101,000000 0,000000 0,000000
538 1675375839 1,600000 -1,000000 -101,000000 0,000000 0,000000
538 1675375845 3,200000 -1,000000 -101,000000 0,000000 0,000000
538 1675375846 3,200000 -1,000000 -101,000000 0,000000 0,000000
538 1675375847 3,200000 -1,000000 -101,000000 0,000000 0,000000
538 1675375848 3,200000 -1,000000 -101,000000 0,000000 0,000000
538 1675375849 3,200000 -1,000000 -101,000000 0,000000 0,000000
538 1675375850 5,600000 -1,000000 -101,000000 0,000000 0,000000
538 1675375851 5,600000 -1,000000 -101,000000 0,000000 0,000000
538 1675375852 5,600000 -1,000000 -101,000000 0,000000 0,000000
538 1675375853 5,600000 -1,000000 -101,000000 0,000000 0,000000
538 1675375854 5,600000 -1,000000 -101,000000 0,000000 0,000000
538 1675375855 5,200000 -1,000000 -101,000000 0,000000 0,000000
538 1675375856 5,200000 -1,000000 -101,000000 0,000000 0,000000
538 1675375857 5,200000 -1,000000 -101,000000 0,000000 0,000000
538 1675375858 5,200000 -1,000000 -101,000000 0,000000 0,000000
538 1675375859 5,200000 -1,000000 -101,000000 0,000000 0,000000
538 1675375860 0,600000 -1,000000 -101,000000 0,000000 0,000000
538 1675375861 0,600000 -1,000000 -101,000000 0,000000 0,000000
538 1675375862 0,600000 -1,000000 -101,000000 0,000000 0,000000
538 1675375863 0,600000 -1,000000 -101,000000 0,000000 0,000000
538 1675375864 0,600000 -1,000000 -101,000000 0,000000 0,000000
538 1675375865 0,800000 -1,000000 -101,000000 0,000000 0,000000
538 1675375866 0,800000 -1,000000 -101,000000 0,000000 0,000000
538 1675375867 0,800000 -1,000000 -101,000000 0,000000 0,000000
538 1675375868 0,800000 -1,000000 -101,000000 0,000000 0,000000
538 1675375869 0,800000 -1,000000 -101,000000 0,000000 0,000000
538 1675375870 1,400000 -1,000000 -101,000000 0,000000 0,000000
538 1675375871 1,400000 -1,000000 -101,000000 0,000000 0,000000
538 1675375872 1,400000 -1,000000 -101,000000 0,000000 0,000000
538 1675375873 1,400000 -1,000000 -101,000000 0,000000 0,000000
538 1675375874 1,400000 -1,000000 -101,000000 0,000000 0,000000
538 1675375875 3,400000 -1,000000 -101,000000 0,000000 0,000000
538 1675375876 3,400000 -1,000000 -101,000000 0,000000 0,000000
538 1675375877 3,400000 -1,000000 -101,000000 0,000000 0,000000
538 1675375878 3,400000 -1,000000 -101,000000 0,000000 0,000000
