550 1675374465 0,200000 -1,000000 -101,000000 0,000000 0,000000
550 1675374466 0,200000 -1,000000 -101,000000 0,000000 0,000000
550 1675374467 0,200000 -1,000000 -101,000000 0,000000 0,000000
550 1675374468 0,200000 -1,000000 -101,000000 0,000000 0,000000
550 1675374469 0,200000 -1,000000 -101,000000 0,000000 0,000000
550 1675374475 0,200000 -1,000000 -101,000000 0,000000 0,000000
550 1675374476 0,200000 -1,000000 -101,000000 0,000000 0,000000
550 1675374477 0,200000 -1,000000 -101,000000 0,000000 0,000000
550 1675374478 0,200000 -1,000000 -101,000000 0,000000 0,000000
550 1675374479 0,200000 -1,000000 -101,000000 0,000000 0,000000
550 1675374495 0,400000 -1,000000 -101,000000 0,000000 0,000000
550 1675374496 0,400000 -1,000000 -101,000000 0,000000 0,000000
550 1675374497 0,400000 -1,000000 -101,000000 0,000000 0,000000
550 1675374498 0,400000 -1,000000 -101,000000 0,000000 0,000000
550 1675374499 0,400000 -1,000000 -101,000000 0,000000 0,000000
550 1675374505 0,200000 -1,000000 -101,000000 0,000000 0,000000
550 1675374506 0,200000 -1,000000 -101,000000 0,000000 0,000000
550 1675374507 0,200000 -1,000000 -101,000000 0,000000 0,000000
550 1675374508 0,200000 -1,000000 -101,000000 0,000000 0,000000
550 1675374509 0,200000 -1,000000 -101,000000 0,000000 0,000000
550 1675374510 0,200000 -1,000000 -101,000000 0,000000 0,000000
550 1675374511 0,200000 -1,000000 -101,000000 0,000000 0,000000
550 1675374512 0,200000 -1,000000 -101,000000 0,000000 0,000000
550 1675374513 0,200000 -1,000000 -101,000000 0,000000 0,000000
550 1675374514 0,200000 -1,000000 -101,000000 0,000000 0,000000
550 1675374525 0,200000 -1,000000 -101,000000 0,000000 0,000000
550 1675374526 0,200000 -1,000000 -101,000000 0,000000 0,000000
550 1675374527 0,200000 -1,000000 -101,000000 0,000000 0,000000
550 1675374528 0,200000 -1,000000 -101,000000 0,000000 0,000000
550 1675374529 0,200000 -1,000000 -101,000000 0,000000 0,000000
550 1675374535 0,200000 -1,000000 -101,000000 0,000000 0,000000
550 1675374536 0,200000 -1,000000 -101,000000 0,000000 0,000000
550 1675374537 0,200000 -1,000000 -101,000000 0,000000 0,000000
550 1675374538 0,200000 -1,000000 -101,000000 0,000000 0,000000
550 1675374539 0,200000 -1,000000 -101,000000 0,000000 0,000000
550 1675374540 0,400000 -1,000000 -101,000000 0,000000 0,000000
550 1675374541 0,400000 -1,000000 -101,000000 0,000000 0,000000
550 1675374542 0,400000 -1,000000 -101,000000 0,000000 0,000000
550 1675374543 0,400000 -1,000000 -101,000000 0,000000 0,000000
550 1675374544 0,400000 -1,000000 -101,000000 0,000000 0,000000
550 1675374550 0,200000 -1,000000 -101,000000 0,000000 0,000000
550 1675374551 0,200000 -1,000000 -101,000000 0,000000 0,000000
550 1675374552 0,200000 -1,000000 -101,000000 0,000000 0,000000
550 1675374553 0,200000 -1,000000 -101,000000 0,000000 0,000000
550 1675374554 0,200000 -1,000000 -101,000000 0,000000 0,000000
550 1675374555 0,400000 -1,000000 -101,000000 0,000000 0,000000
550 1675374556 0,400000 -1,000000 -101,000000 0,000000 0,000000
550 1675374557 0,400000 -1,000000 -101,000000 0,000000 0,000000
550 1675374558 0,400000 -1,000000 -101,000000 0,000000 0,000000
550 1675374559 0,400000 -1,000000 -101,000000 0,000000 0,000000
550 1675374560 0,200000 -1,000000 -101,000000 0,000000 0,000000
550 1675374561 0,200000 -1,000000 -101,000000 0,000000 0,000000
550 1675374562 0,200000 -1,000000 -101,000000 0,000000 0,000000
550 1675374563 0,200000 -1,000000 -101,000000 0,000000 0,000000
550 1675374564 0,200000 -1,000000 -101,000000 0,000000 0,000000
550 1675374565 0,200000 -1,000000 -101,000000 0,000000 0,000000
550 1675374566 0,200000 -1,000000 -101,000000 0,000000 0,000000
550 1675374567 0,200000 -1,000000 -101,000000 0,000000 0,000000
550 1675374568 0,200000 -1,000000 -101,000000 0,000000 0,000000
550 1675374569 0,200000 -1,000000 -101,000000 0,000000 0,000000
550 1675374580 0,200000 -1,000000 -101,000000 0,000000 0,000000
550 1675374581 0,200000 -1,000000 -101,000000 0,000000 0,000000
550 1675374582 0,200000 -1,000000 -101,000000 0,000000 0,000000
550 1675374583 0,200000 -1,000000 -101,000000 0,000000 0,000000
550 1675374584 0,200000 -1,000000 -101,000000 0,000000 0,000000
550 1675374585 0,400000 -1,000000 -101,000000 0,000000 0,000000
550 1675374586 0,400000 -1,000000 -101,000000 0,000000 0,000000
550 1675374587 0,400000 -1,000000 -101,000000 0,000000 0,000000
550 1675374588 0,400000 -1,000000 -101,000000 0,000000 0,000000
550 1675374589 0,400000 -1,000000 -101,000000 0,000000 0,000000
550 1675374600 0,200000 -1,000000 -101,000000 0,000000 0,000000
550 1675374601 0,200000 -1,000000 -101,000000 0,000000 0,000000
550 1675374602 0,200000 -1,000000 -101,000000 0,000000 0,000000
550 1675374603 0,200000 -1,000000 -101,000000 0,000000 0,000000
550 1675374604 0,200000 -1,000000 -101,000000 0,000000 0,000000
550 1675374615 0,400000 -1,000000 -101,000000 0,000000 0,000000
550 1675374616 0,400000 -1,000000 -101,000000 0,000000 0,000000
550 1675374617 0,400000 -1,000000 -101,000000 0,000000 0,000000
550 1675374618 0,400000 -1,000000 -101,000000 0,000000 0,000000
550 1675374619 0,400000 -1,000000 -101,000000 0,000000 0,000000
550 1675374625 0,400000 -1,000000 -101,000000 0,000000 0,000000
550 1675374626 0,400000 -1,000000 -101,000000 0,000000 0,000000
550 1675374627 0,400000 -1,000000 -101,000000 0,000000 0,000000
550 1675374628 0,400000 -1,000000 -101,000000 0,000000 0,000000
550 1675374629 0,400000 -1,000000 -101,000000 0,000000 0,000000
550 1675374660 0,400000 -1,000000 -101,000000 0,000000 0,000000
550 1675374661 0,400000 -1,000000 -101,000000 0,000000 0,000000
550 1675374662 0,400000 -1,000000 -101,000000 0,000000 0,000000
550 1675374663 0,400000 -1,000000 -101,000000 0,000000 0,000000
550 1675374664 0,400000 -1,000000 -101,000000 0,000000 0,000000
550 1675374665 0,200000 -1,000000 -101,000000 0,000000 0,000000
550 1675374666 0,200000 -1,000000 -101,000000 0,000000 0,000000
550 1675374667 0,200000 -1,000000 -101,000000 0,000000 0,000000
550 1675374668 0,200000 -1,000000 -101,000000 0,000000 0,000000
550 1675374669 0,200000 -1,000000 -101,000000 0,000000 0,000000
550 1675374695 0,200000 -1,000000 -101,000000 0,000000 0,000000
550 1675374696 0,200000 -1,000000 -101,000000 0,000000 0,000000
550 1675374697 0,200000 -1,000000 -101,000000 0,000000 0,000000
550 1675374698 0,200000 -1,000000 -101,000000 0,000000 0,000000
550 1675374699 0,200000 -1,000000 -101,000000 0,000000 0,000000
550 1675374710 0,400000 -1,000000 -101,000000 0,000000 0,000000
550 1675374711 0,400000 -1,000000 -101,000000 0,000000 0,000000
550 1675374712 0,400000 -1,000000 -101,000000 0,000000 0,000000
550 1675374713 0,400000 -1,000000 -101,000000 0,000000 0,000000
550 1675374714 0,400000 -1,000000 -101,000000 0,000000 0,000000
550 1675374715 0,200000 -1,000000 -101,000000 0,000000 0,000000
550 1675374716 0,200000 -1,000000 -101,000000 0,000000 0,000000
550 1675374717 0,200000 -1,000000 -101,000000 0,000000 0,000000
550 1675374718 0,200000 -1,000000 -101,000000 0,000000 0,000000
550 1675374719 0,200000 -1,000000 -101,000000 0,000000 0,000000
550 1675374720 0,200000 -1,000000 -101,000000 0,000000 0,000000
550 1675374721 0,200000 -1,000000 -101,000000 0,000000 0,000000
550 1675374722 0,200000 -1,000000 -101,000000 0,000000 0,000000
550 1675374723 0,200000 -1,000000 -101,000000 0,000000 0,000000
550 1675374724 0,200000 -1,000000 -101,000000 0,000000 0,000000
550 1675374725 0,200000 -1,000000 -101,000000 0,000000 0,000000
550 1675374726 0,200000 -1,000000 -101,000000 0,000000 0,000000
550 1675374727 0,200000 -1,000000 -101,000000 0,000000 0,000000
550 1675374728 0,200000 -1,000000 -101,000000 0,000000 0,000000
550 1675374729 0,200000 -1,000000 -101,000000 0,000000 0,000000
550 1675374735 0,400000 -1,000000 -101,000000 0,000000 0,000000
550 1675374736 0,400000 -1,000000 -101,000000 0,000000 0,000000
550 1675374737 0,400000 -1,000000 -101,000000 0,000000 0,000000
550 1675374738 0,400000 -1,000000 -101,000000 0,000000 0,000000
550 1675374739 0,400000 -1,000000 -101,000000 0,000000 0,000000
550 1675374770 0,200000 -1,000000 -101,000000 0,000000 0,000000
550 1675374771 0,200000 -1,000000 -101,000000 0,000000 0,000000
550 1675374772 0,200000 -1,000000 -101,000000 0,000000 0,000000
550 1675374773 0,200000 -1,000000 -101,000000 0,000000 0,000000
550 1675374774 0,200000 -1,000000 -101,000000 0,000000 0,000000
550 1675374775 0,400000 -1,000000 -101,000000 0,000000 0,000000
550 1675374776 0,400000 -1,000000 -101,000000 0,000000 0,000000
550 1675374777 0,400000 -1,000000 -101,000000 0,000000 0,000000
550 1675374778 0,400000 -1,000000 -101,000000 0,000000 0,000000
550 1675374779 0,400000 -1,000000 -101,000000 0,000000 0,000000
550 1675374785 0,200000 -1,000000 -101,000000 0,000000 0,000000
550 1675374786 0,200000 -1,000000 -101,000000 0,000000 0,000000
550 1675374787 0,200000 -1,000000 -101,000000 0,000000 0,000000
550 1675374788 0,200000 -1,000000 -101,000000 0,000000 0,000000
550 1675374789 0,200000 -1,000000 -101,000000 0,000000 0,000000
550 1675374820 0,600000 -1,000000 -101,000000 0,000000 0,000000
550 1675374821 0,600000 -1,000000 -101,000000 0,000000 0,000000
550 1675374822 0,600000 -1,000000 -101,000000 0,000000 0,000000
550 1675374823 0,600000 -1,000000 -101,000000 0,000000 0,000000
550 1675374824 0,600000 -1,000000 -101,000000 0,000000 0,000000
550 1675374830 0,200000 -1,000000 -101,000000 0,000000 0,000000
550 1675374831 0,200000 -1,000000 -101,000000 0,000000 0,000000
550 1675374832 0,200000 -1,000000 -101,000000 0,000000 0,000000
550 1675374833 0,200000 -1,000000 -101,000000 0,000000 0,000000
550 1675374834 0,200000 -1,000000 -101,000000 0,000000 0,000000
550 1675374835 0,200000 -1,000000 -101,000000 0,000000 0,000000
550 1675374836 0,200000 -1,000000 -101,000000 0,000000 0,000000
550 1675374837 0,200000 -1,000000 -101,000000 0,000000 0,000000
550 1675374838 0,200000 -1,000000 -101,000000 0,000000 0,000000
550 1675374839 0,200000 -1,000000 -101,000000 0,000000 0,000000
550 1675374840 0,400000 -1,000000 -101,000000 0,000000 0,000000
550 1675374841 0,400000 -1,000000 -101,000000 0,000000 0,000000
550 1675374842 0,400000 -1,000000 -101,000000 0,000000 0,000000
550 1675374843 0,400000 -1,000000 -101,000000 0,000000 0,000000
550 1675374844 0,400000 -1,000000 -101,000000 0,000000 0,000000
550 1675374850 0,200000 -1,000000 -101,000000 0,000000 0,000000
550 1675374851 0,200000 -1,000000 -101,000000 0,000000 0,000000
550 1675374852 0,200000 -1,000000 -101,000000 0,000000 0,000000
550 1675374853 0,200000 -1,000000 -101,000000 0,000000 0,000000
550 1675374854 0,200000 -1,000000 -101,000000 0,000000 0,000000
550 1675374865 0,400000 -1,000000 -101,000000 0,000000 0,000000
550 1675374866 0,400000 -1,000000 -101,000000 0,000000 0,000000
550 1675374867 0,400000 -1,000000 -101,000000 0,000000 0,000000
550 1675374868 0,400000 -1,000000 -101,000000 0,000000 0,000000
550 1675374869 0,400000 -1,000000 -101,000000 0,000000 0,000000
550 1675374880 0,200000 -1,000000 -101,000000 0,000000 0,000000
550 1675374881 0,200000 -1,000000 -101,000000 0,000000 0,000000
550 1675374882 0,200000 -1,000000 -101,000000 0,000000 0,000000
550 1675374883 0,200000 -1,000000 -101,000000 0,000000 0,000000
550 1675374884 0,200000 -1,000000 -101,000000 0,000000 0,000000
550 1675374885 0,200000 -1,000000 -101,000000 0,000000 0,000000
550 1675374886 0,200000 -1,000000 -101,000000 0,000000 0,000000
550 1675374887 0,200000 -1,000000 -101,000000 0,000000 0,000000
550 1675374888 0,200000 -1,000000 -101,000000 0,000000 0,000000
550 1675374889 0,200000 -1,000000 -101,000000 0,000000 0,000000
550 1675374890 0,600000 -1,000000 -101,000000 0,000000 0,000000
550 1675374891 0,600000 -1,000000 -101,000000 0,000000 0,000000
550 1675374892 0,600000 -1,000000 -101,000000 0,000000 0,000000
550 1675374893 0,600000 -1,000000 -101,000000 0,000000 0,000000
550 1675374894 0,600000 -1,000000 -101,000000 0,000000 0,000000
550 1675374895 0,800000 -1,000000 -101,000000 0,000000 0,000000
550 1675374896 0,800000 -1,000000 -101,000000 0,000000 0,000000
550 1675374897 0,800000 -1,000000 -101,000000 0,000000 0,000000
550 1675374898 0,800000 -1,000000 -101,000000 0,000000 0,000000
550 1675374899 0,800000 -1,000000 -101,000000 0,000000 0,000000
550 1675374900 0,400000 -1,000000 -101,000000 0,000000 0,000000
550 1675374901 0,400000 -1,000000 -101,000000 0,000000 0,000000
550 1675374902 0,400000 -1,000000 -101,000000 0,000000 0,000000
550 1675374903 0,400000 -1,000000 -101,000000 0,000000 0,000000
550 1675374904 0,400000 -1,000000 -101,000000 0,000000 0,000000
550 1675374910 0,200000 -1,000000 -101,000000 0,000000 0,000000
550 1675374911 0,200000 -1,000000 -101,000000 0,000000 0,000000
550 1675374912 0,200000 -1,000000 -101,000000 0,000000 0,000000
550 1675374913 0,200000 -1,000000 -101,000000 0,000000 0,000000
550 1675374914 0,200000 -1,000000 -101,000000 0,000000 0,000000
550 1675374915 0,400000 -1,000000 -101,000000 0,000000 0,000000
550 1675374916 0,400000 -1,000000 -101,000000 0,000000 0,000000
550 1675374917 0,400000 -1,000000 -101,000000 0,000000 0,000000
550 1675374918 0,400000 -1,000000 -101,000000 0,000000 0,000000
550 1675374919 0,400000 -1,000000 -101,000000 0,000000 0,000000
550 1675374920 0,600000 -1,000000 -101,000000 0,000000 0,000000
550 1675374921 0,600000 -1,000000 -101,000000 0,000000 0,000000
550 1675374922 0,600000 -1,000000 -101,000000 0,000000 0,000000
550 1675374923 0,600000 -1,000000 -101,000000 0,000000 0,000000
550 1675374924 0,600000 -1,000000 -101,000000 0,000000 0,000000
550 1675374925 0,800000 -1,000000 -101,000000 0,000000 0,000000
550 1675374926 0,800000 -1,000000 -101,000000 0,000000 0,000000
550 1675374927 0,800000 -1,000000 -101,000000 0,000000 0,000000
550 1675374928 0,800000 -1,000000 -101,000000 0,000000 0,000000
550 1675374929 0,800000 -1,000000 -101,000000 0,000000 0,000000
550 1675374930 0,200000 -1,000000 -101,000000 0,000000 0,000000
550 1675374931 0,200000 -1,000000 -101,000000 0,000000 0,000000
550 1675374932 0,200000 -1,000000 -101,000000 0,000000 0,000000
550 1675374933 0,200000 -1,000000 -101,000000 0,000000 0,000000
550 1675374934 0,200000 -1,000000 -101,000000 0,000000 0,000000
550 1675374935 0,200000 -1,000000 -101,000000 0,000000 0,000000
550 1675374936 0,200000 -1,000000 -101,000000 0,000000 0,000000
550 1675374937 0,200000 -1,000000 -101,000000 0,000000 0,000000
550 1675374938 0,200000 -1,000000 -101,000000 0,000000 0,000000
550 1675374939 0,200000 -1,000000 -101,000000 0,000000 0,000000
550 1675374940 0,200000 -1,000000 -101,000000 0,000000 0,000000
550 1675374941 0,200000 -1,000000 -101,000000 0,000000 0,000000
550 1675374942 0,200000 -1,000000 -101,000000 0,000000 0,000000
550 1675374943 0,200000 -1,000000 -101,000000 0,000000 0,000000
550 1675374944 0,200000 -1,000000 -101,000000 0,000000 0,000000
550 1675374955 0,600000 -1,000000 -101,000000 0,000000 0,000000
550 1675374956 0,600000 -1,000000 -101,000000 0,000000 0,000000
550 1675374957 0,600000 -1,000000 -101,000000 0,000000 0,000000
550 1675374958 0,600000 -1,000000 -101,000000 0,000000 0,000000
550 1675374959 0,600000 -1,000000 -101,000000 0,000000 0,000000
550 1675374960 0,400000 -1,000000 -101,000000 0,000000 0,000000
550 1675374961 0,400000 -1,000000 -101,000000 0,000000 0,000000
550 1675374962 0,400000 -1,000000 -101,000000 0,000000 0,000000
550 1675374963 0,400000 -1,000000 -101,000000 0,000000 0,000000
550 1675374964 0,400000 -1,000000 -101,000000 0,000000 0,000000
550 1675375034 0,200000 -1,000000 0,200000 0,200000 0,008000
550 1675375033 0,200000 -1,000000 0,200000 0,200000 0,008000
550 1675375032 0,200000 -1,000000 0,200000 0,200000 0,008000
550 1675375031 0,200000 -1,000000 0,200000 0,200000 0,008000
550 1675375030 0,200000 -1,000000 0,200000 0,200000 0,008000
550 1675375029 0,200000 -1,000000 0,200000 0,200000 0,008000
550 1675375028 0,200000 -1,000000 0,200000 0,200000 0,008000
550 1675375027 0,200000 -1,000000 0,200000 0,200000 0,008000
550 1675375026 0,200000 -1,000000 0,200000 0,200000 0,008000
550 1675375025 0,200000 -1,000000 0,200000 0,200000 0,008000
550 1675375024 0,400000 -1,000000 0,400000 0,400000 0,032000
550 1675375023 0,400000 -1,000000 0,400000 0,400000 0,032000
550 1675375022 0,400000 -1,000000 0,400000 0,400000 0,032000
550 1675375021 0,400000 -1,000000 0,400000 0,400000 0,032000
550 1675375020 0,400000 -1,000000 0,400000 0,400000 0,032000
550 1675375019 0,400000 -1,000000 0,400000 0,400000 0,032000
550 1675375018 0,400000 -1,000000 0,400000 0,400000 0,032000
550 1675375017 0,400000 -1,000000 0,400000 0,400000 0,032000
550 1675375016 0,400000 -1,000000 0,400000 0,400000 0,032000
550 1675375015 0,400000 -1,000000 0,400000 0,400000 0,032000
550 1675375009 0,200000 -1,000000 0,200000 0,200000 0,008000
550 1675375008 0,200000 -1,000000 0,200000 0,200000 0,008000
550 1675375007 0,200000 -1,000000 0,200000 0,200000 0,008000
550 1675375006 0,200000 -1,000000 0,200000 0,200000 0,008000
550 1675375005 0,200000 -1,000000 0,200000 0,200000 0,008000
550 1675375004 0,600000 -1,000000 0,600000 0,600000 0,072000
550 1675375003 0,600000 -1,000000 0,600000 0,600000 0,072000
550 1675375002 0,600000 -1,000000 0,600000 0,600000 0,072000
550 1675375001 0,600000 -1,000000 0,600000 0,600000 0,072000
550 1675375000 0,600000 -1,000000 0,600000 0,600000 0,072000
550 1675374999 0,200000 -1,000000 0,200000 0,200000 0,008000
550 1675374998 0,200000 -1,000000 0,200000 0,200000 0,008000
550 1675374997 0,200000 -1,000000 0,200000 0,200000 0,008000
550 1675374996 0,200000 -1,000000 0,200000 0,200000 0,008000
550 1675374995 0,200000 -1,000000 0,200000 0,200000 0,008000
550 1675374994 0,200000 -1,000000 0,200000 0,200000 0,008000
550 1675374993 0,200000 -1,000000 0,200000 0,200000 0,008000
550 1675374992 0,200000 -1,000000 0,200000 0,200000 0,008000
550 1675374991 0,200000 -1,000000 0,200000 0,200000 0,008000
550 1675374990 0,200000 -1,000000 0,200000 0,200000 0,008000
550 1675374989 0,200000 -1,000000 0,200000 0,200000 0,008000
550 1675374988 0,200000 -1,000000 0,200000 0,200000 0,008000
550 1675374987 0,200000 -1,000000 0,200000 0,200000 0,008000
550 1675374986 0,200000 -1,000000 0,200000 0,200000 0,008000
550 1675374985 0,200000 -1,000000 0,200000 0,200000 0,008000
550 1675374985 0,200000 -1,000000 -101,000000 0,000000 0,000000
550 1675374986 0,200000 -1,000000 -101,000000 0,000000 0,000000
550 1675374987 0,200000 -1,000000 -101,000000 0,000000 0,000000
550 1675374988 0,200000 -1,000000 -101,000000 0,000000 0,000000
550 1675374989 0,200000 -1,000000 -101,000000 0,000000 0,000000
550 1675374990 0,200000 -1,000000 -101,000000 0,000000 0,000000
550 1675374991 0,200000 -1,000000 -101,000000 0,000000 0,000000
550 1675374992 0,200000 -1,000000 -101,000000 0,000000 0,000000
550 1675374993 0,200000 -1,000000 -101,000000 0,000000 0,000000
550 1675374994 0,200000 -1,000000 -101,000000 0,000000 0,000000
550 1675374995 0,200000 -1,000000 -101,000000 0,000000 0,000000
550 1675374996 0,200000 -1,000000 -101,000000 0,000000 0,000000
550 1675374997 0,200000 -1,000000 -101,000000 0,000000 0,000000
550 1675374998 0,200000 -1,000000 -101,000000 0,000000 0,000000
550 1675374999 0,200000 -1,000000 -101,000000 0,000000 0,000000
550 1675375000 0,600000 -1,000000 -101,000000 0,000000 0,000000
550 1675375001 0,600000 -1,000000 -101,000000 0,000000 0,000000
550 1675375002 0,600000 -1,000000 -101,000000 0,000000 0,000000
550 1675375003 0,600000 -1,000000 -101,000000 0,000000 0,000000
550 1675375004 0,600000 -1,000000 -101,000000 0,000000 0,000000
550 1675375005 0,200000 -1,000000 -101,000000 0,000000 0,000000
550 1675375006 0,200000 -1,000000 -101,000000 0,000000 0,000000
550 1675375007 0,200000 -1,000000 -101,000000 0,000000 0,000000
550 1675375008 0,200000 -1,000000 -101,000000 0,000000 0,000000
550 1675375009 0,200000 -1,000000 -101,000000 0,000000 0,000000
550 1675375015 0,400000 -1,000000 -101,000000 0,000000 0,000000
550 1675375016 0,400000 -1,000000 -101,000000 0,000000 0,000000
550 1675375017 0,400000 -1,000000 -101,000000 0,000000 0,000000
550 1675375018 0,400000 -1,000000 -101,000000 0,000000 0,000000
550 1675375019 0,400000 -1,000000 -101,000000 0,000000 0,000000
550 1675375020 0,400000 -1,000000 -101,000000 0,000000 0,000000
550 1675375021 0,400000 -1,000000 -101,000000 0,000000 0,000000
550 1675375022 0,400000 -1,000000 -101,000000 0,000000 0,000000
550 1675375023 0,400000 -1,000000 -101,000000 0,000000 0,000000
550 1675375024 0,400000 -1,000000 -101,000000 0,000000 0,000000
550 1675375025 0,200000 -1,000000 -101,000000 0,000000 0,000000
550 1675375026 0,200000 -1,000000 -101,000000 0,000000 0,000000
550 1675375027 0,200000 -1,000000 -101,000000 0,000000 0,000000
550 1675375028 0,200000 -1,000000 -101,000000 0,000000 0,000000
550 1675375029 0,200000 -1,000000 -101,000000 0,000000 0,000000
550 1675375030 0,200000 -1,000000 -101,000000 0,000000 0,000000
550 1675375031 0,200000 -1,000000 -101,000000 0,000000 0,000000
550 1675375032 0,200000 -1,000000 -101,000000 0,000000 0,000000
550 1675375033 0,200000 -1,000000 -101,000000 0,000000 0,000000
550 1675375034 0,200000 -1,000000 -101,000000 0,000000 0,000000
550 1675375050 0,200000 -1,000000 -101,000000 0,000000 0,000000
550 1675375051 0,200000 -1,000000 -101,000000 0,000000 0,000000
550 1675375052 0,200000 -1,000000 -101,000000 0,000000 0,000000
550 1675375053 0,200000 -1,000000 -101,000000 0,000000 0,000000
550 1675375054 0,200000 -1,000000 -101,000000 0,000000 0,000000
550 1675375060 0,200000 -1,000000 -101,000000 0,000000 0,000000
550 1675375061 0,200000 -1,000000 -101,000000 0,000000 0,000000
550 1675375062 0,200000 -1,000000 -101,000000 0,000000 0,000000
550 1675375063 0,200000 -1,000000 -101,000000 0,000000 0,000000
550 1675375064 0,200000 -1,000000 -101,000000 0,000000 0,000000
550 1675375070 0,200000 -1,000000 -101,000000 0,000000 0,000000
550 1675375071 0,200000 -1,000000 -101,000000 0,000000 0,000000
550 1675375072 0,200000 -1,000000 -101,000000 0,000000 0,000000
550 1675375073 0,200000 -1,000000 -101,000000 0,000000 0,000000
550 1675375074 0,200000 -1,000000 -101,000000 0,000000 0,000000
550 1675375075 0,400000 -1,000000 -101,000000 0,000000 0,000000
550 1675375076 0,400000 -1,000000 -101,000000 0,000000 0,000000
550 1675375077 0,400000 -1,000000 -101,000000 0,000000 0,000000
550 1675375078 0,400000 -1,000000 -101,000000 0,000000 0,000000
550 1675375079 0,400000 -1,000000 -101,000000 0,000000 0,000000
550 1675375105 0,200000 -1,000000 -101,000000 0,000000 0,000000
550 1675375106 0,200000 -1,000000 -101,000000 0,000000 0,000000
550 1675375107 0,200000 -1,000000 -101,000000 0,000000 0,000000
550 1675375108 0,200000 -1,000000 -101,000000 0,000000 0,000000
550 1675375109 0,200000 -1,000000 -101,000000 0,000000 0,000000
550 1675375110 0,200000 -1,000000 -101,000000 0,000000 0,000000
550 1675375111 0,200000 -1,000000 -101,000000 0,000000 0,000000
550 1675375112 0,200000 -1,000000 -101,000000 0,000000 0,000000
550 1675375113 0,200000 -1,000000 -101,000000 0,000000 0,000000
550 1675375114 0,200000 -1,000000 -101,000000 0,000000 0,000000
550 1675375115 0,200000 -1,000000 -101,000000 0,000000 0,000000
550 1675375116 0,200000 -1,000000 -101,000000 0,000000 0,000000
550 1675375117 0,200000 -1,000000 -101,000000 0,000000 0,000000
550 1675375118 0,200000 -1,000000 -101,000000 0,000000 0,000000
550 1675375119 0,200000 -1,000000 -101,000000 0,000000 0,000000
550 1675375120 0,200000 -1,000000 -101,000000 0,000000 0,000000
550 1675375121 0,200000 -1,000000 -101,000000 0,000000 0,000000
550 1675375122 0,200000 -1,000000 -101,000000 0,000000 0,000000
550 1675375123 0,200000 -1,000000 -101,000000 0,000000 0,000000
550 1675375124 0,200000 -1,000000 -101,000000 0,000000 0,000000
550 1675375125 0,200000 -1,000000 -101,000000 0,000000 0,000000
550 1675375126 0,200000 -1,000000 -101,000000 0,000000 0,000000
550 1675375127 0,200000 -1,000000 -101,000000 0,000000 0,000000
550 1675375128 0,200000 -1,000000 -101,000000 0,000000 0,000000
550 1675375129 0,200000 -1,000000 -101,000000 0,000000 0,000000
550 1675375130 0,400000 -1,000000 -101,000000 0,000000 0,000000
550 1675375131 0,400000 -1,000000 -101,000000 0,000000 0,000000
550 1675375132 0,400000 -1,000000 -101,000000 0,000000 0,000000
550 1675375133 0,400000 -1,000000 -101,000000 0,000000 0,000000
550 1675375134 0,400000 -1,000000 -101,000000 0,000000 0,000000
550 1675375135 0,200000 -1,000000 -101,000000 0,000000 0,000000
550 1675375136 0,200000 -1,000000 -101,000000 0,000000 0,000000
550 1675375137 0,200000 -1,000000 -101,000000 0,000000 0,000000
550 1675375138 0,200000 -1,000000 -101,000000 0,000000 0,000000
550 1675375139 0,200000 -1,000000 -101,000000 0,000000 0,000000
550 1675375140 0,200000 -1,000000 -101,000000 0,000000 0,000000
550 1675375141 0,200000 -1,000000 -101,000000 0,000000 0,000000
550 1675375142 0,200000 -1,000000 -101,000000 0,000000 0,000000
550 1675375143 0,200000 -1,000000 -101,000000 0,000000 0,000000
550 1675375144 0,200000 -1,000000 -101,000000 0,000000 0,000000
550 1675375145 0,800000 -1,000000 -101,000000 0,000000 0,000000
550 1675375146 0,800000 -1,000000 -101,000000 0,000000 0,000000
550 1675375147 0,800000 -1,000000 -101,000000 0,000000 0,000000
550 1675375148 0,800000 -1,000000 -101,000000 0,000000 0,000000
550 1675375149 0,800000 -1,000000 -101,000000 0,000000 0,000000
550 1675375150 0,200000 -1,000000 -101,000000 0,000000 0,000000
550 1675375151 0,200000 -1,000000 -101,000000 0,000000 0,000000
550 1675375152 0,200000 -1,000000 -101,000000 0,000000 0,000000
550 1675375153 0,200000 -1,000000 -101,000000 0,000000 0,000000
550 1675375154 0,200000 -1,000000 -101,000000 0,000000 0,000000
550 1675375160 0,200000 -1,000000 -101,000000 0,000000 0,000000
550 1675375161 0,200000 -1,000000 -101,000000 0,000000 0,000000
550 1675375162 0,200000 -1,000000 -101,000000 0,000000 0,000000
550 1675375163 0,200000 -1,000000 -101,000000 0,000000 0,000000
550 1675375164 0,200000 -1,000000 -101,000000 0,000000 0,000000
550 1675375170 0,200000 -1,000000 -101,000000 0,000000 0,000000
550 1675375171 0,200000 -1,000000 -101,000000 0,000000 0,000000
550 1675375172 0,200000 -1,000000 -101,000000 0,000000 0,000000
550 1675375173 0,200000 -1,000000 -101,000000 0,000000 0,000000
550 1675375174 0,200000 -1,000000 -101,000000 0,000000 0,000000
550 1675375205 0,600000 -1,000000 -101,000000 0,000000 0,000000
550 1675375206 0,600000 -1,000000 -101,000000 0,000000 0,000000
550 1675375207 0,600000 -1,000000 -101,000000 0,000000 0,000000
550 1675375208 0,600000 -1,000000 -101,000000 0,000000 0,000000
550 1675375209 0,600000 -1,000000 -101,000000 0,000000 0,000000
550 1675375210 0,400000 -1,000000 -101,000000 0,000000 0,000000
550 1675375211 0,400000 -1,000000 -101,000000 0,000000 0,000000
550 1675375212 0,400000 -1,000000 -101,000000 0,000000 0,000000
550 1675375213 0,400000 -1,000000 -101,000000 0,000000 0,000000
550 1675375214 0,400000 -1,000000 -101,000000 0,000000 0,000000
550 1675375220 0,200000 -1,000000 -101,000000 0,000000 0,000000
550 1675375221 0,200000 -1,000000 -101,000000 0,000000 0,000000
550 1675375222 0,200000 -1,000000 -101,000000 0,000000 0,000000
550 1675375223 0,200000 -1,000000 -101,000000 0,000000 0,000000
550 1675375224 0,200000 -1,000000 -101,000000 0,000000 0,000000
550 1675375225 0,600000 -1,000000 -101,000000 0,000000 0,000000
550 1675375226 0,600000 -1,000000 -101,000000 0,000000 0,000000
550 1675375227 0,600000 -1,000000 -101,000000 0,000000 0,000000
550 1675375228 0,600000 -1,000000 -101,000000 0,000000 0,000000
550 1675375229 0,600000 -1,000000 -101,000000 0,000000 0,000000
550 1675375245 0,400000 -1,000000 -101,000000 0,000000 0,000000
550 1675375246 0,400000 -1,000000 -101,000000 0,000000 0,000000
550 1675375247 0,400000 -1,000000 -101,000000 0,000000 0,000000
550 1675375248 0,400000 -1,000000 -101,000000 0,000000 0,000000
550 1675375249 0,400000 -1,000000 -101,000000 0,000000 0,000000
550 1675375260 0,200000 -1,000000 -101,000000 0,000000 0,000000
550 1675375261 0,200000 -1,000000 -101,000000 0,000000 0,000000
550 1675375262 0,200000 -1,000000 -101,000000 0,000000 0,000000
550 1675375263 0,200000 -1,000000 -101,000000 0,000000 0,000000
550 1675375264 0,200000 -1,000000 -101,000000 0,000000 0,000000
550 1675375265 0,400000 -1,000000 -101,000000 0,000000 0,000000
550 1675375266 0,400000 -1,000000 -101,000000 0,000000 0,000000
550 1675375267 0,400000 -1,000000 -101,000000 0,000000 0,000000
550 1675375268 0,400000 -1,000000 -101,000000 0,000000 0,000000
550 1675375269 0,400000 -1,000000 -101,000000 0,000000 0,000000
550 1675375295 0,800000 -1,000000 -101,000000 0,000000 0,000000
550 1675375296 0,800000 -1,000000 -101,000000 0,000000 0,000000
550 1675375297 0,800000 -1,000000 -101,000000 0,000000 0,000000
550 1675375298 0,800000 -1,000000 -101,000000 0,000000 0,000000
550 1675375299 0,800000 -1,000000 -101,000000 0,000000 0,000000
550 1675375320 0,200000 -1,000000 -101,000000 0,000000 0,000000
550 1675375321 0,200000 -1,000000 -101,000000 0,000000 0,000000
550 1675375322 0,200000 -1,000000 -101,000000 0,000000 0,000000
550 1675375323 0,200000 -1,000000 -101,000000 0,000000 0,000000
550 1675375324 0,200000 -1,000000 -101,000000 0,000000 0,000000
550 1675375325 0,400000 -1,000000 -101,000000 0,000000 0,000000
550 1675375326 0,400000 -1,000000 -101,000000 0,000000 0,000000
550 1675375327 0,400000 -1,000000 -101,000000 0,000000 0,000000
550 1675375328 0,400000 -1,000000 -101,000000 0,000000 0,000000
550 1675375329 0,400000 -1,000000 -101,000000 0,000000 0,000000
550 1675375330 0,200000 -1,000000 -101,000000 0,000000 0,000000
550 1675375331 0,200000 -1,000000 -101,000000 0,000000 0,000000
550 1675375332 0,200000 -1,000000 -101,000000 0,000000 0,000000
550 1675375333 0,200000 -1,000000 -101,000000 0,000000 0,000000
550 1675375334 0,200000 -1,000000 -101,000000 0,000000 0,000000
550 1675375335 0,200000 -1,000000 -101,000000 0,000000 0,000000
550 1675375336 0,200000 -1,000000 -101,000000 0,000000 0,000000
550 1675375337 0,200000 -1,000000 -101,000000 0,000000 0,000000
550 1675375338 0,200000 -1,000000 -101,000000 0,000000 0,000000
550 1675375339 0,200000 -1,000000 -101,000000 0,000000 0,000000
550 1675375345 0,200000 -1,000000 -101,000000 0,000000 0,000000
550 1675375346 0,200000 -1,000000 -101,000000 0,000000 0,000000
550 1675375347 0,200000 -1,000000 -101,000000 0,000000 0,000000
550 1675375348 0,200000 -1,000000 -101,000000 0,000000 0,000000
550 1675375349 0,200000 -1,000000 -101,000000 0,000000 0,000000
550 1675375350 0,400000 -1,000000 -101,000000 0,000000 0,000000
550 1675375351 0,400000 -1,000000 -101,000000 0,000000 0,000000
550 1675375352 0,400000 -1,000000 -101,000000 0,000000 0,000000
550 1675375353 0,400000 -1,000000 -101,000000 0,000000 0,000000
550 1675375354 0,400000 -1,000000 -101,000000 0,000000 0,000000
550 1675375355 0,200000 -1,000000 -101,000000 0,000000 0,000000
550 1675375356 0,200000 -1,000000 -101,000000 0,000000 0,000000
550 1675375357 0,200000 -1,000000 -101,000000 0,000000 0,000000
550 1675375358 0,200000 -1,000000 -101,000000 0,000000 0,000000
550 1675375359 0,200000 -1,000000 -101,000000 0,000000 0,000000
550 1675375370 0,400000 -1,000000 -101,000000 0,000000 0,000000
550 1675375371 0,400000 -1,000000 -101,000000 0,000000 0,000000
550 1675375372 0,400000 -1,000000 -101,000000 0,000000 0,000000
550 1675375373 0,400000 -1,000000 -101,000000 0,000000 0,000000
550 1675375374 0,400000 -1,000000 -101,000000 0,000000 0,000000
550 1675375385 0,400000 -1,000000 -101,000000 0,000000 0,000000
550 1675375386 0,400000 -1,000000 -101,000000 0,000000 0,000000
550 1675375387 0,400000 -1,000000 -101,000000 0,000000 0,000000
550 1675375388 0,400000 -1,000000 -101,000000 0,000000 0,000000
550 1675375389 0,400000 -1,000000 -101,000000 0,000000 0,000000
550 1675375390 0,400000 -1,000000 -101,000000 0,000000 0,000000
550 1675375391 0,400000 -1,000000 -101,000000 0,000000 0,000000
550 1675375392 0,400000 -1,000000 -101,000000 0,000000 0,000000
550 1675375393 0,400000 -1,000000 -101,000000 0,000000 0,000000
550 1675375394 0,400000 -1,000000 -101,000000 0,000000 0,000000
550 1675375395 0,200000 -1,000000 -101,000000 0,000000 0,000000
550 1675375396 0,200000 -1,000000 -101,000000 0,000000 0,000000
550 1675375397 0,200000 -1,000000 -101,000000 0,000000 0,000000
550 1675375398 0,200000 -1,000000 -101,000000 0,000000 0,000000
550 1675375399 0,200000 -1,000000 -101,000000 0,000000 0,000000
550 1675375420 0,200000 -1,000000 -101,000000 0,000000 0,000000
550 1675375421 0,200000 -1,000000 -101,000000 0,000000 0,000000
550 1675375422 0,200000 -1,000000 -101,000000 0,000000 0,000000
550 1675375423 0,200000 -1,000000 -101,000000 0,000000 0,000000
550 1675375424 0,200000 -1,000000 -101,000000 0,000000 0,000000
550 1675375445 0,200000 -1,000000 -101,000000 0,000000 0,000000
550 1675375446 0,200000 -1,000000 -101,000000 0,000000 0,000000
550 1675375447 0,200000 -1,000000 -101,000000 0,000000 0,000000
550 1675375448 0,200000 -1,000000 -101,000000 0,000000 0,000000
550 1675375449 0,200000 -1,000000 -101,000000 0,000000 0,000000
550 1675375450 0,200000 -1,000000 -101,000000 0,000000 0,000000
550 1675375451 0,200000 -1,000000 -101,000000 0,000000 0,000000
550 1675375452 0,200000 -1,000000 -101,000000 0,000000 0,000000
550 1675375453 0,200000 -1,000000 -101,000000 0,000000 0,000000
550 1675375454 0,200000 -1,000000 -101,000000 0,000000 0,000000
550 1675375460 0,600000 -1,000000 -101,000000 0,000000 0,000000
550 1675375461 0,600000 -1,000000 -101,000000 0,000000 0,000000
550 1675375462 0,600000 -1,000000 -101,000000 0,000000 0,000000
550 1675375463 0,600000 -1,000000 -101,000000 0,000000 0,000000
550 1675375464 0,600000 -1,000000 -101,000000 0,000000 0,000000
550 1675375470 0,400000 -1,000000 -101,000000 0,000000 0,000000
550 1675375471 0,400000 -1,000000 -101,000000 0,000000 0,000000
550 1675375472 0,400000 -1,000000 -101,000000 0,000000 0,000000
550 1675375473 0,400000 -1,000000 -101,000000 0,000000 0,000000
550 1675375474 0,400000 -1,000000 -101,000000 0,000000 0,000000
550 1675375505 0,200000 -1,000000 -101,000000 0,000000 0,000000
550 1675375506 0,200000 -1,000000 -101,000000 0,000000 0,000000
550 1675375507 0,200000 -1,000000 -101,000000 0,000000 0,000000
550 1675375508 0,200000 -1,000000 -101,000000 0,000000 0,000000
550 1675375509 0,200000 -1,000000 -101,000000 0,000000 0,000000
550 1675375520 0,200000 -1,000000 -101,000000 0,000000 0,000000
550 1675375521 0,200000 -1,000000 -101,000000 0,000000 0,000000
550 1675375522 0,200000 -1,000000 -101,000000 0,000000 0,000000
550 1675375523 0,200000 -1,000000 -101,000000 0,000000 0,000000
550 1675375524 0,200000 -1,000000 -101,000000 0,000000 0,000000
550 1675375525 1,000000 -1,000000 -101,000000 0,000000 0,000000
550 1675375526 1,000000 -1,000000 -101,000000 0,000000 0,000000
550 1675375527 1,000000 -1,000000 -101,000000 0,000000 0,000000
550 1675375528 1,000000 -1,000000 -101,000000 0,000000 0,000000
550 1675375529 1,000000 -1,000000 -101,000000 0,000000 0,000000
550 1675375540 0,400000 -1,000000 -101,000000 0,000000 0,000000
550 1675375541 0,400000 -1,000000 -101,000000 0,000000 0,000000
550 1675375542 0,400000 -1,000000 -101,000000 0,000000 0,000000
550 1675375543 0,400000 -1,000000 -101,000000 0,000000 0,000000
550 1675375544 0,400000 -1,000000 -101,000000 0,000000 0,000000
550 1675375545 0,400000 -1,000000 -101,000000 0,000000 0,000000
550 1675375546 0,400000 -1,000000 -101,000000 0,000000 0,000000
550 1675375547 0,400000 -1,000000 -101,000000 0,000000 0,000000
550 1675375548 0,400000 -1,000000 -101,000000 0,000000 0,000000
550 1675375549 0,400000 -1,000000 -101,000000 0,000000 0,000000
550 1675375570 0,400000 -1,000000 -101,000000 0,000000 0,000000
550 1675375571 0,400000 -1,000000 -101,000000 0,000000 0,000000
550 1675375572 0,400000 -1,000000 -101,000000 0,000000 0,000000
550 1675375573 0,400000 -1,000000 -101,000000 0,000000 0,000000
550 1675375574 0,400000 -1,000000 -101,000000 0,000000 0,000000
550 1675375585 0,200000 -1,000000 -101,000000 0,000000 0,000000
550 1675375586 0,200000 -1,000000 -101,000000 0,000000 0,000000
550 1675375587 0,200000 -1,000000 -101,000000 0,000000 0,000000
550 1675375588 0,200000 -1,000000 -101,000000 0,000000 0,000000
550 1675375589 0,200000 -1,000000 -101,000000 0,000000 0,000000
550 1675375600 0,200000 -1,000000 -101,000000 0,000000 0,000000
550 1675375601 0,200000 -1,000000 -101,000000 0,000000 0,000000
550 1675375602 0,200000 -1,000000 -101,000000 0,000000 0,000000
550 1675375603 0,200000 -1,000000 -101,000000 0,000000 0,000000
550 1675375604 0,200000 -1,000000 -101,000000 0,000000 0,000000
550 1675375605 0,400000 -1,000000 -101,000000 0,000000 0,000000
550 1675375606 0,400000 -1,000000 -101,000000 0,000000 0,000000
550 1675375607 0,400000 -1,000000 -101,000000 0,000000 0,000000
550 1675375608 0,400000 -1,000000 -101,000000 0,000000 0,000000
550 1675375609 0,400000 -1,000000 -101,000000 0,000000 0,000000
550 1675375625 0,200000 -1,000000 -101,000000 0,000000 0,000000
550 1675375626 0,200000 -1,000000 -101,000000 0,000000 0,000000
550 1675375627 0,200000 -1,000000 -101,000000 0,000000 0,000000
550 1675375628 0,200000 -1,000000 -101,000000 0,000000 0,000000
550 1675375629 0,200000 -1,000000 -101,000000 0,000000 0,000000
550 1675375655 0,400000 -1,000000 -101,000000 0,000000 0,000000
550 1675375656 0,400000 -1,000000 -101,000000 0,000000 0,000000
550 1675375657 0,400000 -1,000000 -101,000000 0,000000 0,000000
550 1675375658 0,400000 -1,000000 -101,000000 0,000000 0,000000
550 1675375659 0,400000 -1,000000 -101,000000 0,000000 0,000000
550 1675375660 0,800000 -1,000000 -101,000000 0,000000 0,000000
550 1675375661 0,800000 -1,000000 -101,000000 0,000000 0,000000
550 1675375662 0,800000 -1,000000 -101,000000 0,000000 0,000000
550 1675375663 0,800000 -1,000000 -101,000000 0,000000 0,000000
550 1675375664 0,800000 -1,000000 -101,000000 0,000000 0,000000
550 1675375670 0,200000 -1,000000 -101,000000 0,000000 0,000000
550 1675375671 0,200000 -1,000000 -101,000000 0,000000 0,000000
550 1675375672 0,200000 -1,000000 -101,000000 0,000000 0,000000
550 1675375673 0,200000 -1,000000 -101,000000 0,000000 0,000000
550 1675375674 0,200000 -1,000000 -101,000000 0,000000 0,000000
550 1675375675 0,200000 -1,000000 -101,000000 0,000000 0,000000
550 1675375676 0,200000 -1,000000 -101,000000 0,000000 0,000000
550 1675375677 0,200000 -1,000000 -101,000000 0,000000 0,000000
550 1675375678 0,200000 -1,000000 -101,000000 0,000000 0,000000
550 1675375679 0,200000 -1,000000 -101,000000 0,000000 0,000000
550 1675375680 0,400000 -1,000000 -101,000000 0,000000 0,000000
550 1675375681 0,400000 -1,000000 -101,000000 0,000000 0,000000
550 1675375682 0,400000 -1,000000 -101,000000 0,000000 0,000000
550 1675375683 0,400000 -1,000000 -101,000000 0,000000 0,000000
550 1675375684 0,400000 -1,000000 -101,000000 0,000000 0,000000
550 1675375700 0,200000 -1,000000 -101,000000 0,000000 0,000000
550 1675375701 0,200000 -1,000000 -101,000000 0,000000 0,000000
550 1675375702 0,200000 -1,000000 -101,000000 0,000000 0,000000
550 1675375703 0,200000 -1,000000 -101,000000 0,000000 0,000000
550 1675375704 0,200000 -1,000000 -101,000000 0,000000 0,000000
550 1675375730 0,400000 -1,000000 -101,000000 0,000000 0,000000
550 1675375731 0,400000 -1,000000 -101,000000 0,000000 0,000000
550 1675375732 0,400000 -1,000000 -101,000000 0,000000 0,000000
550 1675375733 0,400000 -1,000000 -101,000000 0,000000 0,000000
550 1675375734 0,400000 -1,000000 -101,000000 0,000000 0,000000
550 1675375735 0,200000 -1,000000 -101,000000 0,000000 0,000000
550 1675375736 0,200000 -1,000000 -101,000000 0,000000 0,000000
550 1675375737 0,200000 -1,000000 -101,000000 0,000000 0,000000
550 1675375738 0,200000 -1,000000 -101,000000 0,000000 0,000000
550 1675375739 0,200000 -1,000000 -101,000000 0,000000 0,000000
550 1675375745 0,800000 -1,000000 -101,000000 0,000000 0,000000
550 1675375746 0,800000 -1,000000 -101,000000 0,000000 0,000000
550 1675375747 0,800000 -1,000000 -101,000000 0,000000 0,000000
550 1675375748 0,800000 -1,000000 -101,000000 0,000000 0,000000
550 1675375749 0,800000 -1,000000 -101,000000 0,000000 0,000000
550 1675375750 1,000000 -1,000000 -101,000000 0,000000 0,000000
550 1675375751 1,000000 -1,000000 -101,000000 0,000000 0,000000
550 1675375752 1,000000 -1,000000 -101,000000 0,000000 0,000000
550 1675375753 1,000000 -1,000000 -101,000000 0,000000 0,000000
550 1675375754 1,000000 -1,000000 -101,000000 0,000000 0,000000
550 1675375755 0,200000 -1,000000 -101,000000 0,000000 0,000000
550 1675375756 0,200000 -1,000000 -101,000000 0,000000 0,000000
550 1675375757 0,200000 -1,000000 -101,000000 0,000000 0,000000
550 1675375758 0,200000 -1,000000 -101,000000 0,000000 0,000000
550 1675375759 0,200000 -1,000000 -101,000000 0,000000 0,000000
550 1675375775 0,400000 -1,000000 -101,000000 0,000000 0,000000
550 1675375776 0,400000 -1,000000 -101,000000 0,000000 0,000000
550 1675375777 0,400000 -1,000000 -101,000000 0,000000 0,000000
550 1675375778 0,400000 -1,000000 -101,000000 0,000000 0,000000
550 1675375779 0,400000 -1,000000 -101,000000 0,000000 0,000000
550 1675375785 0,200000 -1,000000 -101,000000 0,000000 0,000000
550 1675375786 0,200000 -1,000000 -101,000000 0,000000 0,000000
550 1675375787 0,200000 -1,000000 -101,000000 0,000000 0,000000
550 1675375788 0,200000 -1,000000 -101,000000 0,000000 0,000000
550 1675375789 0,200000 -1,000000 -101,000000 0,000000 0,000000
550 1675375790 0,400000 -1,000000 -101,000000 0,000000 0,000000
550 1675375791 0,400000 -1,000000 -101,000000 0,000000 0,000000
550 1675375792 0,400000 -1,000000 -101,000000 0,000000 0,000000
550 1675375793 0,400000 -1,000000 -101,000000 0,000000 0,000000
550 1675375794 0,400000 -1,000000 -101,000000 0,000000 0,000000
550 1675375805 0,200000 -1,000000 -101,000000 0,000000 0,000000
550 1675375806 0,200000 -1,000000 -101,000000 0,000000 0,000000
550 1675375807 0,200000 -1,000000 -101,000000 0,000000 0,000000
550 1675375808 0,200000 -1,000000 -101,000000 0,000000 0,000000
550 1675375809 0,200000 -1,000000 -101,000000 0,000000 0,000000
550 1675375815 0,400000 -1,000000 -101,000000 0,000000 0,000000
550 1675375816 0,400000 -1,000000 -101,000000 0,000000 0,000000
550 1675375817 0,400000 -1,000000 -101,000000 0,000000 0,000000
550 1675375818 0,400000 -1,000000 -101,000000 0,000000 0,000000
550 1675375819 0,400000 -1,000000 -101,000000 0,000000 0,000000
550 1675375850 1,000000 -1,000000 -101,000000 0,000000 0,000000
550 1675375851 1,000000 -1,000000 -101,000000 0,000000 0,000000
550 1675375852 1,000000 -1,000000 -101,000000 0,000000 0,000000
550 1675375853 1,000000 -1,000000 -101,000000 0,000000 0,000000
550 1675375854 1,000000 -1,000000 -101,000000 0,000000 0,000000
