536 1675374460 1084,400000 -1,000000 -101,000000 0,000000 0,000000
536 1675374461 1084,400000 -1,000000 -101,000000 0,000000 0,000000
536 1675374462 1084,400000 -1,000000 -101,000000 0,000000 0,000000
536 1675374463 1084,400000 -1,000000 -101,000000 0,000000 0,000000
536 1675374464 1084,400000 -1,000000 -101,000000 0,000000 0,000000
536 1675374465 1572,200000 -1,000000 -101,000000 0,000000 0,000000
536 1675374466 1572,200000 -1,000000 -101,000000 0,000000 0,000000
536 1675374467 1572,200000 -1,000000 -101,000000 0,000000 0,000000
536 1675374468 1572,200000 -1,000000 -101,000000 0,000000 0,000000
536 1675374469 1572,200000 -1,000000 -101,000000 0,000000 0,000000
536 1675374470 2036,400000 -1,000000 -101,000000 0,000000 0,000000
536 1675374471 2036,400000 -1,000000 -101,000000 0,000000 0,000000
536 1675374472 2036,400000 -1,000000 -101,000000 0,000000 0,000000
536 1675374473 2036,400000 -1,000000 -101,000000 0,000000 0,000000
536 1675374474 2036,400000 -1,000000 -101,000000 0,000000 0,000000
536 1675374475 1858,000000 -1,000000 -101,000000 0,000000 0,000000
536 1675374476 1858,000000 -1,000000 -101,000000 0,000000 0,000000
536 1675374477 1858,000000 -1,000000 -101,000000 0,000000 0,000000
536 1675374478 1858,000000 -1,000000 -101,000000 0,000000 0,000000
536 1675374479 1858,000000 -1,000000 -101,000000 0,000000 0,000000
536 1675374480 3665,000000 -1,000000 -101,000000 0,000000 0,000000
536 1675374481 3665,000000 -1,000000 -101,000000 0,000000 0,000000
536 1675374482 3665,000000 -1,000000 -101,000000 0,000000 0,000000
536 1675374483 3665,000000 -1,000000 -101,000000 0,000000 0,000000
536 1675374484 3665,000000 -1,000000 -101,000000 0,000000 0,000000
536 1675374485 1110,200000 -1,000000 -101,000000 0,000000 0,000000
536 1675374486 1110,200000 -1,000000 -101,000000 0,000000 0,000000
536 1675374487 1110,200000 -1,000000 -101,000000 0,000000 0,000000
536 1675374488 1110,200000 -1,000000 -101,000000 0,000000 0,000000
536 1675374489 1110,200000 -1,000000 -101,000000 0,000000 0,000000
536 1675374490 13713,600000 -1,000000 -101,000000 0,000000 0,000000
536 1675374491 13713,600000 -1,000000 -101,000000 0,000000 0,000000
536 1675374492 13713,600000 -1,000000 -101,000000 0,000000 0,000000
536 1675374493 13713,600000 -1,000000 -101,000000 0,000000 0,000000
536 1675374494 13713,600000 -1,000000 -101,000000 0,000000 0,000000
536 1675374495 2127,400000 -1,000000 -101,000000 0,000000 0,000000
536 1675374496 2127,400000 -1,000000 -101,000000 0,000000 0,000000
536 1675374497 2127,400000 -1,000000 -101,000000 0,000000 0,000000
536 1675374498 2127,400000 -1,000000 -101,000000 0,000000 0,000000
536 1675374499 2127,400000 -1,000000 -101,000000 0,000000 0,000000
536 1675374500 17872,400000 -1,000000 -101,000000 0,000000 0,000000
536 1675374501 17872,400000 -1,000000 -101,000000 0,000000 0,000000
536 1675374502 17872,400000 -1,000000 -101,000000 0,000000 0,000000
536 1675374503 17872,400000 -1,000000 -101,000000 0,000000 0,000000
536 1675374504 17872,400000 -1,000000 -101,000000 0,000000 0,000000
536 1675374505 17366,200000 -1,000000 -101,000000 0,000000 0,000000
536 1675374506 17366,200000 -1,000000 -101,000000 0,000000 0,000000
536 1675374507 17366,200000 -1,000000 -101,000000 0,000000 0,000000
536 1675374508 17366,200000 -1,000000 -101,000000 0,000000 0,000000
536 1675374509 17366,200000 -1,000000 -101,000000 0,000000 0,000000
536 1675374510 1570,800000 -1,000000 -101,000000 0,000000 0,000000
536 1675374511 1570,800000 -1,000000 -101,000000 0,000000 0,000000
536 1675374512 1570,800000 -1,000000 -101,000000 0,000000 0,000000
536 1675374513 1570,800000 -1,000000 -101,000000 0,000000 0,000000
536 1675374514 1570,800000 -1,000000 -101,000000 0,000000 0,000000
536 1675374515 2036,200000 -1,000000 -101,000000 0,000000 0,000000
536 1675374516 2036,200000 -1,000000 -101,000000 0,000000 0,000000
536 1675374517 2036,200000 -1,000000 -101,000000 0,000000 0,000000
536 1675374518 2036,200000 -1,000000 -101,000000 0,000000 0,000000
536 1675374519 2036,200000 -1,000000 -101,000000 0,000000 0,000000
536 1675374520 2394,000000 -1,000000 -101,000000 0,000000 0,000000
536 1675374521 2394,000000 -1,000000 -101,000000 0,000000 0,000000
536 1675374522 2394,000000 -1,000000 -101,000000 0,000000 0,000000
536 1675374523 2394,000000 -1,000000 -101,000000 0,000000 0,000000
536 1675374524 2394,000000 -1,000000 -101,000000 0,000000 0,000000
536 1675374525 2315,200000 -1,000000 -101,000000 0,000000 0,000000
536 1675374526 2315,200000 -1,000000 -101,000000 0,000000 0,000000
536 1675374527 2315,200000 -1,000000 -101,000000 0,000000 0,000000
536 1675374528 2315,200000 -1,000000 -101,000000 0,000000 0,000000
536 1675374529 2315,200000 -1,000000 -101,000000 0,000000 0,000000
536 1675374530 2593,000000 -1,000000 -101,000000 0,000000 0,000000
536 1675374531 2593,000000 -1,000000 -101,000000 0,000000 0,000000
536 1675374532 2593,000000 -1,000000 -101,000000 0,000000 0,000000
536 1675374533 2593,000000 -1,000000 -101,000000 0,000000 0,000000
536 1675374534 2593,000000 -1,000000 -101,000000 0,000000 0,000000
536 1675374535 1860,000000 -1,000000 -101,000000 0,000000 0,000000
536 1675374536 1860,000000 -1,000000 -101,000000 0,000000 0,000000
536 1675374537 1860,000000 -1,000000 -101,000000 0,000000 0,000000
536 1675374538 1860,000000 -1,000000 -101,000000 0,000000 0,000000
536 1675374539 1860,000000 -1,000000 -101,000000 0,000000 0,000000
536 1675374540 3252,000000 -1,000000 -101,000000 0,000000 0,000000
536 1675374541 3252,000000 -1,000000 -101,000000 0,000000 0,000000
536 1675374542 3252,000000 -1,000000 -101,000000 0,000000 0,000000
536 1675374543 3252,000000 -1,000000 -101,000000 0,000000 0,000000
536 1675374544 3252,000000 -1,000000 -101,000000 0,000000 0,000000
536 1675374545 4427,000000 -1,000000 -101,000000 0,000000 0,000000
536 1675374546 4427,000000 -1,000000 -101,000000 0,000000 0,000000
536 1675374547 4427,000000 -1,000000 -101,000000 0,000000 0,000000
536 1675374548 4427,000000 -1,000000 -101,000000 0,000000 0,000000
536 1675374549 4427,000000 -1,000000 -101,000000 0,000000 0,000000
536 1675374550 2723,200000 -1,000000 -101,000000 0,000000 0,000000
536 1675374551 2723,200000 -1,000000 -101,000000 0,000000 0,000000
536 1675374552 2723,200000 -1,000000 -101,000000 0,000000 0,000000
536 1675374553 2723,200000 -1,000000 -101,000000 0,000000 0,000000
536 1675374554 2723,200000 -1,000000 -101,000000 0,000000 0,000000
536 1675374555 17996,600000 -1,000000 -101,000000 0,000000 0,000000
536 1675374556 17996,600000 -1,000000 -101,000000 0,000000 0,000000
536 1675374557 17996,600000 -1,000000 -101,000000 0,000000 0,000000
536 1675374558 17996,600000 -1,000000 -101,000000 0,000000 0,000000
536 1675374559 17996,600000 -1,000000 -101,000000 0,000000 0,000000
536 1675374560 15741,600000 -1,000000 -101,000000 0,000000 0,000000
536 1675374561 15741,600000 -1,000000 -101,000000 0,000000 0,000000
536 1675374562 15741,600000 -1,000000 -101,000000 0,000000 0,000000
536 1675374563 15741,600000 -1,000000 -101,000000 0,000000 0,000000
536 1675374564 15741,600000 -1,000000 -101,000000 0,000000 0,000000
536 1675374565 3246,600000 -1,000000 -101,000000 0,000000 0,000000
536 1675374566 3246,600000 -1,000000 -101,000000 0,000000 0,000000
536 1675374567 3246,600000 -1,000000 -101,000000 0,000000 0,000000
536 1675374568 3246,600000 -1,000000 -101,000000 0,000000 0,000000
536 1675374569 3246,600000 -1,000000 -101,000000 0,000000 0,000000
536 1675374570 3622,600000 -1,000000 -101,000000 0,000000 0,000000
536 1675374571 3622,600000 -1,000000 -101,000000 0,000000 0,000000
536 1675374572 3622,600000 -1,000000 -101,000000 0,000000 0,000000
536 1675374573 3622,600000 -1,000000 -101,000000 0,000000 0,000000
536 1675374574 3622,600000 -1,000000 -101,000000 0,000000 0,000000
536 1675374575 292,600000 -1,000000 -101,000000 0,000000 0,000000
536 1675374576 292,600000 -1,000000 -101,000000 0,000000 0,000000
536 1675374577 292,600000 -1,000000 -101,000000 0,000000 0,000000
536 1675374578 292,600000 -1,000000 -101,000000 0,000000 0,000000
536 1675374579 292,600000 -1,000000 -101,000000 0,000000 0,000000
536 1675374580 4817,800000 -1,000000 -101,000000 0,000000 0,000000
536 1675374581 4817,800000 -1,000000 -101,000000 0,000000 0,000000
536 1675374582 4817,800000 -1,000000 -101,000000 0,000000 0,000000
536 1675374583 4817,800000 -1,000000 -101,000000 0,000000 0,000000
536 1675374584 4817,800000 -1,000000 -101,000000 0,000000 0,000000
536 1675374585 5250,800000 -1,000000 -101,000000 0,000000 0,000000
536 1675374586 5250,800000 -1,000000 -101,000000 0,000000 0,000000
536 1675374587 5250,800000 -1,000000 -101,000000 0,000000 0,000000
536 1675374588 5250,800000 -1,000000 -101,000000 0,000000 0,000000
536 1675374589 5250,800000 -1,000000 -101,000000 0,000000 0,000000
536 1675374590 22790,800000 -1,000000 -101,000000 0,000000 0,000000
536 1675374591 22790,800000 -1,000000 -101,000000 0,000000 0,000000
536 1675374592 22790,800000 -1,000000 -101,000000 0,000000 0,000000
536 1675374593 22790,800000 -1,000000 -101,000000 0,000000 0,000000
536 1675374594 22790,800000 -1,000000 -101,000000 0,000000 0,000000
536 1675374595 20001,800000 -1,000000 -101,000000 0,000000 0,000000
536 1675374596 20001,800000 -1,000000 -101,000000 0,000000 0,000000
536 1675374597 20001,800000 -1,000000 -101,000000 0,000000 0,000000
536 1675374598 20001,800000 -1,000000 -101,000000 0,000000 0,000000
536 1675374599 20001,800000 -1,000000 -101,000000 0,000000 0,000000
536 1675374600 2765,200000 -1,000000 -101,000000 0,000000 0,000000
536 1675374601 2765,200000 -1,000000 -101,000000 0,000000 0,000000
536 1675374602 2765,200000 -1,000000 -101,000000 0,000000 0,000000
536 1675374603 2765,200000 -1,000000 -101,000000 0,000000 0,000000
536 1675374604 2765,200000 -1,000000 -101,000000 0,000000 0,000000
536 1675374605 3402,600000 -1,000000 -101,000000 0,000000 0,000000
536 1675374606 3402,600000 -1,000000 -101,000000 0,000000 0,000000
536 1675374607 3402,600000 -1,000000 -101,000000 0,000000 0,000000
536 1675374608 3402,600000 -1,000000 -101,000000 0,000000 0,000000
536 1675374609 3402,600000 -1,000000 -101,000000 0,000000 0,000000
536 1675374610 16009,800000 -1,000000 -101,000000 0,000000 0,000000
536 1675374611 16009,800000 -1,000000 -101,000000 0,000000 0,000000
536 1675374612 16009,800000 -1,000000 -101,000000 0,000000 0,000000
536 1675374613 16009,800000 -1,000000 -101,000000 0,000000 0,000000
536 1675374614 16009,800000 -1,000000 -101,000000 0,000000 0,000000
536 1675374615 2167,600000 -1,000000 -101,000000 0,000000 0,000000
536 1675374616 2167,600000 -1,000000 -101,000000 0,000000 0,000000
536 1675374617 2167,600000 -1,000000 -101,000000 0,000000 0,000000
536 1675374618 2167,600000 -1,000000 -101,000000 0,000000 0,000000
536 1675374619 2167,600000 -1,000000 -101,000000 0,000000 0,000000
536 1675374620 4489,600000 -1,000000 -101,000000 0,000000 0,000000
536 1675374621 4489,600000 -1,000000 -101,000000 0,000000 0,000000
536 1675374622 4489,600000 -1,000000 -101,000000 0,000000 0,000000
536 1675374623 4489,600000 -1,000000 -101,000000 0,000000 0,000000
536 1675374624 4489,600000 -1,000000 -101,000000 0,000000 0,000000
536 1675374625 17535,800000 -1,000000 -101,000000 0,000000 0,000000
536 1675374626 17535,800000 -1,000000 -101,000000 0,000000 0,000000
536 1675374627 17535,800000 -1,000000 -101,000000 0,000000 0,000000
536 1675374628 17535,800000 -1,000000 -101,000000 0,000000 0,000000
536 1675374629 17535,800000 -1,000000 -101,000000 0,000000 0,000000
536 1675374630 5658,800000 -1,000000 -101,000000 0,000000 0,000000
536 1675374631 5658,800000 -1,000000 -101,000000 0,000000 0,000000
536 1675374632 5658,800000 -1,000000 -101,000000 0,000000 0,000000
536 1675374633 5658,800000 -1,000000 -101,000000 0,000000 0,000000
536 1675374634 5658,800000 -1,000000 -101,000000 0,000000 0,000000
536 1675374635 1069,000000 -1,000000 -101,000000 0,000000 0,000000
536 1675374636 1069,000000 -1,000000 -101,000000 0,000000 0,000000
536 1675374637 1069,000000 -1,000000 -101,000000 0,000000 0,000000
536 1675374638 1069,000000 -1,000000 -101,000000 0,000000 0,000000
536 1675374639 1069,000000 -1,000000 -101,000000 0,000000 0,000000
536 1675374640 3246,200000 -1,000000 -101,000000 0,000000 0,000000
536 1675374641 3246,200000 -1,000000 -101,000000 0,000000 0,000000
536 1675374642 3246,200000 -1,000000 -101,000000 0,000000 0,000000
536 1675374643 3246,200000 -1,000000 -101,000000 0,000000 0,000000
536 1675374644 3246,200000 -1,000000 -101,000000 0,000000 0,000000
536 1675374645 4706,400000 -1,000000 -101,000000 0,000000 0,000000
536 1675374646 4706,400000 -1,000000 -101,000000 0,000000 0,000000
536 1675374647 4706,400000 -1,000000 -101,000000 0,000000 0,000000
536 1675374648 4706,400000 -1,000000 -101,000000 0,000000 0,000000
536 1675374649 4706,400000 -1,000000 -101,000000 0,000000 0,000000
536 1675374650 1863,400000 -1,000000 -101,000000 0,000000 0,000000
536 1675374651 1863,400000 -1,000000 -101,000000 0,000000 0,000000
536 1675374652 1863,400000 -1,000000 -101,000000 0,000000 0,000000
536 1675374653 1863,400000 -1,000000 -101,000000 0,000000 0,000000
536 1675374654 1863,400000 -1,000000 -101,000000 0,000000 0,000000
536 1675374655 5538,000000 -1,000000 -101,000000 0,000000 0,000000
536 1675374656 5538,000000 -1,000000 -101,000000 0,000000 0,000000
536 1675374657 5538,000000 -1,000000 -101,000000 0,000000 0,000000
536 1675374658 5538,000000 -1,000000 -101,000000 0,000000 0,000000
536 1675374659 5538,000000 -1,000000 -101,000000 0,000000 0,000000
536 1675374660 4998,800000 -1,000000 -101,000000 0,000000 0,000000
536 1675374661 4998,800000 -1,000000 -101,000000 0,000000 0,000000
536 1675374662 4998,800000 -1,000000 -101,000000 0,000000 0,000000
536 1675374663 4998,800000 -1,000000 -101,000000 0,000000 0,000000
536 1675374664 4998,800000 -1,000000 -101,000000 0,000000 0,000000
536 1675374665 6242,400000 -1,000000 -101,000000 0,000000 0,000000
536 1675374666 6242,400000 -1,000000 -101,000000 0,000000 0,000000
536 1675374667 6242,400000 -1,000000 -101,000000 0,000000 0,000000
536 1675374668 6242,400000 -1,000000 -101,000000 0,000000 0,000000
536 1675374669 6242,400000 -1,000000 -101,000000 0,000000 0,000000
536 1675374670 17720,400000 -1,000000 -101,000000 0,000000 0,000000
536 1675374671 17720,400000 -1,000000 -101,000000 0,000000 0,000000
536 1675374672 17720,400000 -1,000000 -101,000000 0,000000 0,000000
536 1675374673 17720,400000 -1,000000 -101,000000 0,000000 0,000000
536 1675374674 17720,400000 -1,000000 -101,000000 0,000000 0,000000
536 1675374675 18629,600000 -1,000000 -101,000000 0,000000 0,000000
536 1675374676 18629,600000 -1,000000 -101,000000 0,000000 0,000000
536 1675374677 18629,600000 -1,000000 -101,000000 0,000000 0,000000
536 1675374678 18629,600000 -1,000000 -101,000000 0,000000 0,000000
536 1675374679 18629,600000 -1,000000 -101,000000 0,000000 0,000000
536 1675374680 1640,800000 -1,000000 -101,000000 0,000000 0,000000
536 1675374681 1640,800000 -1,000000 -101,000000 0,000000 0,000000
536 1675374682 1640,800000 -1,000000 -101,000000 0,000000 0,000000
536 1675374683 1640,800000 -1,000000 -101,000000 0,000000 0,000000
536 1675374684 1640,800000 -1,000000 -101,000000 0,000000 0,000000
536 1675374685 4024,800000 -1,000000 -101,000000 0,000000 0,000000
536 1675374686 4024,800000 -1,000000 -101,000000 0,000000 0,000000
536 1675374687 4024,800000 -1,000000 -101,000000 0,000000 0,000000
536 1675374688 4024,800000 -1,000000 -101,000000 0,000000 0,000000
536 1675374689 4024,800000 -1,000000 -101,000000 0,000000 0,000000
536 1675374690 24825,800000 -1,000000 -101,000000 0,000000 0,000000
536 1675374691 24825,800000 -1,000000 -101,000000 0,000000 0,000000
536 1675374692 24825,800000 -1,000000 -101,000000 0,000000 0,000000
536 1675374693 24825,800000 -1,000000 -101,000000 0,000000 0,000000
536 1675374694 24825,800000 -1,000000 -101,000000 0,000000 0,000000
536 1675374695 13604,000000 -1,000000 -101,000000 0,000000 0,000000
536 1675374696 13604,000000 -1,000000 -101,000000 0,000000 0,000000
536 1675374697 13604,000000 -1,000000 -101,000000 0,000000 0,000000
536 1675374698 13604,000000 -1,000000 -101,000000 0,000000 0,000000
536 1675374699 13604,000000 -1,000000 -101,000000 0,000000 0,000000
536 1675374700 3209,800000 -1,000000 -101,000000 0,000000 0,000000
536 1675374701 3209,800000 -1,000000 -101,000000 0,000000 0,000000
536 1675374702 3209,800000 -1,000000 -101,000000 0,000000 0,000000
536 1675374703 3209,800000 -1,000000 -101,000000 0,000000 0,000000
536 1675374704 3209,800000 -1,000000 -101,000000 0,000000 0,000000
536 1675374705 7269,400000 -1,000000 -101,000000 0,000000 0,000000
536 1675374706 7269,400000 -1,000000 -101,000000 0,000000 0,000000
536 1675374707 7269,400000 -1,000000 -101,000000 0,000000 0,000000
536 1675374708 7269,400000 -1,000000 -101,000000 0,000000 0,000000
536 1675374709 7269,400000 -1,000000 -101,000000 0,000000 0,000000
536 1675374710 4208,600000 -1,000000 -101,000000 0,000000 0,000000
536 1675374711 4208,600000 -1,000000 -101,000000 0,000000 0,000000
536 1675374712 4208,600000 -1,000000 -101,000000 0,000000 0,000000
536 1675374713 4208,600000 -1,000000 -101,000000 0,000000 0,000000
536 1675374714 4208,600000 -1,000000 -101,000000 0,000000 0,000000
536 1675374715 7320,800000 -1,000000 -101,000000 0,000000 0,000000
536 1675374716 7320,800000 -1,000000 -101,000000 0,000000 0,000000
536 1675374717 7320,800000 -1,000000 -101,000000 0,000000 0,000000
536 1675374718 7320,800000 -1,000000 -101,000000 0,000000 0,000000
536 1675374719 7320,800000 -1,000000 -101,000000 0,000000 0,000000
536 1675374720 4206,200000 -1,000000 -101,000000 0,000000 0,000000
536 1675374721 4206,200000 -1,000000 -101,000000 0,000000 0,000000
536 1675374722 4206,200000 -1,000000 -101,000000 0,000000 0,000000
536 1675374723 4206,200000 -1,000000 -101,000000 0,000000 0,000000
536 1675374724 4206,200000 -1,000000 -101,000000 0,000000 0,000000
536 1675374725 14028,800000 -1,000000 -101,000000 0,000000 0,000000
536 1675374726 14028,800000 -1,000000 -101,000000 0,000000 0,000000
536 1675374727 14028,800000 -1,000000 -101,000000 0,000000 0,000000
536 1675374728 14028,800000 -1,000000 -101,000000 0,000000 0,000000
536 1675374729 14028,800000 -1,000000 -101,000000 0,000000 0,000000
536 1675374730 13339,800000 -1,000000 -101,000000 0,000000 0,000000
536 1675374731 13339,800000 -1,000000 -101,000000 0,000000 0,000000
536 1675374732 13339,800000 -1,000000 -101,000000 0,000000 0,000000
536 1675374733 13339,800000 -1,000000 -101,000000 0,000000 0,000000
536 1675374734 13339,800000 -1,000000 -101,000000 0,000000 0,000000
536 1675374735 28998,200000 -1,000000 -101,000000 0,000000 0,000000
536 1675374736 28998,200000 -1,000000 -101,000000 0,000000 0,000000
536 1675374737 28998,200000 -1,000000 -101,000000 0,000000 0,000000
536 1675374738 28998,200000 -1,000000 -101,000000 0,000000 0,000000
536 1675374739 28998,200000 -1,000000 -101,000000 0,000000 0,000000
536 1675374740 1113,600000 -1,000000 -101,000000 0,000000 0,000000
536 1675374741 1113,600000 -1,000000 -101,000000 0,000000 0,000000
536 1675374742 1113,600000 -1,000000 -101,000000 0,000000 0,000000
536 1675374743 1113,600000 -1,000000 -101,000000 0,000000 0,000000
536 1675374744 1113,600000 -1,000000 -101,000000 0,000000 0,000000
536 1675374760 1082,800000 -1,000000 -101,000000 0,000000 0,000000
536 1675374761 1082,800000 -1,000000 -101,000000 0,000000 0,000000
536 1675374762 1082,800000 -1,000000 -101,000000 0,000000 0,000000
536 1675374763 1082,800000 -1,000000 -101,000000 0,000000 0,000000
536 1675374764 1082,800000 -1,000000 -101,000000 0,000000 0,000000
536 1675374765 3739,400000 -1,000000 -101,000000 0,000000 0,000000
536 1675374766 3739,400000 -1,000000 -101,000000 0,000000 0,000000
536 1675374767 3739,400000 -1,000000 -101,000000 0,000000 0,000000
536 1675374768 3739,400000 -1,000000 -101,000000 0,000000 0,000000
536 1675374769 3739,400000 -1,000000 -101,000000 0,000000 0,000000
536 1675374770 6261,200000 -1,000000 -101,000000 0,000000 0,000000
536 1675374771 6261,200000 -1,000000 -101,000000 0,000000 0,000000
536 1675374772 6261,200000 -1,000000 -101,000000 0,000000 0,000000
536 1675374773 6261,200000 -1,000000 -101,000000 0,000000 0,000000
536 1675374774 6261,200000 -1,000000 -101,000000 0,000000 0,000000
536 1675374775 6333,000000 -1,000000 -101,000000 0,000000 0,000000
536 1675374776 6333,000000 -1,000000 -101,000000 0,000000 0,000000
536 1675374777 6333,000000 -1,000000 -101,000000 0,000000 0,000000
536 1675374778 6333,000000 -1,000000 -101,000000 0,000000 0,000000
536 1675374779 6333,000000 -1,000000 -101,000000 0,000000 0,000000
536 1675374780 21000,600000 -1,000000 -101,000000 0,000000 0,000000
536 1675374781 21000,600000 -1,000000 -101,000000 0,000000 0,000000
536 1675374782 21000,600000 -1,000000 -101,000000 0,000000 0,000000
536 1675374783 21000,600000 -1,000000 -101,000000 0,000000 0,000000
536 1675374784 21000,600000 -1,000000 -101,000000 0,000000 0,000000
536 1675374785 1957,400000 -1,000000 -101,000000 0,000000 0,000000
536 1675374786 1957,400000 -1,000000 -101,000000 0,000000 0,000000
536 1675374787 1957,400000 -1,000000 -101,000000 0,000000 0,000000
536 1675374788 1957,400000 -1,000000 -101,000000 0,000000 0,000000
536 1675374789 1957,400000 -1,000000 -101,000000 0,000000 0,000000
536 1675374790 4545,800000 -1,000000 -101,000000 0,000000 0,000000
536 1675374791 4545,800000 -1,000000 -101,000000 0,000000 0,000000
536 1675374792 4545,800000 -1,000000 -101,000000 0,000000 0,000000
536 1675374793 4545,800000 -1,000000 -101,000000 0,000000 0,000000
536 1675374794 4545,800000 -1,000000 -101,000000 0,000000 0,000000
536 1675374795 12791,200000 -1,000000 -101,000000 0,000000 0,000000
536 1675374796 12791,200000 -1,000000 -101,000000 0,000000 0,000000
536 1675374797 12791,200000 -1,000000 -101,000000 0,000000 0,000000
536 1675374798 12791,200000 -1,000000 -101,000000 0,000000 0,000000
536 1675374799 12791,200000 -1,000000 -101,000000 0,000000 0,000000
536 1675374800 13904,200000 -1,000000 -101,000000 0,000000 0,000000
536 1675374801 13904,200000 -1,000000 -101,000000 0,000000 0,000000
536 1675374802 13904,200000 -1,000000 -101,000000 0,000000 0,000000
536 1675374803 13904,200000 -1,000000 -101,000000 0,000000 0,000000
536 1675374804 13904,200000 -1,000000 -101,000000 0,000000 0,000000
536 1675374805 555,800000 -1,000000 -101,000000 0,000000 0,000000
536 1675374806 555,800000 -1,000000 -101,000000 0,000000 0,000000
536 1675374807 555,800000 -1,000000 -101,000000 0,000000 0,000000
536 1675374808 555,800000 -1,000000 -101,000000 0,000000 0,000000
536 1675374809 555,800000 -1,000000 -101,000000 0,000000 0,000000
536 1675374815 1084,400000 -1,000000 -101,000000 0,000000 0,000000
536 1675374816 1084,400000 -1,000000 -101,000000 0,000000 0,000000
536 1675374817 1084,400000 -1,000000 -101,000000 0,000000 0,000000
536 1675374818 1084,400000 -1,000000 -101,000000 0,000000 0,000000
536 1675374819 1084,400000 -1,000000 -101,000000 0,000000 0,000000
536 1675374820 1571,400000 -1,000000 -101,000000 0,000000 0,000000
536 1675374821 1571,400000 -1,000000 -101,000000 0,000000 0,000000
536 1675374822 1571,400000 -1,000000 -101,000000 0,000000 0,000000
536 1675374823 1571,400000 -1,000000 -101,000000 0,000000 0,000000
536 1675374824 1571,400000 -1,000000 -101,000000 0,000000 0,000000
536 1675374825 16489,000000 -1,000000 -101,000000 0,000000 0,000000
536 1675374826 16489,000000 -1,000000 -101,000000 0,000000 0,000000
536 1675374827 16489,000000 -1,000000 -101,000000 0,000000 0,000000
536 1675374828 16489,000000 -1,000000 -101,000000 0,000000 0,000000
536 1675374829 16489,000000 -1,000000 -101,000000 0,000000 0,000000
536 1675374830 17067,800000 -1,000000 -101,000000 0,000000 0,000000
536 1675374831 17067,800000 -1,000000 -101,000000 0,000000 0,000000
536 1675374832 17067,800000 -1,000000 -101,000000 0,000000 0,000000
536 1675374833 17067,800000 -1,000000 -101,000000 0,000000 0,000000
536 1675374834 17067,800000 -1,000000 -101,000000 0,000000 0,000000
536 1675374835 4226,000000 -1,000000 -101,000000 0,000000 0,000000
536 1675374836 4226,000000 -1,000000 -101,000000 0,000000 0,000000
536 1675374837 4226,000000 -1,000000 -101,000000 0,000000 0,000000
536 1675374838 4226,000000 -1,000000 -101,000000 0,000000 0,000000
536 1675374839 4226,000000 -1,000000 -101,000000 0,000000 0,000000
536 1675374840 6729,400000 -1,000000 -101,000000 0,000000 0,000000
536 1675374841 6729,400000 -1,000000 -101,000000 0,000000 0,000000
536 1675374842 6729,400000 -1,000000 -101,000000 0,000000 0,000000
536 1675374843 6729,400000 -1,000000 -101,000000 0,000000 0,000000
536 1675374844 6729,400000 -1,000000 -101,000000 0,000000 0,000000
536 1675374845 5155,400000 -1,000000 -101,000000 0,000000 0,000000
536 1675374846 5155,400000 -1,000000 -101,000000 0,000000 0,000000
536 1675374847 5155,400000 -1,000000 -101,000000 0,000000 0,000000
536 1675374848 5155,400000 -1,000000 -101,000000 0,000000 0,000000
536 1675374849 5155,400000 -1,000000 -101,000000 0,000000 0,000000
536 1675374850 3919,600000 -1,000000 -101,000000 0,000000 0,000000
536 1675374851 3919,600000 -1,000000 -101,000000 0,000000 0,000000
536 1675374852 3919,600000 -1,000000 -101,000000 0,000000 0,000000
536 1675374853 3919,600000 -1,000000 -101,000000 0,000000 0,000000
536 1675374854 3919,600000 -1,000000 -101,000000 0,000000 0,000000
536 1675374855 7003,600000 -1,000000 -101,000000 0,000000 0,000000
536 1675374856 7003,600000 -1,000000 -101,000000 0,000000 0,000000
536 1675374857 7003,600000 -1,000000 -101,000000 0,000000 0,000000
536 1675374858 7003,600000 -1,000000 -101,000000 0,000000 0,000000
536 1675374859 7003,600000 -1,000000 -101,000000 0,000000 0,000000
536 1675374860 4642,600000 -1,000000 -101,000000 0,000000 0,000000
536 1675374861 4642,600000 -1,000000 -101,000000 0,000000 0,000000
536 1675374862 4642,600000 -1,000000 -101,000000 0,000000 0,000000
536 1675374863 4642,600000 -1,000000 -101,000000 0,000000 0,000000
536 1675374864 4642,600000 -1,000000 -101,000000 0,000000 0,000000
536 1675374865 31258,400000 -1,000000 -101,000000 0,000000 0,000000
536 1675374866 31258,400000 -1,000000 -101,000000 0,000000 0,000000
536 1675374867 31258,400000 -1,000000 -101,000000 0,000000 0,000000
536 1675374868 31258,400000 -1,000000 -101,000000 0,000000 0,000000
536 1675374869 31258,400000 -1,000000 -101,000000 0,000000 0,000000
536 1675374870 6839,400000 -1,000000 -101,000000 0,000000 0,000000
536 1675374871 6839,400000 -1,000000 -101,000000 0,000000 0,000000
536 1675374872 6839,400000 -1,000000 -101,000000 0,000000 0,000000
536 1675374873 6839,400000 -1,000000 -101,000000 0,000000 0,000000
536 1675374874 6839,400000 -1,000000 -101,000000 0,000000 0,000000
536 1675374875 771,800000 -1,000000 -101,000000 0,000000 0,000000
536 1675374876 771,800000 -1,000000 -101,000000 0,000000 0,000000
536 1675374877 771,800000 -1,000000 -101,000000 0,000000 0,000000
536 1675374878 771,800000 -1,000000 -101,000000 0,000000 0,000000
536 1675374879 771,800000 -1,000000 -101,000000 0,000000 0,000000
536 1675374880 2763,600000 -1,000000 -101,000000 0,000000 0,000000
536 1675374881 2763,600000 -1,000000 -101,000000 0,000000 0,000000
536 1675374882 2763,600000 -1,000000 -101,000000 0,000000 0,000000
536 1675374883 2763,600000 -1,000000 -101,000000 0,000000 0,000000
536 1675374884 2763,600000 -1,000000 -101,000000 0,000000 0,000000
536 1675374885 3956,000000 -1,000000 -101,000000 0,000000 0,000000
536 1675374886 3956,000000 -1,000000 -101,000000 0,000000 0,000000
536 1675374887 3956,000000 -1,000000 -101,000000 0,000000 0,000000
536 1675374888 3956,000000 -1,000000 -101,000000 0,000000 0,000000
536 1675374889 3956,000000 -1,000000 -101,000000 0,000000 0,000000
536 1675374890 16656,000000 -1,000000 -101,000000 0,000000 0,000000
536 1675374891 16656,000000 -1,000000 -101,000000 0,000000 0,000000
536 1675374892 16656,000000 -1,000000 -101,000000 0,000000 0,000000
536 1675374893 16656,000000 -1,000000 -101,000000 0,000000 0,000000
536 1675374894 16656,000000 -1,000000 -101,000000 0,000000 0,000000
536 1675374895 19835,200000 -1,000000 -101,000000 0,000000 0,000000
536 1675374896 19835,200000 -1,000000 -101,000000 0,000000 0,000000
536 1675374897 19835,200000 -1,000000 -101,000000 0,000000 0,000000
536 1675374898 19835,200000 -1,000000 -101,000000 0,000000 0,000000
536 1675374899 19835,200000 -1,000000 -101,000000 0,000000 0,000000
536 1675374900 5755,600000 -1,000000 -101,000000 0,000000 0,000000
536 1675374901 5755,600000 -1,000000 -101,000000 0,000000 0,000000
536 1675374902 5755,600000 -1,000000 -101,000000 0,000000 0,000000
536 1675374903 5755,600000 -1,000000 -101,000000 0,000000 0,000000
536 1675374904 5755,600000 -1,000000 -101,000000 0,000000 0,000000
536 1675374905 2093,600000 -1,000000 -101,000000 0,000000 0,000000
536 1675374906 2093,600000 -1,000000 -101,000000 0,000000 0,000000
536 1675374907 2093,600000 -1,000000 -101,000000 0,000000 0,000000
536 1675374908 2093,600000 -1,000000 -101,000000 0,000000 0,000000
536 1675374909 2093,600000 -1,000000 -101,000000 0,000000 0,000000
536 1675374910 3849,600000 -1,000000 -101,000000 0,000000 0,000000
536 1675374911 3849,600000 -1,000000 -101,000000 0,000000 0,000000
536 1675374912 3849,600000 -1,000000 -101,000000 0,000000 0,000000
536 1675374913 3849,600000 -1,000000 -101,000000 0,000000 0,000000
536 1675374914 3849,600000 -1,000000 -101,000000 0,000000 0,000000
536 1675374915 20557,400000 -1,000000 -101,000000 0,000000 0,000000
536 1675374916 20557,400000 -1,000000 -101,000000 0,000000 0,000000
536 1675374917 20557,400000 -1,000000 -101,000000 0,000000 0,000000
536 1675374918 20557,400000 -1,000000 -101,000000 0,000000 0,000000
536 1675374919 20557,400000 -1,000000 -101,000000 0,000000 0,000000
536 1675374920 34014,600000 -1,000000 -101,000000 0,000000 0,000000
536 1675374921 34014,600000 -1,000000 -101,000000 0,000000 0,000000
536 1675374922 34014,600000 -1,000000 -101,000000 0,000000 0,000000
536 1675374923 34014,600000 -1,000000 -101,000000 0,000000 0,000000
536 1675374924 34014,600000 -1,000000 -101,000000 0,000000 0,000000
536 1675374925 10404,200000 -1,000000 -101,000000 0,000000 0,000000
536 1675374926 10404,200000 -1,000000 -101,000000 0,000000 0,000000
536 1675374927 10404,200000 -1,000000 -101,000000 0,000000 0,000000
536 1675374928 10404,200000 -1,000000 -101,000000 0,000000 0,000000
536 1675374929 10404,200000 -1,000000 -101,000000 0,000000 0,000000
536 1675374930 21211,000000 -1,000000 -101,000000 0,000000 0,000000
536 1675374931 21211,000000 -1,000000 -101,000000 0,000000 0,000000
536 1675374932 21211,000000 -1,000000 -101,000000 0,000000 0,000000
536 1675374933 21211,000000 -1,000000 -101,000000 0,000000 0,000000
536 1675374934 21211,000000 -1,000000 -101,000000 0,000000 0,000000
536 1675374935 15051,600000 -1,000000 -101,000000 0,000000 0,000000
536 1675374936 15051,600000 -1,000000 -101,000000 0,000000 0,000000
536 1675374937 15051,600000 -1,000000 -101,000000 0,000000 0,000000
536 1675374938 15051,600000 -1,000000 -101,000000 0,000000 0,000000
536 1675374939 15051,600000 -1,000000 -101,000000 0,000000 0,000000
536 1675374940 4328,000000 -1,000000 -101,000000 0,000000 0,000000
536 1675374941 4328,000000 -1,000000 -101,000000 0,000000 0,000000
536 1675374942 4328,000000 -1,000000 -101,000000 0,000000 0,000000
536 1675374943 4328,000000 -1,000000 -101,000000 0,000000 0,000000
536 1675374944 4328,000000 -1,000000 -101,000000 0,000000 0,000000
536 1675374945 1371,000000 -1,000000 -101,000000 0,000000 0,000000
536 1675374946 1371,000000 -1,000000 -101,000000 0,000000 0,000000
536 1675374947 1371,000000 -1,000000 -101,000000 0,000000 0,000000
536 1675374948 1371,000000 -1,000000 -101,000000 0,000000 0,000000
536 1675374949 1371,000000 -1,000000 -101,000000 0,000000 0,000000
536 1675374950 15408,800000 -1,000000 -101,000000 0,000000 0,000000
536 1675374951 15408,800000 -1,000000 -101,000000 0,000000 0,000000
536 1675374952 15408,800000 -1,000000 -101,000000 0,000000 0,000000
536 1675374953 15408,800000 -1,000000 -101,000000 0,000000 0,000000
536 1675374954 15408,800000 -1,000000 -101,000000 0,000000 0,000000
536 1675374955 4295,800000 -1,000000 -101,000000 0,000000 0,000000
536 1675374956 4295,800000 -1,000000 -101,000000 0,000000 0,000000
536 1675374957 4295,800000 -1,000000 -101,000000 0,000000 0,000000
536 1675374958 4295,800000 -1,000000 -101,000000 0,000000 0,000000
536 1675374959 4295,800000 -1,000000 -101,000000 0,000000 0,000000
536 1675374960 5178,600000 -1,000000 -101,000000 0,000000 0,000000
536 1675374961 5178,600000 -1,000000 -101,000000 0,000000 0,000000
536 1675374962 5178,600000 -1,000000 -101,000000 0,000000 0,000000
536 1675374963 5178,600000 -1,000000 -101,000000 0,000000 0,000000
536 1675374964 5178,600000 -1,000000 -101,000000 0,000000 0,000000
536 1675374965 4840,000000 -1,000000 -101,000000 0,000000 0,000000
536 1675374966 4840,000000 -1,000000 -101,000000 0,000000 0,000000
536 1675374967 4840,000000 -1,000000 -101,000000 0,000000 0,000000
536 1675374968 4840,000000 -1,000000 -101,000000 0,000000 0,000000
536 1675374969 4840,000000 -1,000000 -101,000000 0,000000 0,000000
536 1675374970 2135,600000 -1,000000 -101,000000 0,000000 0,000000
536 1675374971 2135,600000 -1,000000 -101,000000 0,000000 0,000000
536 1675374972 2135,600000 -1,000000 -101,000000 0,000000 0,000000
536 1675374973 2135,600000 -1,000000 -101,000000 0,000000 0,000000
536 1675374974 2135,600000 -1,000000 -101,000000 0,000000 0,000000
536 1675374975 2012,200000 -1,000000 -101,000000 0,000000 0,000000
536 1675374976 2012,200000 -1,000000 -101,000000 0,000000 0,000000
536 1675374977 2012,200000 -1,000000 -101,000000 0,000000 0,000000
536 1675374978 2012,200000 -1,000000 -101,000000 0,000000 0,000000
536 1675374979 2012,200000 -1,000000 -101,000000 0,000000 0,000000
536 1675374980 2455,600000 -1,000000 -101,000000 0,000000 0,000000
536 1675374981 2455,600000 -1,000000 -101,000000 0,000000 0,000000
536 1675374982 2455,600000 -1,000000 -101,000000 0,000000 0,000000
536 1675374983 2455,600000 -1,000000 -101,000000 0,000000 0,000000
536 1675374984 2455,600000 -1,000000 -101,000000 0,000000 0,000000
536 1675375044 4748,600000 -1,000000 4748,600000 4748,600000 4509840,392000
536 1675375043 4748,600000 -1,000000 4748,600000 4748,600000 4509840,392000
536 1675375042 4748,600000 -1,000000 4748,600000 4748,600000 4509840,392000
536 1675375041 4748,600000 -1,000000 4748,600000 4748,600000 4509840,392000
536 1675375040 4748,600000 -1,000000 4748,600000 4748,600000 4509840,392000
536 1675375039 17869,600000 -1,000000 17869,600000 17869,600000 63864520,832000
536 1675375038 17869,600000 -1,000000 17869,600000 17869,600000 63864520,832000
536 1675375037 17869,600000 -1,000000 17869,600000 17869,600000 63864520,832000
536 1675375036 17869,600000 -1,000000 17869,600000 17869,600000 63864520,832000
536 1675375035 17869,600000 -1,000000 17869,600000 17869,600000 63864520,832000
536 1675375034 19304,600000 -1,000000 19304,600000 19304,600000 74533516,232000
536 1675375033 19304,600000 -1,000000 19304,600000 19304,600000 74533516,232000
536 1675375032 19304,600000 -1,000000 19304,600000 19304,600000 74533516,232000
536 1675375031 19304,600000 -1,000000 19304,600000 19304,600000 74533516,232000
536 1675375030 19304,600000 -1,000000 19304,600000 19304,600000 74533516,232000
536 1675375029 5643,600000 -1,000000 5643,600000 5643,600000 6370044,192000
536 1675375028 5643,600000 -1,000000 5643,600000 5643,600000 6370044,192000
536 1675375027 5643,600000 -1,000000 5643,600000 5643,600000 6370044,192000
536 1675375026 5643,600000 -1,000000 5643,600000 5643,600000 6370044,192000
536 1675375025 5643,600000 -1,000000 5643,600000 5643,600000 6370044,192000
536 1675375024 16632,400000 -1,000000 16632,400000 16632,400000 55327345,952000
536 1675375023 16632,400000 -1,000000 16632,400000 16632,400000 55327345,952000
536 1675375022 16632,400000 -1,000000 16632,400000 16632,400000 55327345,952000
536 1675375021 16632,400000 -1,000000 16632,400000 16632,400000 55327345,952000
536 1675375020 16632,400000 -1,000000 16632,400000 16632,400000 55327345,952000
536 1675375019 20495,400000 -1,000000 20495,400000 20495,400000 84012284,232000
536 1675375018 20495,400000 -1,000000 20495,400000 20495,400000 84012284,232000
536 1675375017 20495,400000 -1,000000 20495,400000 20495,400000 84012284,232000
536 1675375016 20495,400000 -1,000000 20495,400000 20495,400000 84012284,232000
536 1675375015 20495,400000 -1,000000 20495,400000 20495,400000 84012284,232000
536 1675375014 14434,200000 -1,000000 14434,200000 14434,200000 41669225,928000
536 1675375013 14434,200000 -1,000000 14434,200000 14434,200000 41669225,928000
536 1675375012 14434,200000 -1,000000 14434,200000 14434,200000 41669225,928000
536 1675375011 14434,200000 -1,000000 14434,200000 14434,200000 41669225,928000
536 1675375010 14434,200000 -1,000000 14434,200000 14434,200000 41669225,928000
536 1675375009 9543,600000 -1,000000 9543,600000 9543,600000 18216060,192000
536 1675375008 9543,600000 -1,000000 9543,600000 9543,600000 18216060,192000
536 1675375007 9543,600000 -1,000000 9543,600000 9543,600000 18216060,192000
536 1675375006 9543,600000 -1,000000 9543,600000 9543,600000 18216060,192000
536 1675375005 9543,600000 -1,000000 9543,600000 9543,600000 18216060,192000
536 1675375004 7456,800000 -1,000000 7456,800000 7456,800000 11120773,248000
536 1675375003 7456,800000 -1,000000 7456,800000 7456,800000 11120773,248000
536 1675375002 7456,800000 -1,000000 7456,800000 7456,800000 11120773,248000
536 1675375001 7456,800000 -1,000000 7456,800000 7456,800000 11120773,248000
536 1675375000 7456,800000 -1,000000 7456,800000 7456,800000 11120773,248000
536 1675374999 2344,800000 -1,000000 2344,800000 2344,800000 1099617,408000
536 1675374998 2344,800000 -1,000000 2344,800000 2344,800000 1099617,408000
536 1675374997 2344,800000 -1,000000 2344,800000 2344,800000 1099617,408000
536 1675374996 2344,800000 -1,000000 2344,800000 2344,800000 1099617,408000
536 1675374995 2344,800000 -1,000000 2344,800000 2344,800000 1099617,408000
536 1675374994 6331,400000 -1,000000 6331,400000 6331,400000 8017325,192000
536 1675374993 6331,400000 -1,000000 6331,400000 6331,400000 8017325,192000
536 1675374992 6331,400000 -1,000000 6331,400000 6331,400000 8017325,192000
536 1675374991 6331,400000 -1,000000 6331,400000 6331,400000 8017325,192000
536 1675374990 6331,400000 -1,000000 6331,400000 6331,400000 8017325,192000
536 1675374989 19187,000000 -1,000000 19187,000000 19187,000000 73628193,800000
536 1675374988 19187,000000 -1,000000 19187,000000 19187,000000 73628193,800000
536 1675374987 19187,000000 -1,000000 19187,000000 19187,000000 73628193,800000
536 1675374986 19187,000000 -1,000000 19187,000000 19187,000000 73628193,800000
536 1675374985 19187,000000 -1,000000 19187,000000 19187,000000 73628193,800000
536 1675374985 19187,000000 -1,000000 -101,000000 0,000000 0,000000
536 1675374986 19187,000000 -1,000000 -101,000000 0,000000 0,000000
536 1675374987 19187,000000 -1,000000 -101,000000 0,000000 0,000000
536 1675374988 19187,000000 -1,000000 -101,000000 0,000000 0,000000
536 1675374989 19187,000000 -1,000000 -101,000000 0,000000 0,000000
536 1675374990 6331,400000 -1,000000 -101,000000 0,000000 0,000000
536 1675374991 6331,400000 -1,000000 -101,000000 0,000000 0,000000
536 1675374992 6331,400000 -1,000000 -101,000000 0,000000 0,000000
536 1675374993 6331,400000 -1,000000 -101,000000 0,000000 0,000000
536 1675374994 6331,400000 -1,000000 -101,000000 0,000000 0,000000
536 1675374995 2344,800000 -1,000000 -101,000000 0,000000 0,000000
536 1675374996 2344,800000 -1,000000 -101,000000 0,000000 0,000000
536 1675374997 2344,800000 -1,000000 -101,000000 0,000000 0,000000
536 1675374998 2344,800000 -1,000000 -101,000000 0,000000 0,000000
536 1675374999 2344,800000 -1,000000 -101,000000 0,000000 0,000000
536 1675375000 7456,800000 -1,000000 -101,000000 0,000000 0,000000
536 1675375001 7456,800000 -1,000000 -101,000000 0,000000 0,000000
536 1675375002 7456,800000 -1,000000 -101,000000 0,000000 0,000000
536 1675375003 7456,800000 -1,000000 -101,000000 0,000000 0,000000
536 1675375004 7456,800000 -1,000000 -101,000000 0,000000 0,000000
536 1675375005 9543,600000 -1,000000 -101,000000 0,000000 0,000000
536 1675375006 9543,600000 -1,000000 -101,000000 0,000000 0,000000
536 1675375007 9543,600000 -1,000000 -101,000000 0,000000 0,000000
536 1675375008 9543,600000 -1,000000 -101,000000 0,000000 0,000000
536 1675375009 9543,600000 -1,000000 -101,000000 0,000000 0,000000
536 1675375010 14434,200000 -1,000000 -101,000000 0,000000 0,000000
536 1675375011 14434,200000 -1,000000 -101,000000 0,000000 0,000000
536 1675375012 14434,200000 -1,000000 -101,000000 0,000000 0,000000
536 1675375013 14434,200000 -1,000000 -101,000000 0,000000 0,000000
536 1675375014 14434,200000 -1,000000 -101,000000 0,000000 0,000000
536 1675375015 20495,400000 -1,000000 -101,000000 0,000000 0,000000
536 1675375016 20495,400000 -1,000000 -101,000000 0,000000 0,000000
536 1675375017 20495,400000 -1,000000 -101,000000 0,000000 0,000000
536 1675375018 20495,400000 -1,000000 -101,000000 0,000000 0,000000
536 1675375019 20495,400000 -1,000000 -101,000000 0,000000 0,000000
536 1675375020 16632,400000 -1,000000 -101,000000 0,000000 0,000000
536 1675375021 16632,400000 -1,000000 -101,000000 0,000000 0,000000
536 1675375022 16632,400000 -1,000000 -101,000000 0,000000 0,000000
536 1675375023 16632,400000 -1,000000 -101,000000 0,000000 0,000000
536 1675375024 16632,400000 -1,000000 -101,000000 0,000000 0,000000
536 1675375025 5643,600000 -1,000000 -101,000000 0,000000 0,000000
536 1675375026 5643,600000 -1,000000 -101,000000 0,000000 0,000000
536 1675375027 5643,600000 -1,000000 -101,000000 0,000000 0,000000
536 1675375028 5643,600000 -1,000000 -101,000000 0,000000 0,000000
536 1675375029 5643,600000 -1,000000 -101,000000 0,000000 0,000000
536 1675375030 19304,600000 -1,000000 -101,000000 0,000000 0,000000
536 1675375031 19304,600000 -1,000000 -101,000000 0,000000 0,000000
536 1675375032 19304,600000 -1,000000 -101,000000 0,000000 0,000000
536 1675375033 19304,600000 -1,000000 -101,000000 0,000000 0,000000
536 1675375034 19304,600000 -1,000000 -101,000000 0,000000 0,000000
536 1675375035 17869,600000 -1,000000 -101,000000 0,000000 0,000000
536 1675375036 17869,600000 -1,000000 -101,000000 0,000000 0,000000
536 1675375037 17869,600000 -1,000000 -101,000000 0,000000 0,000000
536 1675375038 17869,600000 -1,000000 -101,000000 0,000000 0,000000
536 1675375039 17869,600000 -1,000000 -101,000000 0,000000 0,000000
536 1675375040 4748,600000 -1,000000 -101,000000 0,000000 0,000000
536 1675375041 4748,600000 -1,000000 -101,000000 0,000000 0,000000
536 1675375042 4748,600000 -1,000000 -101,000000 0,000000 0,000000
536 1675375043 4748,600000 -1,000000 -101,000000 0,000000 0,000000
536 1675375044 4748,600000 -1,000000 -101,000000 0,000000 0,000000
536 1675375045 32081,400000 -1,000000 -101,000000 0,000000 0,000000
536 1675375046 32081,400000 -1,000000 -101,000000 0,000000 0,000000
536 1675375047 32081,400000 -1,000000 -101,000000 0,000000 0,000000
536 1675375048 32081,400000 -1,000000 -101,000000 0,000000 0,000000
536 1675375049 32081,400000 -1,000000 -101,000000 0,000000 0,000000
536 1675375050 3746,000000 -1,000000 -101,000000 0,000000 0,000000
536 1675375051 3746,000000 -1,000000 -101,000000 0,000000 0,000000
536 1675375052 3746,000000 -1,000000 -101,000000 0,000000 0,000000
536 1675375053 3746,000000 -1,000000 -101,000000 0,000000 0,000000
536 1675375054 3746,000000 -1,000000 -101,000000 0,000000 0,000000
536 1675375055 1318,600000 -1,000000 -101,000000 0,000000 0,000000
536 1675375056 1318,600000 -1,000000 -101,000000 0,000000 0,000000
536 1675375057 1318,600000 -1,000000 -101,000000 0,000000 0,000000
536 1675375058 1318,600000 -1,000000 -101,000000 0,000000 0,000000
536 1675375059 1318,600000 -1,000000 -101,000000 0,000000 0,000000
536 1675375060 1679,400000 -1,000000 -101,000000 0,000000 0,000000
536 1675375061 1679,400000 -1,000000 -101,000000 0,000000 0,000000
536 1675375062 1679,400000 -1,000000 -101,000000 0,000000 0,000000
536 1675375063 1679,400000 -1,000000 -101,000000 0,000000 0,000000
536 1675375064 1679,400000 -1,000000 -101,000000 0,000000 0,000000
536 1675375065 2381,600000 -1,000000 -101,000000 0,000000 0,000000
536 1675375066 2381,600000 -1,000000 -101,000000 0,000000 0,000000
536 1675375067 2381,600000 -1,000000 -101,000000 0,000000 0,000000
536 1675375068 2381,600000 -1,000000 -101,000000 0,000000 0,000000
536 1675375069 2381,600000 -1,000000 -101,000000 0,000000 0,000000
536 1675375070 18994,600000 -1,000000 -101,000000 0,000000 0,000000
536 1675375071 18994,600000 -1,000000 -101,000000 0,000000 0,000000
536 1675375072 18994,600000 -1,000000 -101,000000 0,000000 0,000000
536 1675375073 18994,600000 -1,000000 -101,000000 0,000000 0,000000
536 1675375074 18994,600000 -1,000000 -101,000000 0,000000 0,000000
536 1675375075 6858,200000 -1,000000 -101,000000 0,000000 0,000000
536 1675375076 6858,200000 -1,000000 -101,000000 0,000000 0,000000
536 1675375077 6858,200000 -1,000000 -101,000000 0,000000 0,000000
536 1675375078 6858,200000 -1,000000 -101,000000 0,000000 0,000000
536 1675375079 6858,200000 -1,000000 -101,000000 0,000000 0,000000
536 1675375080 9355,800000 -1,000000 -101,000000 0,000000 0,000000
536 1675375081 9355,800000 -1,000000 -101,000000 0,000000 0,000000
536 1675375082 9355,800000 -1,000000 -101,000000 0,000000 0,000000
536 1675375083 9355,800000 -1,000000 -101,000000 0,000000 0,000000
536 1675375084 9355,800000 -1,000000 -101,000000 0,000000 0,000000
536 1675375085 3103,000000 -1,000000 -101,000000 0,000000 0,000000
536 1675375086 3103,000000 -1,000000 -101,000000 0,000000 0,000000
536 1675375087 3103,000000 -1,000000 -101,000000 0,000000 0,000000
536 1675375088 3103,000000 -1,000000 -101,000000 0,000000 0,000000
536 1675375089 3103,000000 -1,000000 -101,000000 0,000000 0,000000
536 1675375090 4968,000000 -1,000000 -101,000000 0,000000 0,000000
536 1675375091 4968,000000 -1,000000 -101,000000 0,000000 0,000000
536 1675375092 4968,000000 -1,000000 -101,000000 0,000000 0,000000
536 1675375093 4968,000000 -1,000000 -101,000000 0,000000 0,000000
536 1675375094 4968,000000 -1,000000 -101,000000 0,000000 0,000000
536 1675375095 1922,400000 -1,000000 -101,000000 0,000000 0,000000
536 1675375096 1922,400000 -1,000000 -101,000000 0,000000 0,000000
536 1675375097 1922,400000 -1,000000 -101,000000 0,000000 0,000000
536 1675375098 1922,400000 -1,000000 -101,000000 0,000000 0,000000
536 1675375099 1922,400000 -1,000000 -101,000000 0,000000 0,000000
536 1675375100 3579,200000 -1,000000 -101,000000 0,000000 0,000000
536 1675375101 3579,200000 -1,000000 -101,000000 0,000000 0,000000
536 1675375102 3579,200000 -1,000000 -101,000000 0,000000 0,000000
536 1675375103 3579,200000 -1,000000 -101,000000 0,000000 0,000000
536 1675375104 3579,200000 -1,000000 -101,000000 0,000000 0,000000
536 1675375105 15723,000000 -1,000000 -101,000000 0,000000 0,000000
536 1675375106 15723,000000 -1,000000 -101,000000 0,000000 0,000000
536 1675375107 15723,000000 -1,000000 -101,000000 0,000000 0,000000
536 1675375108 15723,000000 -1,000000 -101,000000 0,000000 0,000000
536 1675375109 15723,000000 -1,000000 -101,000000 0,000000 0,000000
536 1675375110 19833,200000 -1,000000 -101,000000 0,000000 0,000000
536 1675375111 19833,200000 -1,000000 -101,000000 0,000000 0,000000
536 1675375112 19833,200000 -1,000000 -101,000000 0,000000 0,000000
536 1675375113 19833,200000 -1,000000 -101,000000 0,000000 0,000000
536 1675375114 19833,200000 -1,000000 -101,000000 0,000000 0,000000
536 1675375115 21051,400000 -1,000000 -101,000000 0,000000 0,000000
536 1675375116 21051,400000 -1,000000 -101,000000 0,000000 0,000000
536 1675375117 21051,400000 -1,000000 -101,000000 0,000000 0,000000
536 1675375118 21051,400000 -1,000000 -101,000000 0,000000 0,000000
536 1675375119 21051,400000 -1,000000 -101,000000 0,000000 0,000000
536 1675375120 15637,200000 -1,000000 -101,000000 0,000000 0,000000
536 1675375121 15637,200000 -1,000000 -101,000000 0,000000 0,000000
536 1675375122 15637,200000 -1,000000 -101,000000 0,000000 0,000000
536 1675375123 15637,200000 -1,000000 -101,000000 0,000000 0,000000
536 1675375124 15637,200000 -1,000000 -101,000000 0,000000 0,000000
536 1675375125 3250,400000 -1,000000 -101,000000 0,000000 0,000000
536 1675375126 3250,400000 -1,000000 -101,000000 0,000000 0,000000
536 1675375127 3250,400000 -1,000000 -101,000000 0,000000 0,000000
536 1675375128 3250,400000 -1,000000 -101,000000 0,000000 0,000000
536 1675375129 3250,400000 -1,000000 -101,000000 0,000000 0,000000
536 1675375130 17492,400000 -1,000000 -101,000000 0,000000 0,000000
536 1675375131 17492,400000 -1,000000 -101,000000 0,000000 0,000000
536 1675375132 17492,400000 -1,000000 -101,000000 0,000000 0,000000
536 1675375133 17492,400000 -1,000000 -101,000000 0,000000 0,000000
536 1675375134 17492,400000 -1,000000 -101,000000 0,000000 0,000000
536 1675375135 35137,200000 -1,000000 -101,000000 0,000000 0,000000
536 1675375136 35137,200000 -1,000000 -101,000000 0,000000 0,000000
536 1675375137 35137,200000 -1,000000 -101,000000 0,000000 0,000000
536 1675375138 35137,200000 -1,000000 -101,000000 0,000000 0,000000
536 1675375139 35137,200000 -1,000000 -101,000000 0,000000 0,000000
536 1675375140 5075,200000 -1,000000 -101,000000 0,000000 0,000000
536 1675375141 5075,200000 -1,000000 -101,000000 0,000000 0,000000
536 1675375142 5075,200000 -1,000000 -101,000000 0,000000 0,000000
536 1675375143 5075,200000 -1,000000 -101,000000 0,000000 0,000000
536 1675375144 5075,200000 -1,000000 -101,000000 0,000000 0,000000
536 1675375145 3137,800000 -1,000000 -101,000000 0,000000 0,000000
536 1675375146 3137,800000 -1,000000 -101,000000 0,000000 0,000000
536 1675375147 3137,800000 -1,000000 -101,000000 0,000000 0,000000
536 1675375148 3137,800000 -1,000000 -101,000000 0,000000 0,000000
536 1675375149 3137,800000 -1,000000 -101,000000 0,000000 0,000000
536 1675375150 7192,400000 -1,000000 -101,000000 0,000000 0,000000
536 1675375151 7192,400000 -1,000000 -101,000000 0,000000 0,000000
536 1675375152 7192,400000 -1,000000 -101,000000 0,000000 0,000000
536 1675375153 7192,400000 -1,000000 -101,000000 0,000000 0,000000
536 1675375154 7192,400000 -1,000000 -101,000000 0,000000 0,000000
536 1675375155 5170,000000 -1,000000 -101,000000 0,000000 0,000000
536 1675375156 5170,000000 -1,000000 -101,000000 0,000000 0,000000
536 1675375157 5170,000000 -1,000000 -101,000000 0,000000 0,000000
536 1675375158 5170,000000 -1,000000 -101,000000 0,000000 0,000000
536 1675375159 5170,000000 -1,000000 -101,000000 0,000000 0,000000
536 1675375160 1487,600000 -1,000000 -101,000000 0,000000 0,000000
536 1675375161 1487,600000 -1,000000 -101,000000 0,000000 0,000000
536 1675375162 1487,600000 -1,000000 -101,000000 0,000000 0,000000
536 1675375163 1487,600000 -1,000000 -101,000000 0,000000 0,000000
536 1675375164 1487,600000 -1,000000 -101,000000 0,000000 0,000000
536 1675375165 4282,000000 -1,000000 -101,000000 0,000000 0,000000
536 1675375166 4282,000000 -1,000000 -101,000000 0,000000 0,000000
536 1675375167 4282,000000 -1,000000 -101,000000 0,000000 0,000000
536 1675375168 4282,000000 -1,000000 -101,000000 0,000000 0,000000
536 1675375169 4282,000000 -1,000000 -101,000000 0,000000 0,000000
536 1675375170 34600,000000 -1,000000 -101,000000 0,000000 0,000000
536 1675375171 34600,000000 -1,000000 -101,000000 0,000000 0,000000
536 1675375172 34600,000000 -1,000000 -101,000000 0,000000 0,000000
536 1675375173 34600,000000 -1,000000 -101,000000 0,000000 0,000000
536 1675375174 34600,000000 -1,000000 -101,000000 0,000000 0,000000
536 1675375175 3149,200000 -1,000000 -101,000000 0,000000 0,000000
536 1675375176 3149,200000 -1,000000 -101,000000 0,000000 0,000000
536 1675375177 3149,200000 -1,000000 -101,000000 0,000000 0,000000
536 1675375178 3149,200000 -1,000000 -101,000000 0,000000 0,000000
536 1675375179 3149,200000 -1,000000 -101,000000 0,000000 0,000000
536 1675375180 774,800000 -1,000000 -101,000000 0,000000 0,000000
536 1675375181 774,800000 -1,000000 -101,000000 0,000000 0,000000
536 1675375182 774,800000 -1,000000 -101,000000 0,000000 0,000000
536 1675375183 774,800000 -1,000000 -101,000000 0,000000 0,000000
536 1675375184 774,800000 -1,000000 -101,000000 0,000000 0,000000
536 1675375185 598,800000 -1,000000 -101,000000 0,000000 0,000000
536 1675375186 598,800000 -1,000000 -101,000000 0,000000 0,000000
536 1675375187 598,800000 -1,000000 -101,000000 0,000000 0,000000
536 1675375188 598,800000 -1,000000 -101,000000 0,000000 0,000000
536 1675375189 598,800000 -1,000000 -101,000000 0,000000 0,000000
536 1675375190 817,200000 -1,000000 -101,000000 0,000000 0,000000
536 1675375191 817,200000 -1,000000 -101,000000 0,000000 0,000000
536 1675375192 817,200000 -1,000000 -101,000000 0,000000 0,000000
536 1675375193 817,200000 -1,000000 -101,000000 0,000000 0,000000
536 1675375194 817,200000 -1,000000 -101,000000 0,000000 0,000000
536 1675375195 12041,600000 -1,000000 -101,000000 0,000000 0,000000
536 1675375196 12041,600000 -1,000000 -101,000000 0,000000 0,000000
536 1675375197 12041,600000 -1,000000 -101,000000 0,000000 0,000000
536 1675375198 12041,600000 -1,000000 -101,000000 0,000000 0,000000
536 1675375199 12041,600000 -1,000000 -101,000000 0,000000 0,000000
536 1675375200 3809,000000 -1,000000 -101,000000 0,000000 0,000000
536 1675375201 3809,000000 -1,000000 -101,000000 0,000000 0,000000
536 1675375202 3809,000000 -1,000000 -101,000000 0,000000 0,000000
536 1675375203 3809,000000 -1,000000 -101,000000 0,000000 0,000000
536 1675375204 3809,000000 -1,000000 -101,000000 0,000000 0,000000
536 1675375205 5795,800000 -1,000000 -101,000000 0,000000 0,000000
536 1675375206 5795,800000 -1,000000 -101,000000 0,000000 0,000000
536 1675375207 5795,800000 -1,000000 -101,000000 0,000000 0,000000
536 1675375208 5795,800000 -1,000000 -101,000000 0,000000 0,000000
536 1675375209 5795,800000 -1,000000 -101,000000 0,000000 0,000000
536 1675375210 8222,400000 -1,000000 -101,000000 0,000000 0,000000
536 1675375211 8222,400000 -1,000000 -101,000000 0,000000 0,000000
536 1675375212 8222,400000 -1,000000 -101,000000 0,000000 0,000000
536 1675375213 8222,400000 -1,000000 -101,000000 0,000000 0,000000
536 1675375214 8222,400000 -1,000000 -101,000000 0,000000 0,000000
536 1675375215 18745,200000 -1,000000 -101,000000 0,000000 0,000000
536 1675375216 18745,200000 -1,000000 -101,000000 0,000000 0,000000
536 1675375217 18745,200000 -1,000000 -101,000000 0,000000 0,000000
536 1675375218 18745,200000 -1,000000 -101,000000 0,000000 0,000000
536 1675375219 18745,200000 -1,000000 -101,000000 0,000000 0,000000
536 1675375220 15434,400000 -1,000000 -101,000000 0,000000 0,000000
536 1675375221 15434,400000 -1,000000 -101,000000 0,000000 0,000000
536 1675375222 15434,400000 -1,000000 -101,000000 0,000000 0,000000
536 1675375223 15434,400000 -1,000000 -101,000000 0,000000 0,000000
536 1675375224 15434,400000 -1,000000 -101,000000 0,000000 0,000000
536 1675375225 7400,800000 -1,000000 -101,000000 0,000000 0,000000
536 1675375226 7400,800000 -1,000000 -101,000000 0,000000 0,000000
536 1675375227 7400,800000 -1,000000 -101,000000 0,000000 0,000000
536 1675375228 7400,800000 -1,000000 -101,000000 0,000000 0,000000
536 1675375229 7400,800000 -1,000000 -101,000000 0,000000 0,000000
536 1675375230 48986,000000 -1,000000 -101,000000 0,000000 0,000000
536 1675375231 48986,000000 -1,000000 -101,000000 0,000000 0,000000
536 1675375232 48986,000000 -1,000000 -101,000000 0,000000 0,000000
536 1675375233 48986,000000 -1,000000 -101,000000 0,000000 0,000000
536 1675375234 48986,000000 -1,000000 -101,000000 0,000000 0,000000
536 1675375235 18070,600000 -1,000000 -101,000000 0,000000 0,000000
536 1675375236 18070,600000 -1,000000 -101,000000 0,000000 0,000000
536 1675375237 18070,600000 -1,000000 -101,000000 0,000000 0,000000
536 1675375238 18070,600000 -1,000000 -101,000000 0,000000 0,000000
536 1675375239 18070,600000 -1,000000 -101,000000 0,000000 0,000000
536 1675375240 6039,400000 -1,000000 -101,000000 0,000000 0,000000
536 1675375241 6039,400000 -1,000000 -101,000000 0,000000 0,000000
536 1675375242 6039,400000 -1,000000 -101,000000 0,000000 0,000000
536 1675375243 6039,400000 -1,000000 -101,000000 0,000000 0,000000
536 1675375244 6039,400000 -1,000000 -101,000000 0,000000 0,000000
536 1675375245 12837,600000 -1,000000 -101,000000 0,000000 0,000000
536 1675375246 12837,600000 -1,000000 -101,000000 0,000000 0,000000
536 1675375247 12837,600000 -1,000000 -101,000000 0,000000 0,000000
536 1675375248 12837,600000 -1,000000 -101,000000 0,000000 0,000000
536 1675375249 12837,600000 -1,000000 -101,000000 0,000000 0,000000
536 1675375250 2851,600000 -1,000000 -101,000000 0,000000 0,000000
536 1675375251 2851,600000 -1,000000 -101,000000 0,000000 0,000000
536 1675375252 2851,600000 -1,000000 -101,000000 0,000000 0,000000
536 1675375253 2851,600000 -1,000000 -101,000000 0,000000 0,000000
536 1675375254 2851,600000 -1,000000 -101,000000 0,000000 0,000000
536 1675375255 774,400000 -1,000000 -101,000000 0,000000 0,000000
536 1675375256 774,400000 -1,000000 -101,000000 0,000000 0,000000
536 1675375257 774,400000 -1,000000 -101,000000 0,000000 0,000000
536 1675375258 774,400000 -1,000000 -101,000000 0,000000 0,000000
536 1675375259 774,400000 -1,000000 -101,000000 0,000000 0,000000
536 1675375260 16096,000000 -1,000000 -101,000000 0,000000 0,000000
536 1675375261 16096,000000 -1,000000 -101,000000 0,000000 0,000000
536 1675375262 16096,000000 -1,000000 -101,000000 0,000000 0,000000
536 1675375263 16096,000000 -1,000000 -101,000000 0,000000 0,000000
536 1675375264 16096,000000 -1,000000 -101,000000 0,000000 0,000000
536 1675375265 3210,000000 -1,000000 -101,000000 0,000000 0,000000
536 1675375266 3210,000000 -1,000000 -101,000000 0,000000 0,000000
536 1675375267 3210,000000 -1,000000 -101,000000 0,000000 0,000000
536 1675375268 3210,000000 -1,000000 -101,000000 0,000000 0,000000
536 1675375269 3210,000000 -1,000000 -101,000000 0,000000 0,000000
536 1675375270 3609,000000 -1,000000 -101,000000 0,000000 0,000000
536 1675375271 3609,000000 -1,000000 -101,000000 0,000000 0,000000
536 1675375272 3609,000000 -1,000000 -101,000000 0,000000 0,000000
536 1675375273 3609,000000 -1,000000 -101,000000 0,000000 0,000000
536 1675375274 3609,000000 -1,000000 -101,000000 0,000000 0,000000
536 1675375275 3892,200000 -1,000000 -101,000000 0,000000 0,000000
536 1675375276 3892,200000 -1,000000 -101,000000 0,000000 0,000000
536 1675375277 3892,200000 -1,000000 -101,000000 0,000000 0,000000
536 1675375278 3892,200000 -1,000000 -101,000000 0,000000 0,000000
536 1675375279 3892,200000 -1,000000 -101,000000 0,000000 0,000000
536 1675375280 4018,400000 -1,000000 -101,000000 0,000000 0,000000
536 1675375281 4018,400000 -1,000000 -101,000000 0,000000 0,000000
536 1675375282 4018,400000 -1,000000 -101,000000 0,000000 0,000000
536 1675375283 4018,400000 -1,000000 -101,000000 0,000000 0,000000
536 1675375284 4018,400000 -1,000000 -101,000000 0,000000 0,000000
536 1675375285 7601,200000 -1,000000 -101,000000 0,000000 0,000000
536 1675375286 7601,200000 -1,000000 -101,000000 0,000000 0,000000
536 1675375287 7601,200000 -1,000000 -101,000000 0,000000 0,000000
536 1675375288 7601,200000 -1,000000 -101,000000 0,000000 0,000000
536 1675375289 7601,200000 -1,000000 -101,000000 0,000000 0,000000
536 1675375290 14508,200000 -1,000000 -101,000000 0,000000 0,000000
536 1675375291 14508,200000 -1,000000 -101,000000 0,000000 0,000000
536 1675375292 14508,200000 -1,000000 -101,000000 0,000000 0,000000
536 1675375293 14508,200000 -1,000000 -101,000000 0,000000 0,000000
536 1675375294 14508,200000 -1,000000 -101,000000 0,000000 0,000000
536 1675375295 2163,400000 -1,000000 -101,000000 0,000000 0,000000
536 1675375296 2163,400000 -1,000000 -101,000000 0,000000 0,000000
536 1675375297 2163,400000 -1,000000 -101,000000 0,000000 0,000000
536 1675375298 2163,400000 -1,000000 -101,000000 0,000000 0,000000
536 1675375299 2163,400000 -1,000000 -101,000000 0,000000 0,000000
536 1675375300 5315,800000 -1,000000 -101,000000 0,000000 0,000000
536 1675375301 5315,800000 -1,000000 -101,000000 0,000000 0,000000
536 1675375302 5315,800000 -1,000000 -101,000000 0,000000 0,000000
536 1675375303 5315,800000 -1,000000 -101,000000 0,000000 0,000000
536 1675375304 5315,800000 -1,000000 -101,000000 0,000000 0,000000
536 1675375305 5193,800000 -1,000000 -101,000000 0,000000 0,000000
536 1675375306 5193,800000 -1,000000 -101,000000 0,000000 0,000000
536 1675375307 5193,800000 -1,000000 -101,000000 0,000000 0,000000
536 1675375308 5193,800000 -1,000000 -101,000000 0,000000 0,000000
536 1675375309 5193,800000 -1,000000 -101,000000 0,000000 0,000000
536 1675375310 292,000000 -1,000000 -101,000000 0,000000 0,000000
536 1675375311 292,000000 -1,000000 -101,000000 0,000000 0,000000
536 1675375312 292,000000 -1,000000 -101,000000 0,000000 0,000000
536 1675375313 292,000000 -1,000000 -101,000000 0,000000 0,000000
536 1675375314 292,000000 -1,000000 -101,000000 0,000000 0,000000
536 1675375315 18343,800000 -1,000000 -101,000000 0,000000 0,000000
536 1675375316 18343,800000 -1,000000 -101,000000 0,000000 0,000000
536 1675375317 18343,800000 -1,000000 -101,000000 0,000000 0,000000
536 1675375318 18343,800000 -1,000000 -101,000000 0,000000 0,000000
536 1675375319 18343,800000 -1,000000 -101,000000 0,000000 0,000000
536 1675375320 14589,400000 -1,000000 -101,000000 0,000000 0,000000
536 1675375321 14589,400000 -1,000000 -101,000000 0,000000 0,000000
536 1675375322 14589,400000 -1,000000 -101,000000 0,000000 0,000000
536 1675375323 14589,400000 -1,000000 -101,000000 0,000000 0,000000
536 1675375324 14589,400000 -1,000000 -101,000000 0,000000 0,000000
536 1675375325 5774,000000 -1,000000 -101,000000 0,000000 0,000000
536 1675375326 5774,000000 -1,000000 -101,000000 0,000000 0,000000
536 1675375327 5774,000000 -1,000000 -101,000000 0,000000 0,000000
536 1675375328 5774,000000 -1,000000 -101,000000 0,000000 0,000000
536 1675375329 5774,000000 -1,000000 -101,000000 0,000000 0,000000
536 1675375330 16565,400000 -1,000000 -101,000000 0,000000 0,000000
536 1675375331 16565,400000 -1,000000 -101,000000 0,000000 0,000000
536 1675375332 16565,400000 -1,000000 -101,000000 0,000000 0,000000
536 1675375333 16565,400000 -1,000000 -101,000000 0,000000 0,000000
536 1675375334 16565,400000 -1,000000 -101,000000 0,000000 0,000000
536 1675375335 15731,800000 -1,000000 -101,000000 0,000000 0,000000
536 1675375336 15731,800000 -1,000000 -101,000000 0,000000 0,000000
536 1675375337 15731,800000 -1,000000 -101,000000 0,000000 0,000000
536 1675375338 15731,800000 -1,000000 -101,000000 0,000000 0,000000
536 1675375339 15731,800000 -1,000000 -101,000000 0,000000 0,000000
536 1675375340 2109,000000 -1,000000 -101,000000 0,000000 0,000000
536 1675375341 2109,000000 -1,000000 -101,000000 0,000000 0,000000
536 1675375342 2109,000000 -1,000000 -101,000000 0,000000 0,000000
536 1675375343 2109,000000 -1,000000 -101,000000 0,000000 0,000000
536 1675375344 2109,000000 -1,000000 -101,000000 0,000000 0,000000
536 1675375345 2280,000000 -1,000000 -101,000000 0,000000 0,000000
536 1675375346 2280,000000 -1,000000 -101,000000 0,000000 0,000000
536 1675375347 2280,000000 -1,000000 -101,000000 0,000000 0,000000
536 1675375348 2280,000000 -1,000000 -101,000000 0,000000 0,000000
536 1675375349 2280,000000 -1,000000 -101,000000 0,000000 0,000000
536 1675375350 4291,400000 -1,000000 -101,000000 0,000000 0,000000
536 1675375351 4291,400000 -1,000000 -101,000000 0,000000 0,000000
536 1675375352 4291,400000 -1,000000 -101,000000 0,000000 0,000000
536 1675375353 4291,400000 -1,000000 -101,000000 0,000000 0,000000
536 1675375354 4291,400000 -1,000000 -101,000000 0,000000 0,000000
536 1675375355 49338,000000 -1,000000 -101,000000 0,000000 0,000000
536 1675375356 49338,000000 -1,000000 -101,000000 0,000000 0,000000
536 1675375357 49338,000000 -1,000000 -101,000000 0,000000 0,000000
536 1675375358 49338,000000 -1,000000 -101,000000 0,000000 0,000000
536 1675375359 49338,000000 -1,000000 -101,000000 0,000000 0,000000
536 1675375360 7298,800000 -1,000000 -101,000000 0,000000 0,000000
536 1675375361 7298,800000 -1,000000 -101,000000 0,000000 0,000000
536 1675375362 7298,800000 -1,000000 -101,000000 0,000000 0,000000
536 1675375363 7298,800000 -1,000000 -101,000000 0,000000 0,000000
536 1675375364 7298,800000 -1,000000 -101,000000 0,000000 0,000000
536 1675375365 2637,400000 -1,000000 -101,000000 0,000000 0,000000
536 1675375366 2637,400000 -1,000000 -101,000000 0,000000 0,000000
536 1675375367 2637,400000 -1,000000 -101,000000 0,000000 0,000000
536 1675375368 2637,400000 -1,000000 -101,000000 0,000000 0,000000
536 1675375369 2637,400000 -1,000000 -101,000000 0,000000 0,000000
536 1675375370 2165,000000 -1,000000 -101,000000 0,000000 0,000000
536 1675375371 2165,000000 -1,000000 -101,000000 0,000000 0,000000
536 1675375372 2165,000000 -1,000000 -101,000000 0,000000 0,000000
536 1675375373 2165,000000 -1,000000 -101,000000 0,000000 0,000000
536 1675375374 2165,000000 -1,000000 -101,000000 0,000000 0,000000
536 1675375375 3675,400000 -1,000000 -101,000000 0,000000 0,000000
536 1675375376 3675,400000 -1,000000 -101,000000 0,000000 0,000000
536 1675375377 3675,400000 -1,000000 -101,000000 0,000000 0,000000
536 1675375378 3675,400000 -1,000000 -101,000000 0,000000 0,000000
536 1675375379 3675,400000 -1,000000 -101,000000 0,000000 0,000000
536 1675375380 3622,800000 -1,000000 -101,000000 0,000000 0,000000
536 1675375381 3622,800000 -1,000000 -101,000000 0,000000 0,000000
536 1675375382 3622,800000 -1,000000 -101,000000 0,000000 0,000000
536 1675375383 3622,800000 -1,000000 -101,000000 0,000000 0,000000
536 1675375384 3622,800000 -1,000000 -101,000000 0,000000 0,000000
536 1675375385 3543,600000 -1,000000 -101,000000 0,000000 0,000000
536 1675375386 3543,600000 -1,000000 -101,000000 0,000000 0,000000
536 1675375387 3543,600000 -1,000000 -101,000000 0,000000 0,000000
536 1675375388 3543,600000 -1,000000 -101,000000 0,000000 0,000000
536 1675375389 3543,600000 -1,000000 -101,000000 0,000000 0,000000
536 1675375390 7362,800000 -1,000000 -101,000000 0,000000 0,000000
536 1675375391 7362,800000 -1,000000 -101,000000 0,000000 0,000000
536 1675375392 7362,800000 -1,000000 -101,000000 0,000000 0,000000
536 1675375393 7362,800000 -1,000000 -101,000000 0,000000 0,000000
536 1675375394 7362,800000 -1,000000 -101,000000 0,000000 0,000000
536 1675375395 5645,000000 -1,000000 -101,000000 0,000000 0,000000
536 1675375396 5645,000000 -1,000000 -101,000000 0,000000 0,000000
536 1675375397 5645,000000 -1,000000 -101,000000 0,000000 0,000000
536 1675375398 5645,000000 -1,000000 -101,000000 0,000000 0,000000
536 1675375399 5645,000000 -1,000000 -101,000000 0,000000 0,000000
536 1675375400 6689,000000 -1,000000 -101,000000 0,000000 0,000000
536 1675375401 6689,000000 -1,000000 -101,000000 0,000000 0,000000
536 1675375402 6689,000000 -1,000000 -101,000000 0,000000 0,000000
536 1675375403 6689,000000 -1,000000 -101,000000 0,000000 0,000000
536 1675375404 6689,000000 -1,000000 -101,000000 0,000000 0,000000
536 1675375405 2736,200000 -1,000000 -101,000000 0,000000 0,000000
536 1675375406 2736,200000 -1,000000 -101,000000 0,000000 0,000000
536 1675375407 2736,200000 -1,000000 -101,000000 0,000000 0,000000
536 1675375408 2736,200000 -1,000000 -101,000000 0,000000 0,000000
536 1675375409 2736,200000 -1,000000 -101,000000 0,000000 0,000000
536 1675375410 4393,200000 -1,000000 -101,000000 0,000000 0,000000
536 1675375411 4393,200000 -1,000000 -101,000000 0,000000 0,000000
536 1675375412 4393,200000 -1,000000 -101,000000 0,000000 0,000000
536 1675375413 4393,200000 -1,000000 -101,000000 0,000000 0,000000
536 1675375414 4393,200000 -1,000000 -101,000000 0,000000 0,000000
536 1675375415 32697,600000 -1,000000 -101,000000 0,000000 0,000000
536 1675375416 32697,600000 -1,000000 -101,000000 0,000000 0,000000
536 1675375417 32697,600000 -1,000000 -101,000000 0,000000 0,000000
536 1675375418 32697,600000 -1,000000 -101,000000 0,000000 0,000000
536 1675375419 32697,600000 -1,000000 -101,000000 0,000000 0,000000
536 1675375420 11061,000000 -1,000000 -101,000000 0,000000 0,000000
536 1675375421 11061,000000 -1,000000 -101,000000 0,000000 0,000000
536 1675375422 11061,000000 -1,000000 -101,000000 0,000000 0,000000
536 1675375423 11061,000000 -1,000000 -101,000000 0,000000 0,000000
536 1675375424 11061,000000 -1,000000 -101,000000 0,000000 0,000000
536 1675375425 2655,200000 -1,000000 -101,000000 0,000000 0,000000
536 1675375426 2655,200000 -1,000000 -101,000000 0,000000 0,000000
536 1675375427 2655,200000 -1,000000 -101,000000 0,000000 0,000000
536 1675375428 2655,200000 -1,000000 -101,000000 0,000000 0,000000
536 1675375429 2655,200000 -1,000000 -101,000000 0,000000 0,000000
536 1675375430 18501,000000 -1,000000 -101,000000 0,000000 0,000000
536 1675375431 18501,000000 -1,000000 -101,000000 0,000000 0,000000
536 1675375432 18501,000000 -1,000000 -101,000000 0,000000 0,000000
536 1675375433 18501,000000 -1,000000 -101,000000 0,000000 0,000000
536 1675375434 18501,000000 -1,000000 -101,000000 0,000000 0,000000
536 1675375435 18417,800000 -1,000000 -101,000000 0,000000 0,000000
536 1675375436 18417,800000 -1,000000 -101,000000 0,000000 0,000000
536 1675375437 18417,800000 -1,000000 -101,000000 0,000000 0,000000
536 1675375438 18417,800000 -1,000000 -101,000000 0,000000 0,000000
536 1675375439 18417,800000 -1,000000 -101,000000 0,000000 0,000000
536 1675375440 3899,800000 -1,000000 -101,000000 0,000000 0,000000
536 1675375441 3899,800000 -1,000000 -101,000000 0,000000 0,000000
536 1675375442 3899,800000 -1,000000 -101,000000 0,000000 0,000000
536 1675375443 3899,800000 -1,000000 -101,000000 0,000000 0,000000
536 1675375444 3899,800000 -1,000000 -101,000000 0,000000 0,000000
536 1675375445 3412,200000 -1,000000 -101,000000 0,000000 0,000000
536 1675375446 3412,200000 -1,000000 -101,000000 0,000000 0,000000
536 1675375447 3412,200000 -1,000000 -101,000000 0,000000 0,000000
536 1675375448 3412,200000 -1,000000 -101,000000 0,000000 0,000000
536 1675375449 3412,200000 -1,000000 -101,000000 0,000000 0,000000
536 1675375450 6372,200000 -1,000000 -101,000000 0,000000 0,000000
536 1675375451 6372,200000 -1,000000 -101,000000 0,000000 0,000000
536 1675375452 6372,200000 -1,000000 -101,000000 0,000000 0,000000
536 1675375453 6372,200000 -1,000000 -101,000000 0,000000 0,000000
536 1675375454 6372,200000 -1,000000 -101,000000 0,000000 0,000000
536 1675375455 8871,000000 -1,000000 -101,000000 0,000000 0,000000
536 1675375456 8871,000000 -1,000000 -101,000000 0,000000 0,000000
536 1675375457 8871,000000 -1,000000 -101,000000 0,000000 0,000000
536 1675375458 8871,000000 -1,000000 -101,000000 0,000000 0,000000
536 1675375459 8871,000000 -1,000000 -101,000000 0,000000 0,000000
536 1675375460 4674,800000 -1,000000 -101,000000 0,000000 0,000000
536 1675375461 4674,800000 -1,000000 -101,000000 0,000000 0,000000
536 1675375462 4674,800000 -1,000000 -101,000000 0,000000 0,000000
536 1675375463 4674,800000 -1,000000 -101,000000 0,000000 0,000000
536 1675375464 4674,800000 -1,000000 -101,000000 0,000000 0,000000
536 1675375465 22362,200000 -1,000000 -101,000000 0,000000 0,000000
536 1675375466 22362,200000 -1,000000 -101,000000 0,000000 0,000000
536 1675375467 22362,200000 -1,000000 -101,000000 0,000000 0,000000
536 1675375468 22362,200000 -1,000000 -101,000000 0,000000 0,000000
536 1675375469 22362,200000 -1,000000 -101,000000 0,000000 0,000000
536 1675375470 2985,600000 -1,000000 -101,000000 0,000000 0,000000
536 1675375471 2985,600000 -1,000000 -101,000000 0,000000 0,000000
536 1675375472 2985,600000 -1,000000 -101,000000 0,000000 0,000000
536 1675375473 2985,600000 -1,000000 -101,000000 0,000000 0,000000
536 1675375474 2985,600000 -1,000000 -101,000000 0,000000 0,000000
536 1675375475 19548,200000 -1,000000 -101,000000 0,000000 0,000000
536 1675375476 19548,200000 -1,000000 -101,000000 0,000000 0,000000
536 1675375477 19548,200000 -1,000000 -101,000000 0,000000 0,000000
536 1675375478 19548,200000 -1,000000 -101,000000 0,000000 0,000000
536 1675375479 19548,200000 -1,000000 -101,000000 0,000000 0,000000
536 1675375480 15185,400000 -1,000000 -101,000000 0,000000 0,000000
536 1675375481 15185,400000 -1,000000 -101,000000 0,000000 0,000000
536 1675375482 15185,400000 -1,000000 -101,000000 0,000000 0,000000
536 1675375483 15185,400000 -1,000000 -101,000000 0,000000 0,000000
536 1675375484 15185,400000 -1,000000 -101,000000 0,000000 0,000000
536 1675375485 1155,200000 -1,000000 -101,000000 0,000000 0,000000
536 1675375486 1155,200000 -1,000000 -101,000000 0,000000 0,000000
536 1675375487 1155,200000 -1,000000 -101,000000 0,000000 0,000000
536 1675375488 1155,200000 -1,000000 -101,000000 0,000000 0,000000
536 1675375489 1155,200000 -1,000000 -101,000000 0,000000 0,000000
536 1675375490 554,600000 -1,000000 -101,000000 0,000000 0,000000
536 1675375491 554,600000 -1,000000 -101,000000 0,000000 0,000000
536 1675375492 554,600000 -1,000000 -101,000000 0,000000 0,000000
536 1675375493 554,600000 -1,000000 -101,000000 0,000000 0,000000
536 1675375494 554,600000 -1,000000 -101,000000 0,000000 0,000000
536 1675375500 1084,200000 -1,000000 -101,000000 0,000000 0,000000
536 1675375501 1084,200000 -1,000000 -101,000000 0,000000 0,000000
536 1675375502 1084,200000 -1,000000 -101,000000 0,000000 0,000000
536 1675375503 1084,200000 -1,000000 -101,000000 0,000000 0,000000
536 1675375504 1084,200000 -1,000000 -101,000000 0,000000 0,000000
536 1675375505 2167,000000 -1,000000 -101,000000 0,000000 0,000000
536 1675375506 2167,000000 -1,000000 -101,000000 0,000000 0,000000
536 1675375507 2167,000000 -1,000000 -101,000000 0,000000 0,000000
536 1675375508 2167,000000 -1,000000 -101,000000 0,000000 0,000000
536 1675375509 2167,000000 -1,000000 -101,000000 0,000000 0,000000
536 1675375510 8377,400000 -1,000000 -101,000000 0,000000 0,000000
536 1675375511 8377,400000 -1,000000 -101,000000 0,000000 0,000000
536 1675375512 8377,400000 -1,000000 -101,000000 0,000000 0,000000
536 1675375513 8377,400000 -1,000000 -101,000000 0,000000 0,000000
536 1675375514 8377,400000 -1,000000 -101,000000 0,000000 0,000000
536 1675375515 22173,600000 -1,000000 -101,000000 0,000000 0,000000
536 1675375516 22173,600000 -1,000000 -101,000000 0,000000 0,000000
536 1675375517 22173,600000 -1,000000 -101,000000 0,000000 0,000000
536 1675375518 22173,600000 -1,000000 -101,000000 0,000000 0,000000
536 1675375519 22173,600000 -1,000000 -101,000000 0,000000 0,000000
536 1675375520 18409,800000 -1,000000 -101,000000 0,000000 0,000000
536 1675375521 18409,800000 -1,000000 -101,000000 0,000000 0,000000
536 1675375522 18409,800000 -1,000000 -101,000000 0,000000 0,000000
536 1675375523 18409,800000 -1,000000 -101,000000 0,000000 0,000000
536 1675375524 18409,800000 -1,000000 -101,000000 0,000000 0,000000
536 1675375525 6065,800000 -1,000000 -101,000000 0,000000 0,000000
536 1675375526 6065,800000 -1,000000 -101,000000 0,000000 0,000000
536 1675375527 6065,800000 -1,000000 -101,000000 0,000000 0,000000
536 1675375528 6065,800000 -1,000000 -101,000000 0,000000 0,000000
536 1675375529 6065,800000 -1,000000 -101,000000 0,000000 0,000000
536 1675375530 23121,000000 -1,000000 -101,000000 0,000000 0,000000
536 1675375531 23121,000000 -1,000000 -101,000000 0,000000 0,000000
536 1675375532 23121,000000 -1,000000 -101,000000 0,000000 0,000000
536 1675375533 23121,000000 -1,000000 -101,000000 0,000000 0,000000
536 1675375534 23121,000000 -1,000000 -101,000000 0,000000 0,000000
536 1675375535 18951,400000 -1,000000 -101,000000 0,000000 0,000000
536 1675375536 18951,400000 -1,000000 -101,000000 0,000000 0,000000
536 1675375537 18951,400000 -1,000000 -101,000000 0,000000 0,000000
536 1675375538 18951,400000 -1,000000 -101,000000 0,000000 0,000000
536 1675375539 18951,400000 -1,000000 -101,000000 0,000000 0,000000
536 1675375540 4222,000000 -1,000000 -101,000000 0,000000 0,000000
536 1675375541 4222,000000 -1,000000 -101,000000 0,000000 0,000000
536 1675375542 4222,000000 -1,000000 -101,000000 0,000000 0,000000
536 1675375543 4222,000000 -1,000000 -101,000000 0,000000 0,000000
536 1675375544 4222,000000 -1,000000 -101,000000 0,000000 0,000000
536 1675375545 17914,200000 -1,000000 -101,000000 0,000000 0,000000
536 1675375546 17914,200000 -1,000000 -101,000000 0,000000 0,000000
536 1675375547 17914,200000 -1,000000 -101,000000 0,000000 0,000000
536 1675375548 17914,200000 -1,000000 -101,000000 0,000000 0,000000
536 1675375549 17914,200000 -1,000000 -101,000000 0,000000 0,000000
536 1675375550 3364,000000 -1,000000 -101,000000 0,000000 0,000000
536 1675375551 3364,000000 -1,000000 -101,000000 0,000000 0,000000
536 1675375552 3364,000000 -1,000000 -101,000000 0,000000 0,000000
536 1675375553 3364,000000 -1,000000 -101,000000 0,000000 0,000000
536 1675375554 3364,000000 -1,000000 -101,000000 0,000000 0,000000
536 1675375555 1371,800000 -1,000000 -101,000000 0,000000 0,000000
536 1675375556 1371,800000 -1,000000 -101,000000 0,000000 0,000000
536 1675375557 1371,800000 -1,000000 -101,000000 0,000000 0,000000
536 1675375558 1371,800000 -1,000000 -101,000000 0,000000 0,000000
536 1675375559 1371,800000 -1,000000 -101,000000 0,000000 0,000000
536 1675375560 597,200000 -1,000000 -101,000000 0,000000 0,000000
536 1675375561 597,200000 -1,000000 -101,000000 0,000000 0,000000
536 1675375562 597,200000 -1,000000 -101,000000 0,000000 0,000000
536 1675375563 597,200000 -1,000000 -101,000000 0,000000 0,000000
536 1675375564 597,200000 -1,000000 -101,000000 0,000000 0,000000
536 1675375565 2454,000000 -1,000000 -101,000000 0,000000 0,000000
536 1675375566 2454,000000 -1,000000 -101,000000 0,000000 0,000000
536 1675375567 2454,000000 -1,000000 -101,000000 0,000000 0,000000
536 1675375568 2454,000000 -1,000000 -101,000000 0,000000 0,000000
536 1675375569 2454,000000 -1,000000 -101,000000 0,000000 0,000000
536 1675375570 16993,400000 -1,000000 -101,000000 0,000000 0,000000
536 1675375571 16993,400000 -1,000000 -101,000000 0,000000 0,000000
536 1675375572 16993,400000 -1,000000 -101,000000 0,000000 0,000000
536 1675375573 16993,400000 -1,000000 -101,000000 0,000000 0,000000
536 1675375574 16993,400000 -1,000000 -101,000000 0,000000 0,000000
536 1675375575 19091,000000 -1,000000 -101,000000 0,000000 0,000000
536 1675375576 19091,000000 -1,000000 -101,000000 0,000000 0,000000
536 1675375577 19091,000000 -1,000000 -101,000000 0,000000 0,000000
536 1675375578 19091,000000 -1,000000 -101,000000 0,000000 0,000000
536 1675375579 19091,000000 -1,000000 -101,000000 0,000000 0,000000
536 1675375580 3741,000000 -1,000000 -101,000000 0,000000 0,000000
536 1675375581 3741,000000 -1,000000 -101,000000 0,000000 0,000000
536 1675375582 3741,000000 -1,000000 -101,000000 0,000000 0,000000
536 1675375583 3741,000000 -1,000000 -101,000000 0,000000 0,000000
536 1675375584 3741,000000 -1,000000 -101,000000 0,000000 0,000000
536 1675375585 7756,000000 -1,000000 -101,000000 0,000000 0,000000
536 1675375586 7756,000000 -1,000000 -101,000000 0,000000 0,000000
536 1675375587 7756,000000 -1,000000 -101,000000 0,000000 0,000000
536 1675375588 7756,000000 -1,000000 -101,000000 0,000000 0,000000
536 1675375589 7756,000000 -1,000000 -101,000000 0,000000 0,000000
536 1675375590 4656,600000 -1,000000 -101,000000 0,000000 0,000000
536 1675375591 4656,600000 -1,000000 -101,000000 0,000000 0,000000
536 1675375592 4656,600000 -1,000000 -101,000000 0,000000 0,000000
536 1675375593 4656,600000 -1,000000 -101,000000 0,000000 0,000000
536 1675375594 4656,600000 -1,000000 -101,000000 0,000000 0,000000
536 1675375595 4018,000000 -1,000000 -101,000000 0,000000 0,000000
536 1675375596 4018,000000 -1,000000 -101,000000 0,000000 0,000000
536 1675375597 4018,000000 -1,000000 -101,000000 0,000000 0,000000
536 1675375598 4018,000000 -1,000000 -101,000000 0,000000 0,000000
536 1675375599 4018,000000 -1,000000 -101,000000 0,000000 0,000000
536 1675375600 8253,200000 -1,000000 -101,000000 0,000000 0,000000
536 1675375601 8253,200000 -1,000000 -101,000000 0,000000 0,000000
536 1675375602 8253,200000 -1,000000 -101,000000 0,000000 0,000000
536 1675375603 8253,200000 -1,000000 -101,000000 0,000000 0,000000
536 1675375604 8253,200000 -1,000000 -101,000000 0,000000 0,000000
536 1675375605 7786,000000 -1,000000 -101,000000 0,000000 0,000000
536 1675375606 7786,000000 -1,000000 -101,000000 0,000000 0,000000
536 1675375607 7786,000000 -1,000000 -101,000000 0,000000 0,000000
536 1675375608 7786,000000 -1,000000 -101,000000 0,000000 0,000000
536 1675375609 7786,000000 -1,000000 -101,000000 0,000000 0,000000
536 1675375610 4677,000000 -1,000000 -101,000000 0,000000 0,000000
536 1675375611 4677,000000 -1,000000 -101,000000 0,000000 0,000000
536 1675375612 4677,000000 -1,000000 -101,000000 0,000000 0,000000
536 1675375613 4677,000000 -1,000000 -101,000000 0,000000 0,000000
536 1675375614 4677,000000 -1,000000 -101,000000 0,000000 0,000000
536 1675375615 23213,800000 -1,000000 -101,000000 0,000000 0,000000
536 1675375616 23213,800000 -1,000000 -101,000000 0,000000 0,000000
536 1675375617 23213,800000 -1,000000 -101,000000 0,000000 0,000000
536 1675375618 23213,800000 -1,000000 -101,000000 0,000000 0,000000
536 1675375619 23213,800000 -1,000000 -101,000000 0,000000 0,000000
536 1675375620 18690,600000 -1,000000 -101,000000 0,000000 0,000000
536 1675375621 18690,600000 -1,000000 -101,000000 0,000000 0,000000
536 1675375622 18690,600000 -1,000000 -101,000000 0,000000 0,000000
536 1675375623 18690,600000 -1,000000 -101,000000 0,000000 0,000000
536 1675375624 18690,600000 -1,000000 -101,000000 0,000000 0,000000
536 1675375625 1633,400000 -1,000000 -101,000000 0,000000 0,000000
536 1675375626 1633,400000 -1,000000 -101,000000 0,000000 0,000000
536 1675375627 1633,400000 -1,000000 -101,000000 0,000000 0,000000
536 1675375628 1633,400000 -1,000000 -101,000000 0,000000 0,000000
536 1675375629 1633,400000 -1,000000 -101,000000 0,000000 0,000000
536 1675375630 27993,800000 -1,000000 -101,000000 0,000000 0,000000
536 1675375631 27993,800000 -1,000000 -101,000000 0,000000 0,000000
536 1675375632 27993,800000 -1,000000 -101,000000 0,000000 0,000000
536 1675375633 27993,800000 -1,000000 -101,000000 0,000000 0,000000
536 1675375634 27993,800000 -1,000000 -101,000000 0,000000 0,000000
536 1675375635 2958,000000 -1,000000 -101,000000 0,000000 0,000000
536 1675375636 2958,000000 -1,000000 -101,000000 0,000000 0,000000
536 1675375637 2958,000000 -1,000000 -101,000000 0,000000 0,000000
536 1675375638 2958,000000 -1,000000 -101,000000 0,000000 0,000000
536 1675375639 2958,000000 -1,000000 -101,000000 0,000000 0,000000
536 1675375640 2167,200000 -1,000000 -101,000000 0,000000 0,000000
536 1675375641 2167,200000 -1,000000 -101,000000 0,000000 0,000000
536 1675375642 2167,200000 -1,000000 -101,000000 0,000000 0,000000
536 1675375643 2167,200000 -1,000000 -101,000000 0,000000 0,000000
536 1675375644 2167,200000 -1,000000 -101,000000 0,000000 0,000000
536 1675375645 2592,400000 -1,000000 -101,000000 0,000000 0,000000
536 1675375646 2592,400000 -1,000000 -101,000000 0,000000 0,000000
536 1675375647 2592,400000 -1,000000 -101,000000 0,000000 0,000000
536 1675375648 2592,400000 -1,000000 -101,000000 0,000000 0,000000
536 1675375649 2592,400000 -1,000000 -101,000000 0,000000 0,000000
536 1675375650 775,400000 -1,000000 -101,000000 0,000000 0,000000
536 1675375651 775,400000 -1,000000 -101,000000 0,000000 0,000000
536 1675375652 775,400000 -1,000000 -101,000000 0,000000 0,000000
536 1675375653 775,400000 -1,000000 -101,000000 0,000000 0,000000
536 1675375654 775,400000 -1,000000 -101,000000 0,000000 0,000000
536 1675375655 2765,000000 -1,000000 -101,000000 0,000000 0,000000
536 1675375656 2765,000000 -1,000000 -101,000000 0,000000 0,000000
536 1675375657 2765,000000 -1,000000 -101,000000 0,000000 0,000000
536 1675375658 2765,000000 -1,000000 -101,000000 0,000000 0,000000
536 1675375659 2765,000000 -1,000000 -101,000000 0,000000 0,000000
536 1675375660 8706,400000 -1,000000 -101,000000 0,000000 0,000000
536 1675375661 8706,400000 -1,000000 -101,000000 0,000000 0,000000
536 1675375662 8706,400000 -1,000000 -101,000000 0,000000 0,000000
536 1675375663 8706,400000 -1,000000 -101,000000 0,000000 0,000000
536 1675375664 8706,400000 -1,000000 -101,000000 0,000000 0,000000
536 1675375665 22082,400000 -1,000000 -101,000000 0,000000 0,000000
536 1675375666 22082,400000 -1,000000 -101,000000 0,000000 0,000000
536 1675375667 22082,400000 -1,000000 -101,000000 0,000000 0,000000
536 1675375668 22082,400000 -1,000000 -101,000000 0,000000 0,000000
536 1675375669 22082,400000 -1,000000 -101,000000 0,000000 0,000000
536 1675375670 6959,600000 -1,000000 -101,000000 0,000000 0,000000
536 1675375671 6959,600000 -1,000000 -101,000000 0,000000 0,000000
536 1675375672 6959,600000 -1,000000 -101,000000 0,000000 0,000000
536 1675375673 6959,600000 -1,000000 -101,000000 0,000000 0,000000
536 1675375674 6959,600000 -1,000000 -101,000000 0,000000 0,000000
536 1675375675 6344,400000 -1,000000 -101,000000 0,000000 0,000000
536 1675375676 6344,400000 -1,000000 -101,000000 0,000000 0,000000
536 1675375677 6344,400000 -1,000000 -101,000000 0,000000 0,000000
536 1675375678 6344,400000 -1,000000 -101,000000 0,000000 0,000000
536 1675375679 6344,400000 -1,000000 -101,000000 0,000000 0,000000
536 1675375680 6944,800000 -1,000000 -101,000000 0,000000 0,000000
536 1675375681 6944,800000 -1,000000 -101,000000 0,000000 0,000000
536 1675375682 6944,800000 -1,000000 -101,000000 0,000000 0,000000
536 1675375683 6944,800000 -1,000000 -101,000000 0,000000 0,000000
536 1675375684 6944,800000 -1,000000 -101,000000 0,000000 0,000000
536 1675375685 19792,800000 -1,000000 -101,000000 0,000000 0,000000
536 1675375686 19792,800000 -1,000000 -101,000000 0,000000 0,000000
536 1675375687 19792,800000 -1,000000 -101,000000 0,000000 0,000000
536 1675375688 19792,800000 -1,000000 -101,000000 0,000000 0,000000
536 1675375689 19792,800000 -1,000000 -101,000000 0,000000 0,000000
536 1675375690 33947,400000 -1,000000 -101,000000 0,000000 0,000000
536 1675375691 33947,400000 -1,000000 -101,000000 0,000000 0,000000
536 1675375692 33947,400000 -1,000000 -101,000000 0,000000 0,000000
536 1675375693 33947,400000 -1,000000 -101,000000 0,000000 0,000000
536 1675375694 33947,400000 -1,000000 -101,000000 0,000000 0,000000
536 1675375695 3280,000000 -1,000000 -101,000000 0,000000 0,000000
536 1675375696 3280,000000 -1,000000 -101,000000 0,000000 0,000000
536 1675375697 3280,000000 -1,000000 -101,000000 0,000000 0,000000
536 1675375698 3280,000000 -1,000000 -101,000000 0,000000 0,000000
536 1675375699 3280,000000 -1,000000 -101,000000 0,000000 0,000000
536 1675375700 4226,400000 -1,000000 -101,000000 0,000000 0,000000
536 1675375701 4226,400000 -1,000000 -101,000000 0,000000 0,000000
536 1675375702 4226,400000 -1,000000 -101,000000 0,000000 0,000000
536 1675375703 4226,400000 -1,000000 -101,000000 0,000000 0,000000
536 1675375704 4226,400000 -1,000000 -101,000000 0,000000 0,000000
536 1675375705 2036,400000 -1,000000 -101,000000 0,000000 0,000000
536 1675375706 2036,400000 -1,000000 -101,000000 0,000000 0,000000
536 1675375707 2036,400000 -1,000000 -101,000000 0,000000 0,000000
536 1675375708 2036,400000 -1,000000 -101,000000 0,000000 0,000000
536 1675375709 2036,400000 -1,000000 -101,000000 0,000000 0,000000
536 1675375710 4383,400000 -1,000000 -101,000000 0,000000 0,000000
536 1675375711 4383,400000 -1,000000 -101,000000 0,000000 0,000000
536 1675375712 4383,400000 -1,000000 -101,000000 0,000000 0,000000
536 1675375713 4383,400000 -1,000000 -101,000000 0,000000 0,000000
536 1675375714 4383,400000 -1,000000 -101,000000 0,000000 0,000000
536 1675375715 14076,000000 -1,000000 -101,000000 0,000000 0,000000
536 1675375716 14076,000000 -1,000000 -101,000000 0,000000 0,000000
536 1675375717 14076,000000 -1,000000 -101,000000 0,000000 0,000000
536 1675375718 14076,000000 -1,000000 -101,000000 0,000000 0,000000
536 1675375719 14076,000000 -1,000000 -101,000000 0,000000 0,000000
536 1675375720 14430,600000 -1,000000 -101,000000 0,000000 0,000000
536 1675375721 14430,600000 -1,000000 -101,000000 0,000000 0,000000
536 1675375722 14430,600000 -1,000000 -101,000000 0,000000 0,000000
536 1675375723 14430,600000 -1,000000 -101,000000 0,000000 0,000000
536 1675375724 14430,600000 -1,000000 -101,000000 0,000000 0,000000
536 1675375725 2387,200000 -1,000000 -101,000000 0,000000 0,000000
536 1675375726 2387,200000 -1,000000 -101,000000 0,000000 0,000000
536 1675375727 2387,200000 -1,000000 -101,000000 0,000000 0,000000
536 1675375728 2387,200000 -1,000000 -101,000000 0,000000 0,000000
536 1675375729 2387,200000 -1,000000 -101,000000 0,000000 0,000000
536 1675375730 20322,400000 -1,000000 -101,000000 0,000000 0,000000
536 1675375731 20322,400000 -1,000000 -101,000000 0,000000 0,000000
536 1675375732 20322,400000 -1,000000 -101,000000 0,000000 0,000000
536 1675375733 20322,400000 -1,000000 -101,000000 0,000000 0,000000
536 1675375734 20322,400000 -1,000000 -101,000000 0,000000 0,000000
536 1675375735 9084,200000 -1,000000 -101,000000 0,000000 0,000000
536 1675375736 9084,200000 -1,000000 -101,000000 0,000000 0,000000
536 1675375737 9084,200000 -1,000000 -101,000000 0,000000 0,000000
536 1675375738 9084,200000 -1,000000 -101,000000 0,000000 0,000000
536 1675375739 9084,200000 -1,000000 -101,000000 0,000000 0,000000
536 1675375740 5262,000000 -1,000000 -101,000000 0,000000 0,000000
536 1675375741 5262,000000 -1,000000 -101,000000 0,000000 0,000000
536 1675375742 5262,000000 -1,000000 -101,000000 0,000000 0,000000
536 1675375743 5262,000000 -1,000000 -101,000000 0,000000 0,000000
536 1675375744 5262,000000 -1,000000 -101,000000 0,000000 0,000000
536 1675375745 4832,800000 -1,000000 -101,000000 0,000000 0,000000
536 1675375746 4832,800000 -1,000000 -101,000000 0,000000 0,000000
536 1675375747 4832,800000 -1,000000 -101,000000 0,000000 0,000000
536 1675375748 4832,800000 -1,000000 -101,000000 0,000000 0,000000
536 1675375749 4832,800000 -1,000000 -101,000000 0,000000 0,000000
536 1675375750 22880,200000 -1,000000 -101,000000 0,000000 0,000000
536 1675375751 22880,200000 -1,000000 -101,000000 0,000000 0,000000
536 1675375752 22880,200000 -1,000000 -101,000000 0,000000 0,000000
536 1675375753 22880,200000 -1,000000 -101,000000 0,000000 0,000000
536 1675375754 22880,200000 -1,000000 -101,000000 0,000000 0,000000
536 1675375755 33400,000000 -1,000000 -101,000000 0,000000 0,000000
536 1675375756 33400,000000 -1,000000 -101,000000 0,000000 0,000000
536 1675375757 33400,000000 -1,000000 -101,000000 0,000000 0,000000
536 1675375758 33400,000000 -1,000000 -101,000000 0,000000 0,000000
536 1675375759 33400,000000 -1,000000 -101,000000 0,000000 0,000000
536 1675375760 11842,800000 -1,000000 -101,000000 0,000000 0,000000
536 1675375761 11842,800000 -1,000000 -101,000000 0,000000 0,000000
536 1675375762 11842,800000 -1,000000 -101,000000 0,000000 0,000000
536 1675375763 11842,800000 -1,000000 -101,000000 0,000000 0,000000
536 1675375764 11842,800000 -1,000000 -101,000000 0,000000 0,000000
536 1675375765 3137,400000 -1,000000 -101,000000 0,000000 0,000000
536 1675375766 3137,400000 -1,000000 -101,000000 0,000000 0,000000
536 1675375767 3137,400000 -1,000000 -101,000000 0,000000 0,000000
536 1675375768 3137,400000 -1,000000 -101,000000 0,000000 0,000000
536 1675375769 3137,400000 -1,000000 -101,000000 0,000000 0,000000
536 1675375770 3120,600000 -1,000000 -101,000000 0,000000 0,000000
536 1675375771 3120,600000 -1,000000 -101,000000 0,000000 0,000000
536 1675375772 3120,600000 -1,000000 -101,000000 0,000000 0,000000
536 1675375773 3120,600000 -1,000000 -101,000000 0,000000 0,000000
536 1675375774 3120,600000 -1,000000 -101,000000 0,000000 0,000000
536 1675375775 2343,400000 -1,000000 -101,000000 0,000000 0,000000
536 1675375776 2343,400000 -1,000000 -101,000000 0,000000 0,000000
536 1675375777 2343,400000 -1,000000 -101,000000 0,000000 0,000000
536 1675375778 2343,400000 -1,000000 -101,000000 0,000000 0,000000
536 1675375779 2343,400000 -1,000000 -101,000000 0,000000 0,000000
536 1675375780 3120,000000 -1,000000 -101,000000 0,000000 0,000000
536 1675375781 3120,000000 -1,000000 -101,000000 0,000000 0,000000
536 1675375782 3120,000000 -1,000000 -101,000000 0,000000 0,000000
536 1675375783 3120,000000 -1,000000 -101,000000 0,000000 0,000000
536 1675375784 3120,000000 -1,000000 -101,000000 0,000000 0,000000
536 1675375785 2935,000000 -1,000000 -101,000000 0,000000 0,000000
536 1675375786 2935,000000 -1,000000 -101,000000 0,000000 0,000000
536 1675375787 2935,000000 -1,000000 -101,000000 0,000000 0,000000
536 1675375788 2935,000000 -1,000000 -101,000000 0,000000 0,000000
536 1675375789 2935,000000 -1,000000 -101,000000 0,000000 0,000000
536 1675375790 5312,200000 -1,000000 -101,000000 0,000000 0,000000
536 1675375791 5312,200000 -1,000000 -101,000000 0,000000 0,000000
536 1675375792 5312,200000 -1,000000 -101,000000 0,000000 0,000000
536 1675375793 5312,200000 -1,000000 -101,000000 0,000000 0,000000
536 1675375794 5312,200000 -1,000000 -101,000000 0,000000 0,000000
536 1675375795 15890,800000 -1,000000 -101,000000 0,000000 0,000000
536 1675375796 15890,800000 -1,000000 -101,000000 0,000000 0,000000
536 1675375797 15890,800000 -1,000000 -101,000000 0,000000 0,000000
536 1675375798 15890,800000 -1,000000 -101,000000 0,000000 0,000000
536 1675375799 15890,800000 -1,000000 -101,000000 0,000000 0,000000
536 1675375800 2628,200000 -1,000000 -101,000000 0,000000 0,000000
536 1675375801 2628,200000 -1,000000 -101,000000 0,000000 0,000000
536 1675375802 2628,200000 -1,000000 -101,000000 0,000000 0,000000
536 1675375803 2628,200000 -1,000000 -101,000000 0,000000 0,000000
536 1675375804 2628,200000 -1,000000 -101,000000 0,000000 0,000000
536 1675375805 3363,400000 -1,000000 -101,000000 0,000000 0,000000
536 1675375806 3363,400000 -1,000000 -101,000000 0,000000 0,000000
536 1675375807 3363,400000 -1,000000 -101,000000 0,000000 0,000000
536 1675375808 3363,400000 -1,000000 -101,000000 0,000000 0,000000
536 1675375809 3363,400000 -1,000000 -101,000000 0,000000 0,000000
536 1675375810 7839,000000 -1,000000 -101,000000 0,000000 0,000000
536 1675375811 7839,000000 -1,000000 -101,000000 0,000000 0,000000
536 1675375812 7839,000000 -1,000000 -101,000000 0,000000 0,000000
536 1675375813 7839,000000 -1,000000 -101,000000 0,000000 0,000000
536 1675375814 7839,000000 -1,000000 -101,000000 0,000000 0,000000
536 1675375815 41050,200000 -1,000000 -101,000000 0,000000 0,000000
536 1675375816 41050,200000 -1,000000 -101,000000 0,000000 0,000000
536 1675375817 41050,200000 -1,000000 -101,000000 0,000000 0,000000
536 1675375818 41050,200000 -1,000000 -101,000000 0,000000 0,000000
536 1675375819 41050,200000 -1,000000 -101,000000 0,000000 0,000000
536 1675375820 14625,400000 -1,000000 -101,000000 0,000000 0,000000
536 1675375821 14625,400000 -1,000000 -101,000000 0,000000 0,000000
536 1675375822 14625,400000 -1,000000 -101,000000 0,000000 0,000000
536 1675375823 14625,400000 -1,000000 -101,000000 0,000000 0,000000
536 1675375824 14625,400000 -1,000000 -101,000000 0,000000 0,000000
536 1675375825 1859,600000 -1,000000 -101,000000 0,000000 0,000000
536 1675375826 1859,600000 -1,000000 -101,000000 0,000000 0,000000
536 1675375827 1859,600000 -1,000000 -101,000000 0,000000 0,000000
536 1675375828 1859,600000 -1,000000 -101,000000 0,000000 0,000000
536 1675375829 1859,600000 -1,000000 -101,000000 0,000000 0,000000
536 1675375830 3664,600000 -1,000000 -101,000000 0,000000 0,000000
536 1675375831 3664,600000 -1,000000 -101,000000 0,000000 0,000000
536 1675375832 3664,600000 -1,000000 -101,000000 0,000000 0,000000
536 1675375833 3664,600000 -1,000000 -101,000000 0,000000 0,000000
536 1675375834 3664,600000 -1,000000 -101,000000 0,000000 0,000000
536 1675375835 847,400000 -1,000000 -101,000000 0,000000 0,000000
536 1675375836 847,400000 -1,000000 -101,000000 0,000000 0,000000
536 1675375837 847,400000 -1,000000 -101,000000 0,000000 0,000000
536 1675375838 847,400000 -1,000000 -101,000000 0,000000 0,000000
536 1675375839 847,400000 -1,000000 -101,000000 0,000000 0,000000
536 1675375840 1566,400000 -1,000000 -101,000000 0,000000 0,000000
536 1675375841 1566,400000 -1,000000 -101,000000 0,000000 0,000000
536 1675375842 1566,400000 -1,000000 -101,000000 0,000000 0,000000
536 1675375843 1566,400000 -1,000000 -101,000000 0,000000 0,000000
536 1675375844 1566,400000 -1,000000 -101,000000 0,000000 0,000000
536 1675375845 4335,800000 -1,000000 -101,000000 0,000000 0,000000
536 1675375846 4335,800000 -1,000000 -101,000000 0,000000 0,000000
536 1675375847 4335,800000 -1,000000 -101,000000 0,000000 0,000000
536 1675375848 4335,800000 -1,000000 -101,000000 0,000000 0,000000
536 1675375849 4335,800000 -1,000000 -101,000000 0,000000 0,000000
536 1675375850 6284,600000 -1,000000 -101,000000 0,000000 0,000000
536 1675375851 6284,600000 -1,000000 -101,000000 0,000000 0,000000
536 1675375852 6284,600000 -1,000000 -101,000000 0,000000 0,000000
536 1675375853 6284,600000 -1,000000 -101,000000 0,000000 0,000000
536 1675375854 6284,600000 -1,000000 -101,000000 0,000000 0,000000
536 1675375855 24262,800000 -1,000000 -101,000000 0,000000 0,000000
536 1675375856 24262,800000 -1,000000 -101,000000 0,000000 0,000000
536 1675375857 24262,800000 -1,000000 -101,000000 0,000000 0,000000
536 1675375858 24262,800000 -1,000000 -101,000000 0,000000 0,000000
536 1675375859 24262,800000 -1,000000 -101,000000 0,000000 0,000000
536 1675375860 18886,200000 -1,000000 -101,000000 0,000000 0,000000
536 1675375861 18886,200000 -1,000000 -101,000000 0,000000 0,000000
536 1675375862 18886,200000 -1,000000 -101,000000 0,000000 0,000000
536 1675375863 18886,200000 -1,000000 -101,000000 0,000000 0,000000
536 1675375864 18886,200000 -1,000000 -101,000000 0,000000 0,000000
536 1675375865 1198,200000 -1,000000 -101,000000 0,000000 0,000000
536 1675375866 1198,200000 -1,000000 -101,000000 0,000000 0,000000
536 1675375867 1198,200000 -1,000000 -101,000000 0,000000 0,000000
536 1675375868 1198,200000 -1,000000 -101,000000 0,000000 0,000000
536 1675375869 1198,200000 -1,000000 -101,000000 0,000000 0,000000
536 1675375870 3056,400000 -1,000000 -101,000000 0,000000 0,000000
536 1675375871 3056,400000 -1,000000 -101,000000 0,000000 0,000000
536 1675375872 3056,400000 -1,000000 -101,000000 0,000000 0,000000
536 1675375873 3056,400000 -1,000000 -101,000000 0,000000 0,000000
536 1675375874 3056,400000 -1,000000 -101,000000 0,000000 0,000000
536 1675375875 18047,800000 -1,000000 -101,000000 0,000000 0,000000
536 1675375876 18047,800000 -1,000000 -101,000000 0,000000 0,000000
536 1675375877 18047,800000 -1,000000 -101,000000 0,000000 0,000000
536 1675375878 18047,800000 -1,000000 -101,000000 0,000000 0,000000
