524 1675374450 0,400000 -1,000000 -101,000000 0,000000 0,000000
524 1675374451 0,400000 -1,000000 -101,000000 0,000000 0,000000
524 1675374452 0,400000 -1,000000 -101,000000 0,000000 0,000000
524 1675374450 0,200000 -1,000000 0,200000 0,200000 0,008000
524 1675374451 0,200000 -1,000000 0,200000 0,200000 0,008000
524 1675374452 0,200000 -1,000000 0,200000 0,200000 0,008000
524 1675374453 0,600000 -1,000000 -101,000000 0,000000 0,000000
524 1675374454 0,600000 -1,000000 -101,000000 0,000000 0,000000
524 1675374455 0,600000 -1,000000 -101,000000 0,000000 0,000000
524 1675374456 0,600000 -1,000000 -101,000000 0,000000 0,000000
524 1675374457 0,600000 -1,000000 -101,000000 0,000000 0,000000
524 1675374458 0,600000 -1,000000 -101,000000 0,000000 0,000000
524 1675374459 0,600000 -1,000000 -101,000000 0,000000 0,000000
524 1675374460 0,200000 -1,000000 -101,000000 0,000000 0,000000
524 1675374461 0,200000 -1,000000 -101,000000 0,000000 0,000000
524 1675374462 0,200000 -1,000000 -101,000000 0,000000 0,000000
524 1675374463 0,200000 -1,000000 -101,000000 0,000000 0,000000
524 1675374464 0,200000 -1,000000 -101,000000 0,000000 0,000000
524 1675374465 0,200000 -1,000000 -101,000000 0,000000 0,000000
524 1675374466 0,200000 -1,000000 -101,000000 0,000000 0,000000
524 1675374467 0,200000 -1,000000 -101,000000 0,000000 0,000000
524 1675374450 0,200000 -1,000000 0,200000 0,200000 0,008000
524 1675374451 0,200000 -1,000000 0,200000 0,200000 0,008000
524 1675374452 0,200000 -1,000000 0,200000 0,200000 0,008000
524 1675374453 0,200000 -1,000000 0,200000 0,200000 0,008000
524 1675374454 0,200000 -1,000000 0,200000 0,200000 0,008000
524 1675374468 0,200000 -1,000000 -101,000000 0,000000 0,000000
524 1675374469 0,200000 -1,000000 -101,000000 0,000000 0,000000
524 1675374470 0,400000 -1,000000 -101,000000 0,000000 0,000000
524 1675374471 0,400000 -1,000000 -101,000000 0,000000 0,000000
524 1675374472 0,400000 -1,000000 -101,000000 0,000000 0,000000
524 1675374473 0,400000 -1,000000 -101,000000 0,000000 0,000000
524 1675374474 0,400000 -1,000000 -101,000000 0,000000 0,000000
524 1675374475 0,400000 -1,000000 -101,000000 0,000000 0,000000
524 1675374476 0,400000 -1,000000 -101,000000 0,000000 0,000000
524 1675374477 0,400000 -1,000000 -101,000000 0,000000 0,000000
524 1675374478 0,400000 -1,000000 -101,000000 0,000000 0,000000
524 1675374479 0,400000 -1,000000 -101,000000 0,000000 0,000000
524 1675374480 0,400000 -1,000000 -101,000000 0,000000 0,000000
524 1675374481 0,400000 -1,000000 -101,000000 0,000000 0,000000
524 1675374482 0,400000 -1,000000 -101,000000 0,000000 0,000000
524 1675374450 0,200000 -1,000000 0,200000 0,200000 0,008000
524 1675374451 0,200000 -1,000000 0,200000 0,200000 0,008000
524 1675374452 0,200000 -1,000000 0,200000 0,200000 0,008000
524 1675374453 0,200000 -1,000000 0,200000 0,200000 0,008000
524 1675374454 0,200000 -1,000000 0,200000 0,200000 0,008000
524 1675374483 0,400000 -1,000000 -101,000000 0,000000 0,000000
524 1675374484 0,400000 -1,000000 -101,000000 0,000000 0,000000
524 1675374485 1,000000 -1,000000 -101,000000 0,000000 0,000000
524 1675374486 1,000000 -1,000000 -101,000000 0,000000 0,000000
524 1675374487 1,000000 -1,000000 -101,000000 0,000000 0,000000
524 1675374488 1,000000 -1,000000 -101,000000 0,000000 0,000000
524 1675374489 1,000000 -1,000000 -101,000000 0,000000 0,000000
524 1675374490 0,800000 -1,000000 -101,000000 0,000000 0,000000
524 1675374491 0,800000 -1,000000 -101,000000 0,000000 0,000000
524 1675374492 0,800000 -1,000000 -101,000000 0,000000 0,000000
524 1675374493 0,800000 -1,000000 -101,000000 0,000000 0,000000
524 1675374494 0,800000 -1,000000 -101,000000 0,000000 0,000000
524 1675374495 0,200000 -1,000000 -101,000000 0,000000 0,000000
524 1675374496 0,200000 -1,000000 -101,000000 0,000000 0,000000
524 1675374497 0,200000 -1,000000 -101,000000 0,000000 0,000000
524 1675374455 0,200000 -1,000000 0,200000 0,200000 0,008000
524 1675374456 0,200000 -1,000000 0,200000 0,200000 0,008000
524 1675374457 0,200000 -1,000000 0,200000 0,200000 0,008000
524 1675374458 0,200000 -1,000000 0,200000 0,200000 0,008000
524 1675374459 0,200000 -1,000000 0,200000 0,200000 0,008000
524 1675374498 0,200000 -1,000000 -101,000000 0,000000 0,000000
524 1675374499 0,200000 -1,000000 -101,000000 0,000000 0,000000
524 1675374500 0,800000 -1,000000 -101,000000 0,000000 0,000000
524 1675374501 0,800000 -1,000000 -101,000000 0,000000 0,000000
524 1675374502 0,800000 -1,000000 -101,000000 0,000000 0,000000
524 1675374503 0,800000 -1,000000 -101,000000 0,000000 0,000000
524 1675374504 0,800000 -1,000000 -101,000000 0,000000 0,000000
524 1675374505 0,200000 -1,000000 -101,000000 0,000000 0,000000
524 1675374506 0,200000 -1,000000 -101,000000 0,000000 0,000000
524 1675374507 0,200000 -1,000000 -101,000000 0,000000 0,000000
524 1675374508 0,200000 -1,000000 -101,000000 0,000000 0,000000
524 1675374509 0,200000 -1,000000 -101,000000 0,000000 0,000000
524 1675374510 0,200000 -1,000000 -101,000000 0,000000 0,000000
524 1675374511 0,200000 -1,000000 -101,000000 0,000000 0,000000
524 1675374512 0,200000 -1,000000 -101,000000 0,000000 0,000000
524 1675374455 0,200000 -1,000000 0,200000 0,200000 0,008000
524 1675374456 0,200000 -1,000000 0,200000 0,200000 0,008000
524 1675374457 0,200000 -1,000000 0,200000 0,200000 0,008000
524 1675374458 0,200000 -1,000000 0,200000 0,200000 0,008000
524 1675374459 0,200000 -1,000000 0,200000 0,200000 0,008000
524 1675374513 0,200000 -1,000000 -101,000000 0,000000 0,000000
524 1675374514 0,200000 -1,000000 -101,000000 0,000000 0,000000
524 1675374515 0,400000 -1,000000 -101,000000 0,000000 0,000000
524 1675374516 0,400000 -1,000000 -101,000000 0,000000 0,000000
524 1675374517 0,400000 -1,000000 -101,000000 0,000000 0,000000
524 1675374518 0,400000 -1,000000 -101,000000 0,000000 0,000000
524 1675374519 0,400000 -1,000000 -101,000000 0,000000 0,000000
524 1675374520 0,400000 -1,000000 -101,000000 0,000000 0,000000
524 1675374521 0,400000 -1,000000 -101,000000 0,000000 0,000000
524 1675374522 0,400000 -1,000000 -101,000000 0,000000 0,000000
524 1675374523 0,400000 -1,000000 -101,000000 0,000000 0,000000
524 1675374524 0,400000 -1,000000 -101,000000 0,000000 0,000000
524 1675374525 0,800000 -1,000000 -101,000000 0,000000 0,000000
524 1675374526 0,800000 -1,000000 -101,000000 0,000000 0,000000
524 1675374527 0,800000 -1,000000 -101,000000 0,000000 0,000000
524 1675374450 0,200000 -1,000000 0,200000 0,200000 0,008000
524 1675374451 0,200000 -1,000000 0,200000 0,200000 0,008000
524 1675374452 0,200000 -1,000000 0,200000 0,200000 0,008000
524 1675374453 0,200000 -1,000000 0,200000 0,200000 0,008000
524 1675374454 0,200000 -1,000000 0,200000 0,200000 0,008000
524 1675374528 0,800000 -1,000000 -101,000000 0,000000 0,000000
524 1675374529 0,800000 -1,000000 -101,000000 0,000000 0,000000
524 1675374530 0,400000 -1,000000 -101,000000 0,000000 0,000000
524 1675374531 0,400000 -1,000000 -101,000000 0,000000 0,000000
524 1675374532 0,400000 -1,000000 -101,000000 0,000000 0,000000
524 1675374533 0,400000 -1,000000 -101,000000 0,000000 0,000000
524 1675374534 0,400000 -1,000000 -101,000000 0,000000 0,000000
524 1675374535 0,600000 -1,000000 -101,000000 0,000000 0,000000
524 1675374536 0,600000 -1,000000 -101,000000 0,000000 0,000000
524 1675374537 0,600000 -1,000000 -101,000000 0,000000 0,000000
524 1675374538 0,600000 -1,000000 -101,000000 0,000000 0,000000
524 1675374539 0,600000 -1,000000 -101,000000 0,000000 0,000000
524 1675374540 0,400000 -1,000000 -101,000000 0,000000 0,000000
524 1675374541 0,400000 -1,000000 -101,000000 0,000000 0,000000
524 1675374542 0,400000 -1,000000 -101,000000 0,000000 0,000000
524 1675374543 0,400000 -1,000000 -101,000000 0,000000 0,000000
524 1675374544 0,400000 -1,000000 -101,000000 0,000000 0,000000
524 1675374545 1,200000 -1,000000 -101,000000 0,000000 0,000000
524 1675374546 1,200000 -1,000000 -101,000000 0,000000 0,000000
524 1675374547 1,200000 -1,000000 -101,000000 0,000000 0,000000
524 1675374548 1,200000 -1,000000 -101,000000 0,000000 0,000000
524 1675374549 1,200000 -1,000000 -101,000000 0,000000 0,000000
524 1675374550 0,800000 -1,000000 -101,000000 0,000000 0,000000
524 1675374551 0,800000 -1,000000 -101,000000 0,000000 0,000000
524 1675374552 0,800000 -1,000000 -101,000000 0,000000 0,000000
524 1675374553 0,800000 -1,000000 -101,000000 0,000000 0,000000
524 1675374554 0,800000 -1,000000 -101,000000 0,000000 0,000000
524 1675374555 1,600000 -1,000000 -101,000000 0,000000 0,000000
524 1675374556 1,600000 -1,000000 -101,000000 0,000000 0,000000
524 1675374557 1,600000 -1,000000 -101,000000 0,000000 0,000000
524 1675374558 1,600000 -1,000000 -101,000000 0,000000 0,000000
524 1675374559 1,600000 -1,000000 -101,000000 0,000000 0,000000
524 1675374560 1,000000 -1,000000 -101,000000 0,000000 0,000000
524 1675374561 1,000000 -1,000000 -101,000000 0,000000 0,000000
524 1675374562 1,000000 -1,000000 -101,000000 0,000000 0,000000
524 1675374563 1,000000 -1,000000 -101,000000 0,000000 0,000000
524 1675374564 1,000000 -1,000000 -101,000000 0,000000 0,000000
524 1675374565 0,800000 -1,000000 -101,000000 0,000000 0,000000
524 1675374566 0,800000 -1,000000 -101,000000 0,000000 0,000000
524 1675374567 0,800000 -1,000000 -101,000000 0,000000 0,000000
524 1675374568 0,800000 -1,000000 -101,000000 0,000000 0,000000
524 1675374569 0,800000 -1,000000 -101,000000 0,000000 0,000000
524 1675374570 0,200000 -1,000000 -101,000000 0,000000 0,000000
524 1675374571 0,200000 -1,000000 -101,000000 0,000000 0,000000
524 1675374572 0,200000 -1,000000 -101,000000 0,000000 0,000000
524 1675374573 0,200000 -1,000000 -101,000000 0,000000 0,000000
524 1675374574 0,200000 -1,000000 -101,000000 0,000000 0,000000
524 1675374575 1,200000 -1,000000 -101,000000 0,000000 0,000000
524 1675374576 1,200000 -1,000000 -101,000000 0,000000 0,000000
524 1675374577 1,200000 -1,000000 -101,000000 0,000000 0,000000
524 1675374578 1,200000 -1,000000 -101,000000 0,000000 0,000000
524 1675374579 1,200000 -1,000000 -101,000000 0,000000 0,000000
524 1675374580 0,600000 -1,000000 -101,000000 0,000000 0,000000
524 1675374581 0,600000 -1,000000 -101,000000 0,000000 0,000000
524 1675374582 0,600000 -1,000000 -101,000000 0,000000 0,000000
524 1675374583 0,600000 -1,000000 -101,000000 0,000000 0,000000
524 1675374584 0,600000 -1,000000 -101,000000 0,000000 0,000000
524 1675374585 0,800000 -1,000000 -101,000000 0,000000 0,000000
524 1675374586 0,800000 -1,000000 -101,000000 0,000000 0,000000
524 1675374587 0,800000 -1,000000 -101,000000 0,000000 0,000000
524 1675374588 0,800000 -1,000000 -101,000000 0,000000 0,000000
524 1675374589 0,800000 -1,000000 -101,000000 0,000000 0,000000
524 1675374590 1,200000 -1,000000 -101,000000 0,000000 0,000000
524 1675374591 1,200000 -1,000000 -101,000000 0,000000 0,000000
524 1675374592 1,200000 -1,000000 -101,000000 0,000000 0,000000
524 1675374593 1,200000 -1,000000 -101,000000 0,000000 0,000000
524 1675374594 1,200000 -1,000000 -101,000000 0,000000 0,000000
524 1675374595 0,600000 -1,000000 -101,000000 0,000000 0,000000
524 1675374596 0,600000 -1,000000 -101,000000 0,000000 0,000000
524 1675374597 0,600000 -1,000000 -101,000000 0,000000 0,000000
524 1675374598 0,600000 -1,000000 -101,000000 0,000000 0,000000
524 1675374599 0,600000 -1,000000 -101,000000 0,000000 0,000000
524 1675374600 1,000000 -1,000000 -101,000000 0,000000 0,000000
524 1675374601 1,000000 -1,000000 -101,000000 0,000000 0,000000
524 1675374602 1,000000 -1,000000 -101,000000 0,000000 0,000000
524 1675374603 1,000000 -1,000000 -101,000000 0,000000 0,000000
524 1675374604 1,000000 -1,000000 -101,000000 0,000000 0,000000
524 1675374605 0,400000 -1,000000 -101,000000 0,000000 0,000000
524 1675374606 0,400000 -1,000000 -101,000000 0,000000 0,000000
524 1675374607 0,400000 -1,000000 -101,000000 0,000000 0,000000
524 1675374608 0,400000 -1,000000 -101,000000 0,000000 0,000000
524 1675374609 0,400000 -1,000000 -101,000000 0,000000 0,000000
524 1675374610 0,600000 -1,000000 -101,000000 0,000000 0,000000
524 1675374611 0,600000 -1,000000 -101,000000 0,000000 0,000000
524 1675374612 0,600000 -1,000000 -101,000000 0,000000 0,000000
524 1675374613 0,600000 -1,000000 -101,000000 0,000000 0,000000
524 1675374614 0,600000 -1,000000 -101,000000 0,000000 0,000000
524 1675374615 1,200000 -1,000000 -101,000000 0,000000 0,000000
524 1675374616 1,200000 -1,000000 -101,000000 0,000000 0,000000
524 1675374617 1,200000 -1,000000 -101,000000 0,000000 0,000000
524 1675374618 1,200000 -1,000000 -101,000000 0,000000 0,000000
524 1675374619 1,200000 -1,000000 -101,000000 0,000000 0,000000
524 1675374620 1,200000 -1,000000 -101,000000 0,000000 0,000000
524 1675374621 1,200000 -1,000000 -101,000000 0,000000 0,000000
524 1675374622 1,200000 -1,000000 -101,000000 0,000000 0,000000
524 1675374623 1,200000 -1,000000 -101,000000 0,000000 0,000000
524 1675374624 1,200000 -1,000000 -101,000000 0,000000 0,000000
524 1675374625 1,000000 -1,000000 -101,000000 0,000000 0,000000
524 1675374626 1,000000 -1,000000 -101,000000 0,000000 0,000000
524 1675374627 1,000000 -1,000000 -101,000000 0,000000 0,000000
524 1675374628 1,000000 -1,000000 -101,000000 0,000000 0,000000
524 1675374629 1,000000 -1,000000 -101,000000 0,000000 0,000000
524 1675374630 0,400000 -1,000000 -101,000000 0,000000 0,000000
524 1675374631 0,400000 -1,000000 -101,000000 0,000000 0,000000
524 1675374632 0,400000 -1,000000 -101,000000 0,000000 0,000000
524 1675374633 0,400000 -1,000000 -101,000000 0,000000 0,000000
524 1675374634 0,400000 -1,000000 -101,000000 0,000000 0,000000
524 1675374635 1,000000 -1,000000 -101,000000 0,000000 0,000000
524 1675374636 1,000000 -1,000000 -101,000000 0,000000 0,000000
524 1675374637 1,000000 -1,000000 -101,000000 0,000000 0,000000
524 1675374638 1,000000 -1,000000 -101,000000 0,000000 0,000000
524 1675374639 1,000000 -1,000000 -101,000000 0,000000 0,000000
524 1675374640 1,000000 -1,000000 -101,000000 0,000000 0,000000
524 1675374641 1,000000 -1,000000 -101,000000 0,000000 0,000000
524 1675374642 1,000000 -1,000000 -101,000000 0,000000 0,000000
524 1675374643 1,000000 -1,000000 -101,000000 0,000000 0,000000
524 1675374644 1,000000 -1,000000 -101,000000 0,000000 0,000000
524 1675374645 0,400000 -1,000000 -101,000000 0,000000 0,000000
524 1675374646 0,400000 -1,000000 -101,000000 0,000000 0,000000
524 1675374647 0,400000 -1,000000 -101,000000 0,000000 0,000000
524 1675374648 0,400000 -1,000000 -101,000000 0,000000 0,000000
524 1675374649 0,400000 -1,000000 -101,000000 0,000000 0,000000
524 1675374650 0,600000 -1,000000 -101,000000 0,000000 0,000000
524 1675374651 0,600000 -1,000000 -101,000000 0,000000 0,000000
524 1675374652 0,600000 -1,000000 -101,000000 0,000000 0,000000
524 1675374653 0,600000 -1,000000 -101,000000 0,000000 0,000000
524 1675374654 0,600000 -1,000000 -101,000000 0,000000 0,000000
524 1675374655 0,800000 -1,000000 -101,000000 0,000000 0,000000
524 1675374656 0,800000 -1,000000 -101,000000 0,000000 0,000000
524 1675374657 0,800000 -1,000000 -101,000000 0,000000 0,000000
524 1675374658 0,800000 -1,000000 -101,000000 0,000000 0,000000
524 1675374659 0,800000 -1,000000 -101,000000 0,000000 0,000000
524 1675374660 0,800000 -1,000000 -101,000000 0,000000 0,000000
524 1675374661 0,800000 -1,000000 -101,000000 0,000000 0,000000
524 1675374662 0,800000 -1,000000 -101,000000 0,000000 0,000000
524 1675374663 0,800000 -1,000000 -101,000000 0,000000 0,000000
524 1675374664 0,800000 -1,000000 -101,000000 0,000000 0,000000
524 1675374665 1,200000 -1,000000 -101,000000 0,000000 0,000000
524 1675374666 1,200000 -1,000000 -101,000000 0,000000 0,000000
524 1675374667 1,200000 -1,000000 -101,000000 0,000000 0,000000
524 1675374668 1,200000 -1,000000 -101,000000 0,000000 0,000000
524 1675374669 1,200000 -1,000000 -101,000000 0,000000 0,000000
524 1675374670 0,600000 -1,000000 -101,000000 0,000000 0,000000
524 1675374671 0,600000 -1,000000 -101,000000 0,000000 0,000000
524 1675374672 0,600000 -1,000000 -101,000000 0,000000 0,000000
524 1675374673 0,600000 -1,000000 -101,000000 0,000000 0,000000
524 1675374674 0,600000 -1,000000 -101,000000 0,000000 0,000000
524 1675374675 0,800000 -1,000000 -101,000000 0,000000 0,000000
524 1675374676 0,800000 -1,000000 -101,000000 0,000000 0,000000
524 1675374677 0,800000 -1,000000 -101,000000 0,000000 0,000000
524 1675374678 0,800000 -1,000000 -101,000000 0,000000 0,000000
524 1675374679 0,800000 -1,000000 -101,000000 0,000000 0,000000
524 1675374680 1,200000 -1,000000 -101,000000 0,000000 0,000000
524 1675374681 1,200000 -1,000000 -101,000000 0,000000 0,000000
524 1675374682 1,200000 -1,000000 -101,000000 0,000000 0,000000
524 1675374683 1,200000 -1,000000 -101,000000 0,000000 0,000000
524 1675374684 1,200000 -1,000000 -101,000000 0,000000 0,000000
524 1675374685 0,600000 -1,000000 -101,000000 0,000000 0,000000
524 1675374686 0,600000 -1,000000 -101,000000 0,000000 0,000000
524 1675374687 0,600000 -1,000000 -101,000000 0,000000 0,000000
524 1675374688 0,600000 -1,000000 -101,000000 0,000000 0,000000
524 1675374689 0,600000 -1,000000 -101,000000 0,000000 0,000000
524 1675374690 1,600000 -1,000000 -101,000000 0,000000 0,000000
524 1675374691 1,600000 -1,000000 -101,000000 0,000000 0,000000
524 1675374692 1,600000 -1,000000 -101,000000 0,000000 0,000000
524 1675374693 1,600000 -1,000000 -101,000000 0,000000 0,000000
524 1675374694 1,600000 -1,000000 -101,000000 0,000000 0,000000
524 1675374695 1,000000 -1,000000 -101,000000 0,000000 0,000000
524 1675374696 1,000000 -1,000000 -101,000000 0,000000 0,000000
524 1675374697 1,000000 -1,000000 -101,000000 0,000000 0,000000
524 1675374698 1,000000 -1,000000 -101,000000 0,000000 0,000000
524 1675374699 1,000000 -1,000000 -101,000000 0,000000 0,000000
524 1675374700 0,800000 -1,000000 -101,000000 0,000000 0,000000
524 1675374701 0,800000 -1,000000 -101,000000 0,000000 0,000000
524 1675374702 0,800000 -1,000000 -101,000000 0,000000 0,000000
524 1675374703 0,800000 -1,000000 -101,000000 0,000000 0,000000
524 1675374704 0,800000 -1,000000 -101,000000 0,000000 0,000000
524 1675374705 0,800000 -1,000000 -101,000000 0,000000 0,000000
524 1675374706 0,800000 -1,000000 -101,000000 0,000000 0,000000
524 1675374707 0,800000 -1,000000 -101,000000 0,000000 0,000000
524 1675374708 0,800000 -1,000000 -101,000000 0,000000 0,000000
524 1675374709 0,800000 -1,000000 -101,000000 0,000000 0,000000
524 1675374710 1,400000 -1,000000 -101,000000 0,000000 0,000000
524 1675374711 1,400000 -1,000000 -101,000000 0,000000 0,000000
524 1675374712 1,400000 -1,000000 -101,000000 0,000000 0,000000
524 1675374713 1,400000 -1,000000 -101,000000 0,000000 0,000000
524 1675374714 1,400000 -1,000000 -101,000000 0,000000 0,000000
524 1675374715 0,800000 -1,000000 -101,000000 0,000000 0,000000
524 1675374716 0,800000 -1,000000 -101,000000 0,000000 0,000000
524 1675374717 0,800000 -1,000000 -101,000000 0,000000 0,000000
524 1675374718 0,800000 -1,000000 -101,000000 0,000000 0,000000
524 1675374719 0,800000 -1,000000 -101,000000 0,000000 0,000000
524 1675374720 0,800000 -1,000000 -101,000000 0,000000 0,000000
524 1675374721 0,800000 -1,000000 -101,000000 0,000000 0,000000
524 1675374722 0,800000 -1,000000 -101,000000 0,000000 0,000000
524 1675374723 0,800000 -1,000000 -101,000000 0,000000 0,000000
524 1675374724 0,800000 -1,000000 -101,000000 0,000000 0,000000
524 1675374725 1,200000 -1,000000 -101,000000 0,000000 0,000000
524 1675374726 1,200000 -1,000000 -101,000000 0,000000 0,000000
524 1675374727 1,200000 -1,000000 -101,000000 0,000000 0,000000
524 1675374728 1,200000 -1,000000 -101,000000 0,000000 0,000000
524 1675374729 1,200000 -1,000000 -101,000000 0,000000 0,000000
524 1675374730 0,400000 -1,000000 -101,000000 0,000000 0,000000
524 1675374731 0,400000 -1,000000 -101,000000 0,000000 0,000000
524 1675374732 0,400000 -1,000000 -101,000000 0,000000 0,000000
524 1675374733 0,400000 -1,000000 -101,000000 0,000000 0,000000
524 1675374734 0,400000 -1,000000 -101,000000 0,000000 0,000000
524 1675374735 1,200000 -1,000000 -101,000000 0,000000 0,000000
524 1675374736 1,200000 -1,000000 -101,000000 0,000000 0,000000
524 1675374737 1,200000 -1,000000 -101,000000 0,000000 0,000000
524 1675374738 1,200000 -1,000000 -101,000000 0,000000 0,000000
524 1675374739 1,200000 -1,000000 -101,000000 0,000000 0,000000
524 1675374755 0,200000 -1,000000 -101,000000 0,000000 0,000000
524 1675374756 0,200000 -1,000000 -101,000000 0,000000 0,000000
524 1675374757 0,200000 -1,000000 -101,000000 0,000000 0,000000
524 1675374758 0,200000 -1,000000 -101,000000 0,000000 0,000000
524 1675374759 0,200000 -1,000000 -101,000000 0,000000 0,000000
524 1675374760 0,600000 -1,000000 -101,000000 0,000000 0,000000
524 1675374761 0,600000 -1,000000 -101,000000 0,000000 0,000000
524 1675374762 0,600000 -1,000000 -101,000000 0,000000 0,000000
524 1675374763 0,600000 -1,000000 -101,000000 0,000000 0,000000
524 1675374764 0,600000 -1,000000 -101,000000 0,000000 0,000000
524 1675374765 0,600000 -1,000000 -101,000000 0,000000 0,000000
524 1675374766 0,600000 -1,000000 -101,000000 0,000000 0,000000
524 1675374767 0,600000 -1,000000 -101,000000 0,000000 0,000000
524 1675374768 0,600000 -1,000000 -101,000000 0,000000 0,000000
524 1675374769 0,600000 -1,000000 -101,000000 0,000000 0,000000
524 1675374770 1,600000 -1,000000 -101,000000 0,000000 0,000000
524 1675374771 1,600000 -1,000000 -101,000000 0,000000 0,000000
524 1675374772 1,600000 -1,000000 -101,000000 0,000000 0,000000
524 1675374773 1,600000 -1,000000 -101,000000 0,000000 0,000000
524 1675374774 1,600000 -1,000000 -101,000000 0,000000 0,000000
524 1675374775 1,400000 -1,000000 -101,000000 0,000000 0,000000
524 1675374776 1,400000 -1,000000 -101,000000 0,000000 0,000000
524 1675374777 1,400000 -1,000000 -101,000000 0,000000 0,000000
524 1675374778 1,400000 -1,000000 -101,000000 0,000000 0,000000
524 1675374779 1,400000 -1,000000 -101,000000 0,000000 0,000000
524 1675374780 0,800000 -1,000000 -101,000000 0,000000 0,000000
524 1675374781 0,800000 -1,000000 -101,000000 0,000000 0,000000
524 1675374782 0,800000 -1,000000 -101,000000 0,000000 0,000000
524 1675374783 0,800000 -1,000000 -101,000000 0,000000 0,000000
524 1675374784 0,800000 -1,000000 -101,000000 0,000000 0,000000
524 1675374785 1,600000 -1,000000 -101,000000 0,000000 0,000000
524 1675374786 1,600000 -1,000000 -101,000000 0,000000 0,000000
524 1675374787 1,600000 -1,000000 -101,000000 0,000000 0,000000
524 1675374788 1,600000 -1,000000 -101,000000 0,000000 0,000000
524 1675374789 1,600000 -1,000000 -101,000000 0,000000 0,000000
524 1675374790 0,400000 -1,000000 -101,000000 0,000000 0,000000
524 1675374791 0,400000 -1,000000 -101,000000 0,000000 0,000000
524 1675374792 0,400000 -1,000000 -101,000000 0,000000 0,000000
524 1675374793 0,400000 -1,000000 -101,000000 0,000000 0,000000
524 1675374794 0,400000 -1,000000 -101,000000 0,000000 0,000000
524 1675374795 0,800000 -1,000000 -101,000000 0,000000 0,000000
524 1675374796 0,800000 -1,000000 -101,000000 0,000000 0,000000
524 1675374797 0,800000 -1,000000 -101,000000 0,000000 0,000000
524 1675374798 0,800000 -1,000000 -101,000000 0,000000 0,000000
524 1675374799 0,800000 -1,000000 -101,000000 0,000000 0,000000
524 1675374800 0,600000 -1,000000 -101,000000 0,000000 0,000000
524 1675374801 0,600000 -1,000000 -101,000000 0,000000 0,000000
524 1675374802 0,600000 -1,000000 -101,000000 0,000000 0,000000
524 1675374803 0,600000 -1,000000 -101,000000 0,000000 0,000000
524 1675374804 0,600000 -1,000000 -101,000000 0,000000 0,000000
524 1675374810 0,200000 -1,000000 -101,000000 0,000000 0,000000
524 1675374811 0,200000 -1,000000 -101,000000 0,000000 0,000000
524 1675374812 0,200000 -1,000000 -101,000000 0,000000 0,000000
524 1675374813 0,200000 -1,000000 -101,000000 0,000000 0,000000
524 1675374814 0,200000 -1,000000 -101,000000 0,000000 0,000000
524 1675374815 0,200000 -1,000000 -101,000000 0,000000 0,000000
524 1675374816 0,200000 -1,000000 -101,000000 0,000000 0,000000
524 1675374817 0,200000 -1,000000 -101,000000 0,000000 0,000000
524 1675374818 0,200000 -1,000000 -101,000000 0,000000 0,000000
524 1675374819 0,200000 -1,000000 -101,000000 0,000000 0,000000
524 1675374820 0,200000 -1,000000 -101,000000 0,000000 0,000000
524 1675374821 0,200000 -1,000000 -101,000000 0,000000 0,000000
524 1675374822 0,200000 -1,000000 -101,000000 0,000000 0,000000
524 1675374823 0,200000 -1,000000 -101,000000 0,000000 0,000000
524 1675374824 0,200000 -1,000000 -101,000000 0,000000 0,000000
524 1675374825 1,000000 -1,000000 -101,000000 0,000000 0,000000
524 1675374826 1,000000 -1,000000 -101,000000 0,000000 0,000000
524 1675374827 1,000000 -1,000000 -101,000000 0,000000 0,000000
524 1675374828 1,000000 -1,000000 -101,000000 0,000000 0,000000
524 1675374829 1,000000 -1,000000 -101,000000 0,000000 0,000000
524 1675374830 0,600000 -1,000000 -101,000000 0,000000 0,000000
524 1675374831 0,600000 -1,000000 -101,000000 0,000000 0,000000
524 1675374832 0,600000 -1,000000 -101,000000 0,000000 0,000000
524 1675374833 0,600000 -1,000000 -101,000000 0,000000 0,000000
524 1675374834 0,600000 -1,000000 -101,000000 0,000000 0,000000
524 1675374835 0,800000 -1,000000 -101,000000 0,000000 0,000000
524 1675374836 0,800000 -1,000000 -101,000000 0,000000 0,000000
524 1675374837 0,800000 -1,000000 -101,000000 0,000000 0,000000
524 1675374838 0,800000 -1,000000 -101,000000 0,000000 0,000000
524 1675374839 0,800000 -1,000000 -101,000000 0,000000 0,000000
524 1675374840 0,800000 -1,000000 -101,000000 0,000000 0,000000
524 1675374841 0,800000 -1,000000 -101,000000 0,000000 0,000000
524 1675374842 0,800000 -1,000000 -101,000000 0,000000 0,000000
524 1675374843 0,800000 -1,000000 -101,000000 0,000000 0,000000
524 1675374844 0,800000 -1,000000 -101,000000 0,000000 0,000000
524 1675374845 1,400000 -1,000000 -101,000000 0,000000 0,000000
524 1675374846 1,400000 -1,000000 -101,000000 0,000000 0,000000
524 1675374847 1,400000 -1,000000 -101,000000 0,000000 0,000000
524 1675374848 1,400000 -1,000000 -101,000000 0,000000 0,000000
524 1675374849 1,400000 -1,000000 -101,000000 0,000000 0,000000
524 1675374850 1,200000 -1,000000 -101,000000 0,000000 0,000000
524 1675374851 1,200000 -1,000000 -101,000000 0,000000 0,000000
524 1675374852 1,200000 -1,000000 -101,000000 0,000000 0,000000
524 1675374853 1,200000 -1,000000 -101,000000 0,000000 0,000000
524 1675374854 1,200000 -1,000000 -101,000000 0,000000 0,000000
524 1675374855 0,200000 -1,000000 -101,000000 0,000000 0,000000
524 1675374856 0,200000 -1,000000 -101,000000 0,000000 0,000000
524 1675374857 0,200000 -1,000000 -101,000000 0,000000 0,000000
524 1675374858 0,200000 -1,000000 -101,000000 0,000000 0,000000
524 1675374859 0,200000 -1,000000 -101,000000 0,000000 0,000000
524 1675374860 1,200000 -1,000000 -101,000000 0,000000 0,000000
524 1675374861 1,200000 -1,000000 -101,000000 0,000000 0,000000
524 1675374862 1,200000 -1,000000 -101,000000 0,000000 0,000000
524 1675374863 1,200000 -1,000000 -101,000000 0,000000 0,000000
524 1675374864 1,200000 -1,000000 -101,000000 0,000000 0,000000
524 1675374865 3,200000 -1,000000 -101,000000 0,000000 0,000000
524 1675374866 3,200000 -1,000000 -101,000000 0,000000 0,000000
524 1675374867 3,200000 -1,000000 -101,000000 0,000000 0,000000
524 1675374868 3,200000 -1,000000 -101,000000 0,000000 0,000000
524 1675374869 3,200000 -1,000000 -101,000000 0,000000 0,000000
524 1675374870 0,200000 -1,000000 -101,000000 0,000000 0,000000
524 1675374871 0,200000 -1,000000 -101,000000 0,000000 0,000000
524 1675374872 0,200000 -1,000000 -101,000000 0,000000 0,000000
524 1675374873 0,200000 -1,000000 -101,000000 0,000000 0,000000
524 1675374874 0,200000 -1,000000 -101,000000 0,000000 0,000000
524 1675374875 0,600000 -1,000000 -101,000000 0,000000 0,000000
524 1675374876 0,600000 -1,000000 -101,000000 0,000000 0,000000
524 1675374877 0,600000 -1,000000 -101,000000 0,000000 0,000000
524 1675374878 0,600000 -1,000000 -101,000000 0,000000 0,000000
524 1675374879 0,600000 -1,000000 -101,000000 0,000000 0,000000
524 1675374880 0,400000 -1,000000 -101,000000 0,000000 0,000000
524 1675374881 0,400000 -1,000000 -101,000000 0,000000 0,000000
524 1675374882 0,400000 -1,000000 -101,000000 0,000000 0,000000
524 1675374883 0,400000 -1,000000 -101,000000 0,000000 0,000000
524 1675374884 0,400000 -1,000000 -101,000000 0,000000 0,000000
524 1675374885 1,000000 -1,000000 -101,000000 0,000000 0,000000
524 1675374886 1,000000 -1,000000 -101,000000 0,000000 0,000000
524 1675374887 1,000000 -1,000000 -101,000000 0,000000 0,000000
524 1675374888 1,000000 -1,000000 -101,000000 0,000000 0,000000
524 1675374889 1,000000 -1,000000 -101,000000 0,000000 0,000000
524 1675374890 1,800000 -1,000000 -101,000000 0,000000 0,000000
524 1675374891 1,800000 -1,000000 -101,000000 0,000000 0,000000
524 1675374892 1,800000 -1,000000 -101,000000 0,000000 0,000000
524 1675374893 1,800000 -1,000000 -101,000000 0,000000 0,000000
524 1675374894 1,800000 -1,000000 -101,000000 0,000000 0,000000
524 1675374895 0,800000 -1,000000 -101,000000 0,000000 0,000000
524 1675374896 0,800000 -1,000000 -101,000000 0,000000 0,000000
524 1675374897 0,800000 -1,000000 -101,000000 0,000000 0,000000
524 1675374898 0,800000 -1,000000 -101,000000 0,000000 0,000000
524 1675374899 0,800000 -1,000000 -101,000000 0,000000 0,000000
524 1675374900 1,000000 -1,000000 -101,000000 0,000000 0,000000
524 1675374901 1,000000 -1,000000 -101,000000 0,000000 0,000000
524 1675374902 1,000000 -1,000000 -101,000000 0,000000 0,000000
524 1675374903 1,000000 -1,000000 -101,000000 0,000000 0,000000
524 1675374904 1,000000 -1,000000 -101,000000 0,000000 0,000000
524 1675374905 0,800000 -1,000000 -101,000000 0,000000 0,000000
524 1675374906 0,800000 -1,000000 -101,000000 0,000000 0,000000
524 1675374907 0,800000 -1,000000 -101,000000 0,000000 0,000000
524 1675374908 0,800000 -1,000000 -101,000000 0,000000 0,000000
524 1675374909 0,800000 -1,000000 -101,000000 0,000000 0,000000
524 1675374910 1,000000 -1,000000 -101,000000 0,000000 0,000000
524 1675374911 1,000000 -1,000000 -101,000000 0,000000 0,000000
524 1675374912 1,000000 -1,000000 -101,000000 0,000000 0,000000
524 1675374913 1,000000 -1,000000 -101,000000 0,000000 0,000000
524 1675374914 1,000000 -1,000000 -101,000000 0,000000 0,000000
524 1675374915 1,400000 -1,000000 -101,000000 0,000000 0,000000
524 1675374916 1,400000 -1,000000 -101,000000 0,000000 0,000000
524 1675374917 1,400000 -1,000000 -101,000000 0,000000 0,000000
524 1675374918 1,400000 -1,000000 -101,000000 0,000000 0,000000
524 1675374919 1,400000 -1,000000 -101,000000 0,000000 0,000000
524 1675374920 1,800000 -1,000000 -101,000000 0,000000 0,000000
524 1675374921 1,800000 -1,000000 -101,000000 0,000000 0,000000
524 1675374922 1,800000 -1,000000 -101,000000 0,000000 0,000000
524 1675374923 1,800000 -1,000000 -101,000000 0,000000 0,000000
524 1675374924 1,800000 -1,000000 -101,000000 0,000000 0,000000
524 1675374925 1,200000 -1,000000 -101,000000 0,000000 0,000000
524 1675374926 1,200000 -1,000000 -101,000000 0,000000 0,000000
524 1675374927 1,200000 -1,000000 -101,000000 0,000000 0,000000
524 1675374928 1,200000 -1,000000 -101,000000 0,000000 0,000000
524 1675374929 1,200000 -1,000000 -101,000000 0,000000 0,000000
524 1675374930 1,400000 -1,000000 -101,000000 0,000000 0,000000
524 1675374931 1,400000 -1,000000 -101,000000 0,000000 0,000000
524 1675374932 1,400000 -1,000000 -101,000000 0,000000 0,000000
524 1675374933 1,400000 -1,000000 -101,000000 0,000000 0,000000
524 1675374934 1,400000 -1,000000 -101,000000 0,000000 0,000000
524 1675374935 1,600000 -1,000000 -101,000000 0,000000 0,000000
524 1675374936 1,600000 -1,000000 -101,000000 0,000000 0,000000
524 1675374937 1,600000 -1,000000 -101,000000 0,000000 0,000000
524 1675374938 1,600000 -1,000000 -101,000000 0,000000 0,000000
524 1675374939 1,600000 -1,000000 -101,000000 0,000000 0,000000
524 1675374940 0,800000 -1,000000 -101,000000 0,000000 0,000000
524 1675374941 0,800000 -1,000000 -101,000000 0,000000 0,000000
524 1675374942 0,800000 -1,000000 -101,000000 0,000000 0,000000
524 1675374943 0,800000 -1,000000 -101,000000 0,000000 0,000000
524 1675374944 0,800000 -1,000000 -101,000000 0,000000 0,000000
524 1675374945 0,400000 -1,000000 -101,000000 0,000000 0,000000
524 1675374946 0,400000 -1,000000 -101,000000 0,000000 0,000000
524 1675374947 0,400000 -1,000000 -101,000000 0,000000 0,000000
524 1675374948 0,400000 -1,000000 -101,000000 0,000000 0,000000
524 1675374949 0,400000 -1,000000 -101,000000 0,000000 0,000000
524 1675374950 1,200000 -1,000000 -101,000000 0,000000 0,000000
524 1675374951 1,200000 -1,000000 -101,000000 0,000000 0,000000
524 1675374952 1,200000 -1,000000 -101,000000 0,000000 0,000000
524 1675374953 1,200000 -1,000000 -101,000000 0,000000 0,000000
524 1675374954 1,200000 -1,000000 -101,000000 0,000000 0,000000
524 1675374955 0,600000 -1,000000 -101,000000 0,000000 0,000000
524 1675374956 0,600000 -1,000000 -101,000000 0,000000 0,000000
524 1675374957 0,600000 -1,000000 -101,000000 0,000000 0,000000
524 1675374958 0,600000 -1,000000 -101,000000 0,000000 0,000000
524 1675374959 0,600000 -1,000000 -101,000000 0,000000 0,000000
524 1675374960 0,600000 -1,000000 -101,000000 0,000000 0,000000
524 1675374961 0,600000 -1,000000 -101,000000 0,000000 0,000000
524 1675374962 0,600000 -1,000000 -101,000000 0,000000 0,000000
524 1675374963 0,600000 -1,000000 -101,000000 0,000000 0,000000
524 1675374964 0,600000 -1,000000 -101,000000 0,000000 0,000000
524 1675374965 0,600000 -1,000000 -101,000000 0,000000 0,000000
524 1675374966 0,600000 -1,000000 -101,000000 0,000000 0,000000
524 1675374967 0,600000 -1,000000 -101,000000 0,000000 0,000000
524 1675374968 0,600000 -1,000000 -101,000000 0,000000 0,000000
524 1675374969 0,600000 -1,000000 -101,000000 0,000000 0,000000
524 1675374970 0,400000 -1,000000 -101,000000 0,000000 0,000000
524 1675374971 0,400000 -1,000000 -101,000000 0,000000 0,000000
524 1675374972 0,400000 -1,000000 -101,000000 0,000000 0,000000
524 1675374973 0,400000 -1,000000 -101,000000 0,000000 0,000000
524 1675374974 0,400000 -1,000000 -101,000000 0,000000 0,000000
524 1675374975 1,000000 -1,000000 -101,000000 0,000000 0,000000
524 1675374976 1,000000 -1,000000 -101,000000 0,000000 0,000000
524 1675374977 1,000000 -1,000000 -101,000000 0,000000 0,000000
524 1675374978 1,000000 -1,000000 -101,000000 0,000000 0,000000
524 1675374979 1,000000 -1,000000 -101,000000 0,000000 0,000000
524 1675374980 0,600000 -1,000000 -101,000000 0,000000 0,000000
524 1675374981 0,600000 -1,000000 -101,000000 0,000000 0,000000
524 1675374982 0,600000 -1,000000 -101,000000 0,000000 0,000000
524 1675374983 0,600000 -1,000000 -101,000000 0,000000 0,000000
524 1675374984 0,600000 -1,000000 -101,000000 0,000000 0,000000
524 1675375044 0,800000 -1,000000 0,800000 0,800000 0,128000
524 1675375043 0,800000 -1,000000 0,800000 0,800000 0,128000
524 1675375042 0,800000 -1,000000 0,800000 0,800000 0,128000
524 1675375041 0,800000 -1,000000 0,800000 0,800000 0,128000
524 1675375040 0,800000 -1,000000 0,800000 0,800000 0,128000
524 1675375039 0,800000 -1,000000 0,800000 0,800000 0,128000
524 1675375038 0,800000 -1,000000 0,800000 0,800000 0,128000
524 1675375037 0,800000 -1,000000 0,800000 0,800000 0,128000
524 1675375036 0,800000 -1,000000 0,800000 0,800000 0,128000
524 1675375035 0,800000 -1,000000 0,800000 0,800000 0,128000
524 1675375034 1,200000 -1,000000 1,200000 1,200000 0,288000
524 1675375033 1,200000 -1,000000 1,200000 1,200000 0,288000
524 1675375032 1,200000 -1,000000 1,200000 1,200000 0,288000
524 1675375031 1,200000 -1,000000 1,200000 1,200000 0,288000
524 1675375030 1,200000 -1,000000 1,200000 1,200000 0,288000
524 1675375029 0,800000 -1,000000 0,800000 0,800000 0,128000
524 1675375028 0,800000 -1,000000 0,800000 0,800000 0,128000
524 1675375027 0,800000 -1,000000 0,800000 0,800000 0,128000
524 1675375026 0,800000 -1,000000 0,800000 0,800000 0,128000
524 1675375025 0,800000 -1,000000 0,800000 0,800000 0,128000
524 1675375024 0,600000 -1,000000 0,600000 0,600000 0,072000
524 1675375023 0,600000 -1,000000 0,600000 0,600000 0,072000
524 1675375022 0,600000 -1,000000 0,600000 0,600000 0,072000
524 1675375021 0,600000 -1,000000 0,600000 0,600000 0,072000
524 1675375020 0,600000 -1,000000 0,600000 0,600000 0,072000
524 1675375019 1,600000 -1,000000 1,600000 1,600000 0,512000
524 1675375018 1,600000 -1,000000 1,600000 1,600000 0,512000
524 1675375017 1,600000 -1,000000 1,600000 1,600000 0,512000
524 1675375016 1,600000 -1,000000 1,600000 1,600000 0,512000
524 1675375015 1,600000 -1,000000 1,600000 1,600000 0,512000
524 1675375014 2,200000 -1,000000 2,200000 2,200000 0,968000
524 1675375013 2,200000 -1,000000 2,200000 2,200000 0,968000
524 1675375012 2,200000 -1,000000 2,200000 2,200000 0,968000
524 1675375011 2,200000 -1,000000 2,200000 2,200000 0,968000
524 1675375010 2,200000 -1,000000 2,200000 2,200000 0,968000
524 1675375009 0,800000 -1,000000 0,800000 0,800000 0,128000
524 1675375008 0,800000 -1,000000 0,800000 0,800000 0,128000
524 1675375007 0,800000 -1,000000 0,800000 0,800000 0,128000
524 1675375006 0,800000 -1,000000 0,800000 0,800000 0,128000
524 1675375005 0,800000 -1,000000 0,800000 0,800000 0,128000
524 1675375004 1,400000 -1,000000 1,400000 1,400000 0,392000
524 1675375003 1,400000 -1,000000 1,400000 1,400000 0,392000
524 1675375002 1,400000 -1,000000 1,400000 1,400000 0,392000
524 1675375001 1,400000 -1,000000 1,400000 1,400000 0,392000
524 1675375000 1,400000 -1,000000 1,400000 1,400000 0,392000
524 1675374999 1,400000 -1,000000 1,400000 1,400000 0,392000
524 1675374998 1,400000 -1,000000 1,400000 1,400000 0,392000
524 1675374997 1,400000 -1,000000 1,400000 1,400000 0,392000
524 1675374996 1,400000 -1,000000 1,400000 1,400000 0,392000
524 1675374995 1,400000 -1,000000 1,400000 1,400000 0,392000
524 1675374994 0,600000 -1,000000 0,600000 0,600000 0,072000
524 1675374993 0,600000 -1,000000 0,600000 0,600000 0,072000
524 1675374992 0,600000 -1,000000 0,600000 0,600000 0,072000
524 1675374991 0,600000 -1,000000 0,600000 0,600000 0,072000
524 1675374990 0,600000 -1,000000 0,600000 0,600000 0,072000
524 1675374989 1,000000 -1,000000 1,000000 1,000000 0,200000
524 1675374988 1,000000 -1,000000 1,000000 1,000000 0,200000
524 1675374987 1,000000 -1,000000 1,000000 1,000000 0,200000
524 1675374986 1,000000 -1,000000 1,000000 1,000000 0,200000
524 1675374985 1,000000 -1,000000 1,000000 1,000000 0,200000
524 1675374985 1,000000 -1,000000 -101,000000 0,000000 0,000000
524 1675374986 1,000000 -1,000000 -101,000000 0,000000 0,000000
524 1675374987 1,000000 -1,000000 -101,000000 0,000000 0,000000
524 1675374988 1,000000 -1,000000 -101,000000 0,000000 0,000000
524 1675374989 1,000000 -1,000000 -101,000000 0,000000 0,000000
524 1675374990 0,600000 -1,000000 -101,000000 0,000000 0,000000
524 1675374991 0,600000 -1,000000 -101,000000 0,000000 0,000000
524 1675374992 0,600000 -1,000000 -101,000000 0,000000 0,000000
524 1675374993 0,600000 -1,000000 -101,000000 0,000000 0,000000
524 1675374994 0,600000 -1,000000 -101,000000 0,000000 0,000000
524 1675374995 1,400000 -1,000000 -101,000000 0,000000 0,000000
524 1675374996 1,400000 -1,000000 -101,000000 0,000000 0,000000
524 1675374997 1,400000 -1,000000 -101,000000 0,000000 0,000000
524 1675374998 1,400000 -1,000000 -101,000000 0,000000 0,000000
524 1675374999 1,400000 -1,000000 -101,000000 0,000000 0,000000
524 1675375000 1,400000 -1,000000 -101,000000 0,000000 0,000000
524 1675375001 1,400000 -1,000000 -101,000000 0,000000 0,000000
524 1675375002 1,400000 -1,000000 -101,000000 0,000000 0,000000
524 1675375003 1,400000 -1,000000 -101,000000 0,000000 0,000000
524 1675375004 1,400000 -1,000000 -101,000000 0,000000 0,000000
524 1675375005 0,800000 -1,000000 -101,000000 0,000000 0,000000
524 1675375006 0,800000 -1,000000 -101,000000 0,000000 0,000000
524 1675375007 0,800000 -1,000000 -101,000000 0,000000 0,000000
524 1675375008 0,800000 -1,000000 -101,000000 0,000000 0,000000
524 1675375009 0,800000 -1,000000 -101,000000 0,000000 0,000000
524 1675375010 2,200000 -1,000000 -101,000000 0,000000 0,000000
524 1675375011 2,200000 -1,000000 -101,000000 0,000000 0,000000
524 1675375012 2,200000 -1,000000 -101,000000 0,000000 0,000000
524 1675375013 2,200000 -1,000000 -101,000000 0,000000 0,000000
524 1675375014 2,200000 -1,000000 -101,000000 0,000000 0,000000
524 1675375015 1,600000 -1,000000 -101,000000 0,000000 0,000000
524 1675375016 1,600000 -1,000000 -101,000000 0,000000 0,000000
524 1675375017 1,600000 -1,000000 -101,000000 0,000000 0,000000
524 1675375018 1,600000 -1,000000 -101,000000 0,000000 0,000000
524 1675375019 1,600000 -1,000000 -101,000000 0,000000 0,000000
524 1675375020 0,600000 -1,000000 -101,000000 0,000000 0,000000
524 1675375021 0,600000 -1,000000 -101,000000 0,000000 0,000000
524 1675375022 0,600000 -1,000000 -101,000000 0,000000 0,000000
524 1675375023 0,600000 -1,000000 -101,000000 0,000000 0,000000
524 1675375024 0,600000 -1,000000 -101,000000 0,000000 0,000000
524 1675375025 0,800000 -1,000000 -101,000000 0,000000 0,000000
524 1675375026 0,800000 -1,000000 -101,000000 0,000000 0,000000
524 1675375027 0,800000 -1,000000 -101,000000 0,000000 0,000000
524 1675375028 0,800000 -1,000000 -101,000000 0,000000 0,000000
524 1675375029 0,800000 -1,000000 -101,000000 0,000000 0,000000
524 1675375030 1,200000 -1,000000 -101,000000 0,000000 0,000000
524 1675375031 1,200000 -1,000000 -101,000000 0,000000 0,000000
524 1675375032 1,200000 -1,000000 -101,000000 0,000000 0,000000
524 1675375033 1,200000 -1,000000 -101,000000 0,000000 0,000000
524 1675375034 1,200000 -1,000000 -101,000000 0,000000 0,000000
524 1675375035 0,800000 -1,000000 -101,000000 0,000000 0,000000
524 1675375036 0,800000 -1,000000 -101,000000 0,000000 0,000000
524 1675375037 0,800000 -1,000000 -101,000000 0,000000 0,000000
524 1675375038 0,800000 -1,000000 -101,000000 0,000000 0,000000
524 1675375039 0,800000 -1,000000 -101,000000 0,000000 0,000000
524 1675375040 0,800000 -1,000000 -101,000000 0,000000 0,000000
524 1675375041 0,800000 -1,000000 -101,000000 0,000000 0,000000
524 1675375042 0,800000 -1,000000 -101,000000 0,000000 0,000000
524 1675375043 0,800000 -1,000000 -101,000000 0,000000 0,000000
524 1675375044 0,800000 -1,000000 -101,000000 0,000000 0,000000
524 1675375045 1,600000 -1,000000 -101,000000 0,000000 0,000000
524 1675375046 1,600000 -1,000000 -101,000000 0,000000 0,000000
524 1675375047 1,600000 -1,000000 -101,000000 0,000000 0,000000
524 1675375048 1,600000 -1,000000 -101,000000 0,000000 0,000000
524 1675375049 1,600000 -1,000000 -101,000000 0,000000 0,000000
524 1675375050 0,800000 -1,000000 -101,000000 0,000000 0,000000
524 1675375051 0,800000 -1,000000 -101,000000 0,000000 0,000000
524 1675375052 0,800000 -1,000000 -101,000000 0,000000 0,000000
524 1675375053 0,800000 -1,000000 -101,000000 0,000000 0,000000
524 1675375054 0,800000 -1,000000 -101,000000 0,000000 0,000000
524 1675375055 0,400000 -1,000000 -101,000000 0,000000 0,000000
524 1675375056 0,400000 -1,000000 -101,000000 0,000000 0,000000
524 1675375057 0,400000 -1,000000 -101,000000 0,000000 0,000000
524 1675375058 0,400000 -1,000000 -101,000000 0,000000 0,000000
524 1675375059 0,400000 -1,000000 -101,000000 0,000000 0,000000
524 1675375060 0,200000 -1,000000 -101,000000 0,000000 0,000000
524 1675375061 0,200000 -1,000000 -101,000000 0,000000 0,000000
524 1675375062 0,200000 -1,000000 -101,000000 0,000000 0,000000
524 1675375063 0,200000 -1,000000 -101,000000 0,000000 0,000000
524 1675375064 0,200000 -1,000000 -101,000000 0,000000 0,000000
524 1675375065 0,600000 -1,000000 -101,000000 0,000000 0,000000
524 1675375066 0,600000 -1,000000 -101,000000 0,000000 0,000000
524 1675375067 0,600000 -1,000000 -101,000000 0,000000 0,000000
524 1675375068 0,600000 -1,000000 -101,000000 0,000000 0,000000
524 1675375069 0,600000 -1,000000 -101,000000 0,000000 0,000000
524 1675375070 1,000000 -1,000000 -101,000000 0,000000 0,000000
524 1675375071 1,000000 -1,000000 -101,000000 0,000000 0,000000
524 1675375072 1,000000 -1,000000 -101,000000 0,000000 0,000000
524 1675375073 1,000000 -1,000000 -101,000000 0,000000 0,000000
524 1675375074 1,000000 -1,000000 -101,000000 0,000000 0,000000
524 1675375075 1,800000 -1,000000 -101,000000 0,000000 0,000000
524 1675375076 1,800000 -1,000000 -101,000000 0,000000 0,000000
524 1675375077 1,800000 -1,000000 -101,000000 0,000000 0,000000
524 1675375078 1,800000 -1,000000 -101,000000 0,000000 0,000000
524 1675375079 1,800000 -1,000000 -101,000000 0,000000 0,000000
524 1675375080 0,800000 -1,000000 -101,000000 0,000000 0,000000
524 1675375081 0,800000 -1,000000 -101,000000 0,000000 0,000000
524 1675375082 0,800000 -1,000000 -101,000000 0,000000 0,000000
524 1675375083 0,800000 -1,000000 -101,000000 0,000000 0,000000
524 1675375084 0,800000 -1,000000 -101,000000 0,000000 0,000000
524 1675375085 1,200000 -1,000000 -101,000000 0,000000 0,000000
524 1675375086 1,200000 -1,000000 -101,000000 0,000000 0,000000
524 1675375087 1,200000 -1,000000 -101,000000 0,000000 0,000000
524 1675375088 1,200000 -1,000000 -101,000000 0,000000 0,000000
524 1675375089 1,200000 -1,000000 -101,000000 0,000000 0,000000
524 1675375090 1,000000 -1,000000 -101,000000 0,000000 0,000000
524 1675375091 1,000000 -1,000000 -101,000000 0,000000 0,000000
524 1675375092 1,000000 -1,000000 -101,000000 0,000000 0,000000
524 1675375093 1,000000 -1,000000 -101,000000 0,000000 0,000000
524 1675375094 1,000000 -1,000000 -101,000000 0,000000 0,000000
524 1675375095 0,800000 -1,000000 -101,000000 0,000000 0,000000
524 1675375096 0,800000 -1,000000 -101,000000 0,000000 0,000000
524 1675375097 0,800000 -1,000000 -101,000000 0,000000 0,000000
524 1675375098 0,800000 -1,000000 -101,000000 0,000000 0,000000
524 1675375099 0,800000 -1,000000 -101,000000 0,000000 0,000000
524 1675375100 0,600000 -1,000000 -101,000000 0,000000 0,000000
524 1675375101 0,600000 -1,000000 -101,000000 0,000000 0,000000
524 1675375102 0,600000 -1,000000 -101,000000 0,000000 0,000000
524 1675375103 0,600000 -1,000000 -101,000000 0,000000 0,000000
524 1675375104 0,600000 -1,000000 -101,000000 0,000000 0,000000
524 1675375105 1,400000 -1,000000 -101,000000 0,000000 0,000000
524 1675375106 1,400000 -1,000000 -101,000000 0,000000 0,000000
524 1675375107 1,400000 -1,000000 -101,000000 0,000000 0,000000
524 1675375108 1,400000 -1,000000 -101,000000 0,000000 0,000000
524 1675375109 1,400000 -1,000000 -101,000000 0,000000 0,000000
524 1675375110 1,200000 -1,000000 -101,000000 0,000000 0,000000
524 1675375111 1,200000 -1,000000 -101,000000 0,000000 0,000000
524 1675375112 1,200000 -1,000000 -101,000000 0,000000 0,000000
524 1675375113 1,200000 -1,000000 -101,000000 0,000000 0,000000
524 1675375114 1,200000 -1,000000 -101,000000 0,000000 0,000000
524 1675375115 0,800000 -1,000000 -101,000000 0,000000 0,000000
524 1675375116 0,800000 -1,000000 -101,000000 0,000000 0,000000
524 1675375117 0,800000 -1,000000 -101,000000 0,000000 0,000000
524 1675375118 0,800000 -1,000000 -101,000000 0,000000 0,000000
524 1675375119 0,800000 -1,000000 -101,000000 0,000000 0,000000
524 1675375120 0,600000 -1,000000 -101,000000 0,000000 0,000000
524 1675375121 0,600000 -1,000000 -101,000000 0,000000 0,000000
524 1675375122 0,600000 -1,000000 -101,000000 0,000000 0,000000
524 1675375123 0,600000 -1,000000 -101,000000 0,000000 0,000000
524 1675375124 0,600000 -1,000000 -101,000000 0,000000 0,000000
524 1675375125 0,800000 -1,000000 -101,000000 0,000000 0,000000
524 1675375126 0,800000 -1,000000 -101,000000 0,000000 0,000000
524 1675375127 0,800000 -1,000000 -101,000000 0,000000 0,000000
524 1675375128 0,800000 -1,000000 -101,000000 0,000000 0,000000
524 1675375129 0,800000 -1,000000 -101,000000 0,000000 0,000000
524 1675375130 1,400000 -1,000000 -101,000000 0,000000 0,000000
524 1675375131 1,400000 -1,000000 -101,000000 0,000000 0,000000
524 1675375132 1,400000 -1,000000 -101,000000 0,000000 0,000000
524 1675375133 1,400000 -1,000000 -101,000000 0,000000 0,000000
524 1675375134 1,400000 -1,000000 -101,000000 0,000000 0,000000
524 1675375135 1,200000 -1,000000 -101,000000 0,000000 0,000000
524 1675375136 1,200000 -1,000000 -101,000000 0,000000 0,000000
524 1675375137 1,200000 -1,000000 -101,000000 0,000000 0,000000
524 1675375138 1,200000 -1,000000 -101,000000 0,000000 0,000000
524 1675375139 1,200000 -1,000000 -101,000000 0,000000 0,000000
524 1675375140 1,000000 -1,000000 -101,000000 0,000000 0,000000
524 1675375141 1,000000 -1,000000 -101,000000 0,000000 0,000000
524 1675375142 1,000000 -1,000000 -101,000000 0,000000 0,000000
524 1675375143 1,000000 -1,000000 -101,000000 0,000000 0,000000
524 1675375144 1,000000 -1,000000 -101,000000 0,000000 0,000000
524 1675375145 0,800000 -1,000000 -101,000000 0,000000 0,000000
524 1675375146 0,800000 -1,000000 -101,000000 0,000000 0,000000
524 1675375147 0,800000 -1,000000 -101,000000 0,000000 0,000000
524 1675375148 0,800000 -1,000000 -101,000000 0,000000 0,000000
524 1675375149 0,800000 -1,000000 -101,000000 0,000000 0,000000
524 1675375150 1,200000 -1,000000 -101,000000 0,000000 0,000000
524 1675375151 1,200000 -1,000000 -101,000000 0,000000 0,000000
524 1675375152 1,200000 -1,000000 -101,000000 0,000000 0,000000
524 1675375153 1,200000 -1,000000 -101,000000 0,000000 0,000000
524 1675375154 1,200000 -1,000000 -101,000000 0,000000 0,000000
524 1675375155 0,600000 -1,000000 -101,000000 0,000000 0,000000
524 1675375156 0,600000 -1,000000 -101,000000 0,000000 0,000000
524 1675375157 0,600000 -1,000000 -101,000000 0,000000 0,000000
524 1675375158 0,600000 -1,000000 -101,000000 0,000000 0,000000
524 1675375159 0,600000 -1,000000 -101,000000 0,000000 0,000000
524 1675375160 1,200000 -1,000000 -101,000000 0,000000 0,000000
524 1675375161 1,200000 -1,000000 -101,000000 0,000000 0,000000
524 1675375162 1,200000 -1,000000 -101,000000 0,000000 0,000000
524 1675375163 1,200000 -1,000000 -101,000000 0,000000 0,000000
524 1675375164 1,200000 -1,000000 -101,000000 0,000000 0,000000
524 1675375165 0,600000 -1,000000 -101,000000 0,000000 0,000000
524 1675375166 0,600000 -1,000000 -101,000000 0,000000 0,000000
524 1675375167 0,600000 -1,000000 -101,000000 0,000000 0,000000
524 1675375168 0,600000 -1,000000 -101,000000 0,000000 0,000000
524 1675375169 0,600000 -1,000000 -101,000000 0,000000 0,000000
524 1675375170 1,400000 -1,000000 -101,000000 0,000000 0,000000
524 1675375171 1,400000 -1,000000 -101,000000 0,000000 0,000000
524 1675375172 1,400000 -1,000000 -101,000000 0,000000 0,000000
524 1675375173 1,400000 -1,000000 -101,000000 0,000000 0,000000
524 1675375174 1,400000 -1,000000 -101,000000 0,000000 0,000000
524 1675375175 0,200000 -1,000000 -101,000000 0,000000 0,000000
524 1675375176 0,200000 -1,000000 -101,000000 0,000000 0,000000
524 1675375177 0,200000 -1,000000 -101,000000 0,000000 0,000000
524 1675375178 0,200000 -1,000000 -101,000000 0,000000 0,000000
524 1675375179 0,200000 -1,000000 -101,000000 0,000000 0,000000
524 1675375180 0,200000 -1,000000 -101,000000 0,000000 0,000000
524 1675375181 0,200000 -1,000000 -101,000000 0,000000 0,000000
524 1675375182 0,200000 -1,000000 -101,000000 0,000000 0,000000
524 1675375183 0,200000 -1,000000 -101,000000 0,000000 0,000000
524 1675375184 0,200000 -1,000000 -101,000000 0,000000 0,000000
524 1675375185 0,200000 -1,000000 -101,000000 0,000000 0,000000
524 1675375186 0,200000 -1,000000 -101,000000 0,000000 0,000000
524 1675375187 0,200000 -1,000000 -101,000000 0,000000 0,000000
524 1675375188 0,200000 -1,000000 -101,000000 0,000000 0,000000
524 1675375189 0,200000 -1,000000 -101,000000 0,000000 0,000000
524 1675375190 0,200000 -1,000000 -101,000000 0,000000 0,000000
524 1675375191 0,200000 -1,000000 -101,000000 0,000000 0,000000
524 1675375192 0,200000 -1,000000 -101,000000 0,000000 0,000000
524 1675375193 0,200000 -1,000000 -101,000000 0,000000 0,000000
524 1675375194 0,200000 -1,000000 -101,000000 0,000000 0,000000
524 1675375195 1,200000 -1,000000 -101,000000 0,000000 0,000000
524 1675375196 1,200000 -1,000000 -101,000000 0,000000 0,000000
524 1675375197 1,200000 -1,000000 -101,000000 0,000000 0,000000
524 1675375198 1,200000 -1,000000 -101,000000 0,000000 0,000000
524 1675375199 1,200000 -1,000000 -101,000000 0,000000 0,000000
524 1675375200 0,600000 -1,000000 -101,000000 0,000000 0,000000
524 1675375201 0,600000 -1,000000 -101,000000 0,000000 0,000000
524 1675375202 0,600000 -1,000000 -101,000000 0,000000 0,000000
524 1675375203 0,600000 -1,000000 -101,000000 0,000000 0,000000
524 1675375204 0,600000 -1,000000 -101,000000 0,000000 0,000000
524 1675375205 1,000000 -1,000000 -101,000000 0,000000 0,000000
524 1675375206 1,000000 -1,000000 -101,000000 0,000000 0,000000
524 1675375207 1,000000 -1,000000 -101,000000 0,000000 0,000000
524 1675375208 1,000000 -1,000000 -101,000000 0,000000 0,000000
524 1675375209 1,000000 -1,000000 -101,000000 0,000000 0,000000
524 1675375210 0,800000 -1,000000 -101,000000 0,000000 0,000000
524 1675375211 0,800000 -1,000000 -101,000000 0,000000 0,000000
524 1675375212 0,800000 -1,000000 -101,000000 0,000000 0,000000
524 1675375213 0,800000 -1,000000 -101,000000 0,000000 0,000000
524 1675375214 0,800000 -1,000000 -101,000000 0,000000 0,000000
524 1675375215 2,000000 -1,000000 -101,000000 0,000000 0,000000
524 1675375216 2,000000 -1,000000 -101,000000 0,000000 0,000000
524 1675375217 2,000000 -1,000000 -101,000000 0,000000 0,000000
524 1675375218 2,000000 -1,000000 -101,000000 0,000000 0,000000
524 1675375219 2,000000 -1,000000 -101,000000 0,000000 0,000000
524 1675375220 1,200000 -1,000000 -101,000000 0,000000 0,000000
524 1675375221 1,200000 -1,000000 -101,000000 0,000000 0,000000
524 1675375222 1,200000 -1,000000 -101,000000 0,000000 0,000000
524 1675375223 1,200000 -1,000000 -101,000000 0,000000 0,000000
524 1675375224 1,200000 -1,000000 -101,000000 0,000000 0,000000
524 1675375225 1,400000 -1,000000 -101,000000 0,000000 0,000000
524 1675375226 1,400000 -1,000000 -101,000000 0,000000 0,000000
524 1675375227 1,400000 -1,000000 -101,000000 0,000000 0,000000
524 1675375228 1,400000 -1,000000 -101,000000 0,000000 0,000000
524 1675375229 1,400000 -1,000000 -101,000000 0,000000 0,000000
524 1675375230 2,200000 -1,000000 -101,000000 0,000000 0,000000
524 1675375231 2,200000 -1,000000 -101,000000 0,000000 0,000000
524 1675375232 2,200000 -1,000000 -101,000000 0,000000 0,000000
524 1675375233 2,200000 -1,000000 -101,000000 0,000000 0,000000
524 1675375234 2,200000 -1,000000 -101,000000 0,000000 0,000000
524 1675375235 1,600000 -1,000000 -101,000000 0,000000 0,000000
524 1675375236 1,600000 -1,000000 -101,000000 0,000000 0,000000
524 1675375237 1,600000 -1,000000 -101,000000 0,000000 0,000000
524 1675375238 1,600000 -1,000000 -101,000000 0,000000 0,000000
524 1675375239 1,600000 -1,000000 -101,000000 0,000000 0,000000
524 1675375240 1,000000 -1,000000 -101,000000 0,000000 0,000000
524 1675375241 1,000000 -1,000000 -101,000000 0,000000 0,000000
524 1675375242 1,000000 -1,000000 -101,000000 0,000000 0,000000
524 1675375243 1,000000 -1,000000 -101,000000 0,000000 0,000000
524 1675375244 1,000000 -1,000000 -101,000000 0,000000 0,000000
524 1675375245 0,400000 -1,000000 -101,000000 0,000000 0,000000
524 1675375246 0,400000 -1,000000 -101,000000 0,000000 0,000000
524 1675375247 0,400000 -1,000000 -101,000000 0,000000 0,000000
524 1675375248 0,400000 -1,000000 -101,000000 0,000000 0,000000
524 1675375249 0,400000 -1,000000 -101,000000 0,000000 0,000000
524 1675375250 0,200000 -1,000000 -101,000000 0,000000 0,000000
524 1675375251 0,200000 -1,000000 -101,000000 0,000000 0,000000
524 1675375252 0,200000 -1,000000 -101,000000 0,000000 0,000000
524 1675375253 0,200000 -1,000000 -101,000000 0,000000 0,000000
524 1675375254 0,200000 -1,000000 -101,000000 0,000000 0,000000
524 1675375255 0,600000 -1,000000 -101,000000 0,000000 0,000000
524 1675375256 0,600000 -1,000000 -101,000000 0,000000 0,000000
524 1675375257 0,600000 -1,000000 -101,000000 0,000000 0,000000
524 1675375258 0,600000 -1,000000 -101,000000 0,000000 0,000000
524 1675375259 0,600000 -1,000000 -101,000000 0,000000 0,000000
524 1675375260 1,000000 -1,000000 -101,000000 0,000000 0,000000
524 1675375261 1,000000 -1,000000 -101,000000 0,000000 0,000000
524 1675375262 1,000000 -1,000000 -101,000000 0,000000 0,000000
524 1675375263 1,000000 -1,000000 -101,000000 0,000000 0,000000
524 1675375264 1,000000 -1,000000 -101,000000 0,000000 0,000000
524 1675375265 0,400000 -1,000000 -101,000000 0,000000 0,000000
524 1675375266 0,400000 -1,000000 -101,000000 0,000000 0,000000
524 1675375267 0,400000 -1,000000 -101,000000 0,000000 0,000000
524 1675375268 0,400000 -1,000000 -101,000000 0,000000 0,000000
524 1675375269 0,400000 -1,000000 -101,000000 0,000000 0,000000
524 1675375270 0,600000 -1,000000 -101,000000 0,000000 0,000000
524 1675375271 0,600000 -1,000000 -101,000000 0,000000 0,000000
524 1675375272 0,600000 -1,000000 -101,000000 0,000000 0,000000
524 1675375273 0,600000 -1,000000 -101,000000 0,000000 0,000000
524 1675375274 0,600000 -1,000000 -101,000000 0,000000 0,000000
524 1675375275 0,800000 -1,000000 -101,000000 0,000000 0,000000
524 1675375276 0,800000 -1,000000 -101,000000 0,000000 0,000000
524 1675375277 0,800000 -1,000000 -101,000000 0,000000 0,000000
524 1675375278 0,800000 -1,000000 -101,000000 0,000000 0,000000
524 1675375279 0,800000 -1,000000 -101,000000 0,000000 0,000000
524 1675375280 1,000000 -1,000000 -101,000000 0,000000 0,000000
524 1675375281 1,000000 -1,000000 -101,000000 0,000000 0,000000
524 1675375282 1,000000 -1,000000 -101,000000 0,000000 0,000000
524 1675375283 1,000000 -1,000000 -101,000000 0,000000 0,000000
524 1675375284 1,000000 -1,000000 -101,000000 0,000000 0,000000
524 1675375285 0,400000 -1,000000 -101,000000 0,000000 0,000000
524 1675375286 0,400000 -1,000000 -101,000000 0,000000 0,000000
524 1675375287 0,400000 -1,000000 -101,000000 0,000000 0,000000
524 1675375288 0,400000 -1,000000 -101,000000 0,000000 0,000000
524 1675375289 0,400000 -1,000000 -101,000000 0,000000 0,000000
524 1675375290 1,200000 -1,000000 -101,000000 0,000000 0,000000
524 1675375291 1,200000 -1,000000 -101,000000 0,000000 0,000000
524 1675375292 1,200000 -1,000000 -101,000000 0,000000 0,000000
524 1675375293 1,200000 -1,000000 -101,000000 0,000000 0,000000
524 1675375294 1,200000 -1,000000 -101,000000 0,000000 0,000000
524 1675375295 1,800000 -1,000000 -101,000000 0,000000 0,000000
524 1675375296 1,800000 -1,000000 -101,000000 0,000000 0,000000
524 1675375297 1,800000 -1,000000 -101,000000 0,000000 0,000000
524 1675375298 1,800000 -1,000000 -101,000000 0,000000 0,000000
524 1675375299 1,800000 -1,000000 -101,000000 0,000000 0,000000
524 1675375300 0,800000 -1,000000 -101,000000 0,000000 0,000000
524 1675375301 0,800000 -1,000000 -101,000000 0,000000 0,000000
524 1675375302 0,800000 -1,000000 -101,000000 0,000000 0,000000
524 1675375303 0,800000 -1,000000 -101,000000 0,000000 0,000000
524 1675375304 0,800000 -1,000000 -101,000000 0,000000 0,000000
524 1675375305 0,400000 -1,000000 -101,000000 0,000000 0,000000
524 1675375306 0,400000 -1,000000 -101,000000 0,000000 0,000000
524 1675375307 0,400000 -1,000000 -101,000000 0,000000 0,000000
524 1675375308 0,400000 -1,000000 -101,000000 0,000000 0,000000
524 1675375309 0,400000 -1,000000 -101,000000 0,000000 0,000000
524 1675375310 1,200000 -1,000000 -101,000000 0,000000 0,000000
524 1675375311 1,200000 -1,000000 -101,000000 0,000000 0,000000
524 1675375312 1,200000 -1,000000 -101,000000 0,000000 0,000000
524 1675375313 1,200000 -1,000000 -101,000000 0,000000 0,000000
524 1675375314 1,200000 -1,000000 -101,000000 0,000000 0,000000
524 1675375315 0,800000 -1,000000 -101,000000 0,000000 0,000000
524 1675375316 0,800000 -1,000000 -101,000000 0,000000 0,000000
524 1675375317 0,800000 -1,000000 -101,000000 0,000000 0,000000
524 1675375318 0,800000 -1,000000 -101,000000 0,000000 0,000000
524 1675375319 0,800000 -1,000000 -101,000000 0,000000 0,000000
524 1675375320 0,800000 -1,000000 -101,000000 0,000000 0,000000
524 1675375321 0,800000 -1,000000 -101,000000 0,000000 0,000000
524 1675375322 0,800000 -1,000000 -101,000000 0,000000 0,000000
524 1675375323 0,800000 -1,000000 -101,000000 0,000000 0,000000
524 1675375324 0,800000 -1,000000 -101,000000 0,000000 0,000000
524 1675375325 0,800000 -1,000000 -101,000000 0,000000 0,000000
524 1675375326 0,800000 -1,000000 -101,000000 0,000000 0,000000
524 1675375327 0,800000 -1,000000 -101,000000 0,000000 0,000000
524 1675375328 0,800000 -1,000000 -101,000000 0,000000 0,000000
524 1675375329 0,800000 -1,000000 -101,000000 0,000000 0,000000
524 1675375330 1,200000 -1,000000 -101,000000 0,000000 0,000000
524 1675375331 1,200000 -1,000000 -101,000000 0,000000 0,000000
524 1675375332 1,200000 -1,000000 -101,000000 0,000000 0,000000
524 1675375333 1,200000 -1,000000 -101,000000 0,000000 0,000000
524 1675375334 1,200000 -1,000000 -101,000000 0,000000 0,000000
524 1675375335 1,000000 -1,000000 -101,000000 0,000000 0,000000
524 1675375336 1,000000 -1,000000 -101,000000 0,000000 0,000000
524 1675375337 1,000000 -1,000000 -101,000000 0,000000 0,000000
524 1675375338 1,000000 -1,000000 -101,000000 0,000000 0,000000
524 1675375339 1,000000 -1,000000 -101,000000 0,000000 0,000000
524 1675375340 0,600000 -1,000000 -101,000000 0,000000 0,000000
524 1675375341 0,600000 -1,000000 -101,000000 0,000000 0,000000
524 1675375342 0,600000 -1,000000 -101,000000 0,000000 0,000000
524 1675375343 0,600000 -1,000000 -101,000000 0,000000 0,000000
524 1675375344 0,600000 -1,000000 -101,000000 0,000000 0,000000
524 1675375345 0,800000 -1,000000 -101,000000 0,000000 0,000000
524 1675375346 0,800000 -1,000000 -101,000000 0,000000 0,000000
524 1675375347 0,800000 -1,000000 -101,000000 0,000000 0,000000
524 1675375348 0,800000 -1,000000 -101,000000 0,000000 0,000000
524 1675375349 0,800000 -1,000000 -101,000000 0,000000 0,000000
524 1675375350 1,400000 -1,000000 -101,000000 0,000000 0,000000
524 1675375351 1,400000 -1,000000 -101,000000 0,000000 0,000000
524 1675375352 1,400000 -1,000000 -101,000000 0,000000 0,000000
524 1675375353 1,400000 -1,000000 -101,000000 0,000000 0,000000
524 1675375354 1,400000 -1,000000 -101,000000 0,000000 0,000000
524 1675375355 1,800000 -1,000000 -101,000000 0,000000 0,000000
524 1675375356 1,800000 -1,000000 -101,000000 0,000000 0,000000
524 1675375357 1,800000 -1,000000 -101,000000 0,000000 0,000000
524 1675375358 1,800000 -1,000000 -101,000000 0,000000 0,000000
524 1675375359 1,800000 -1,000000 -101,000000 0,000000 0,000000
524 1675375360 0,400000 -1,000000 -101,000000 0,000000 0,000000
524 1675375361 0,400000 -1,000000 -101,000000 0,000000 0,000000
524 1675375362 0,400000 -1,000000 -101,000000 0,000000 0,000000
524 1675375363 0,400000 -1,000000 -101,000000 0,000000 0,000000
524 1675375364 0,400000 -1,000000 -101,000000 0,000000 0,000000
524 1675375365 1,000000 -1,000000 -101,000000 0,000000 0,000000
524 1675375366 1,000000 -1,000000 -101,000000 0,000000 0,000000
524 1675375367 1,000000 -1,000000 -101,000000 0,000000 0,000000
524 1675375368 1,000000 -1,000000 -101,000000 0,000000 0,000000
524 1675375369 1,000000 -1,000000 -101,000000 0,000000 0,000000
524 1675375370 0,400000 -1,000000 -101,000000 0,000000 0,000000
524 1675375371 0,400000 -1,000000 -101,000000 0,000000 0,000000
524 1675375372 0,400000 -1,000000 -101,000000 0,000000 0,000000
524 1675375373 0,400000 -1,000000 -101,000000 0,000000 0,000000
524 1675375374 0,400000 -1,000000 -101,000000 0,000000 0,000000
524 1675375375 1,400000 -1,000000 -101,000000 0,000000 0,000000
524 1675375376 1,400000 -1,000000 -101,000000 0,000000 0,000000
524 1675375377 1,400000 -1,000000 -101,000000 0,000000 0,000000
524 1675375378 1,400000 -1,000000 -101,000000 0,000000 0,000000
524 1675375379 1,400000 -1,000000 -101,000000 0,000000 0,000000
524 1675375380 0,800000 -1,000000 -101,000000 0,000000 0,000000
524 1675375381 0,800000 -1,000000 -101,000000 0,000000 0,000000
524 1675375382 0,800000 -1,000000 -101,000000 0,000000 0,000000
524 1675375383 0,800000 -1,000000 -101,000000 0,000000 0,000000
524 1675375384 0,800000 -1,000000 -101,000000 0,000000 0,000000
524 1675375385 1,200000 -1,000000 -101,000000 0,000000 0,000000
524 1675375386 1,200000 -1,000000 -101,000000 0,000000 0,000000
524 1675375387 1,200000 -1,000000 -101,000000 0,000000 0,000000
524 1675375388 1,200000 -1,000000 -101,000000 0,000000 0,000000
524 1675375389 1,200000 -1,000000 -101,000000 0,000000 0,000000
524 1675375390 0,800000 -1,000000 -101,000000 0,000000 0,000000
524 1675375391 0,800000 -1,000000 -101,000000 0,000000 0,000000
524 1675375392 0,800000 -1,000000 -101,000000 0,000000 0,000000
524 1675375393 0,800000 -1,000000 -101,000000 0,000000 0,000000
524 1675375394 0,800000 -1,000000 -101,000000 0,000000 0,000000
524 1675375395 1,000000 -1,000000 -101,000000 0,000000 0,000000
524 1675375396 1,000000 -1,000000 -101,000000 0,000000 0,000000
524 1675375397 1,000000 -1,000000 -101,000000 0,000000 0,000000
524 1675375398 1,000000 -1,000000 -101,000000 0,000000 0,000000
524 1675375399 1,000000 -1,000000 -101,000000 0,000000 0,000000
524 1675375400 0,800000 -1,000000 -101,000000 0,000000 0,000000
524 1675375401 0,800000 -1,000000 -101,000000 0,000000 0,000000
524 1675375402 0,800000 -1,000000 -101,000000 0,000000 0,000000
524 1675375403 0,800000 -1,000000 -101,000000 0,000000 0,000000
524 1675375404 0,800000 -1,000000 -101,000000 0,000000 0,000000
524 1675375405 0,800000 -1,000000 -101,000000 0,000000 0,000000
524 1675375406 0,800000 -1,000000 -101,000000 0,000000 0,000000
524 1675375407 0,800000 -1,000000 -101,000000 0,000000 0,000000
524 1675375408 0,800000 -1,000000 -101,000000 0,000000 0,000000
524 1675375409 0,800000 -1,000000 -101,000000 0,000000 0,000000
524 1675375410 1,000000 -1,000000 -101,000000 0,000000 0,000000
524 1675375411 1,000000 -1,000000 -101,000000 0,000000 0,000000
524 1675375412 1,000000 -1,000000 -101,000000 0,000000 0,000000
524 1675375413 1,000000 -1,000000 -101,000000 0,000000 0,000000
524 1675375414 1,000000 -1,000000 -101,000000 0,000000 0,000000
524 1675375415 0,600000 -1,000000 -101,000000 0,000000 0,000000
524 1675375416 0,600000 -1,000000 -101,000000 0,000000 0,000000
524 1675375417 0,600000 -1,000000 -101,000000 0,000000 0,000000
524 1675375418 0,600000 -1,000000 -101,000000 0,000000 0,000000
524 1675375419 0,600000 -1,000000 -101,000000 0,000000 0,000000
524 1675375420 0,400000 -1,000000 -101,000000 0,000000 0,000000
524 1675375421 0,400000 -1,000000 -101,000000 0,000000 0,000000
524 1675375422 0,400000 -1,000000 -101,000000 0,000000 0,000000
524 1675375423 0,400000 -1,000000 -101,000000 0,000000 0,000000
524 1675375424 0,400000 -1,000000 -101,000000 0,000000 0,000000
524 1675375425 0,400000 -1,000000 -101,000000 0,000000 0,000000
524 1675375426 0,400000 -1,000000 -101,000000 0,000000 0,000000
524 1675375427 0,400000 -1,000000 -101,000000 0,000000 0,000000
524 1675375428 0,400000 -1,000000 -101,000000 0,000000 0,000000
524 1675375429 0,400000 -1,000000 -101,000000 0,000000 0,000000
524 1675375430 1,200000 -1,000000 -101,000000 0,000000 0,000000
524 1675375431 1,200000 -1,000000 -101,000000 0,000000 0,000000
524 1675375432 1,200000 -1,000000 -101,000000 0,000000 0,000000
524 1675375433 1,200000 -1,000000 -101,000000 0,000000 0,000000
524 1675375434 1,200000 -1,000000 -101,000000 0,000000 0,000000
524 1675375435 0,400000 -1,000000 -101,000000 0,000000 0,000000
524 1675375436 0,400000 -1,000000 -101,000000 0,000000 0,000000
524 1675375437 0,400000 -1,000000 -101,000000 0,000000 0,000000
524 1675375438 0,400000 -1,000000 -101,000000 0,000000 0,000000
524 1675375439 0,400000 -1,000000 -101,000000 0,000000 0,000000
524 1675375440 1,200000 -1,000000 -101,000000 0,000000 0,000000
524 1675375441 1,200000 -1,000000 -101,000000 0,000000 0,000000
524 1675375442 1,200000 -1,000000 -101,000000 0,000000 0,000000
524 1675375443 1,200000 -1,000000 -101,000000 0,000000 0,000000
524 1675375444 1,200000 -1,000000 -101,000000 0,000000 0,000000
524 1675375445 1,000000 -1,000000 -101,000000 0,000000 0,000000
524 1675375446 1,000000 -1,000000 -101,000000 0,000000 0,000000
524 1675375447 1,000000 -1,000000 -101,000000 0,000000 0,000000
524 1675375448 1,000000 -1,000000 -101,000000 0,000000 0,000000
524 1675375449 1,000000 -1,000000 -101,000000 0,000000 0,000000
524 1675375450 2,000000 -1,000000 -101,000000 0,000000 0,000000
524 1675375451 2,000000 -1,000000 -101,000000 0,000000 0,000000
524 1675375452 2,000000 -1,000000 -101,000000 0,000000 0,000000
524 1675375453 2,000000 -1,000000 -101,000000 0,000000 0,000000
524 1675375454 2,000000 -1,000000 -101,000000 0,000000 0,000000
524 1675375455 0,800000 -1,000000 -101,000000 0,000000 0,000000
524 1675375456 0,800000 -1,000000 -101,000000 0,000000 0,000000
524 1675375457 0,800000 -1,000000 -101,000000 0,000000 0,000000
524 1675375458 0,800000 -1,000000 -101,000000 0,000000 0,000000
524 1675375459 0,800000 -1,000000 -101,000000 0,000000 0,000000
524 1675375460 1,800000 -1,000000 -101,000000 0,000000 0,000000
524 1675375461 1,800000 -1,000000 -101,000000 0,000000 0,000000
524 1675375462 1,800000 -1,000000 -101,000000 0,000000 0,000000
524 1675375463 1,800000 -1,000000 -101,000000 0,000000 0,000000
524 1675375464 1,800000 -1,000000 -101,000000 0,000000 0,000000
524 1675375465 0,600000 -1,000000 -101,000000 0,000000 0,000000
524 1675375466 0,600000 -1,000000 -101,000000 0,000000 0,000000
524 1675375467 0,600000 -1,000000 -101,000000 0,000000 0,000000
524 1675375468 0,600000 -1,000000 -101,000000 0,000000 0,000000
524 1675375469 0,600000 -1,000000 -101,000000 0,000000 0,000000
524 1675375470 0,400000 -1,000000 -101,000000 0,000000 0,000000
524 1675375471 0,400000 -1,000000 -101,000000 0,000000 0,000000
524 1675375472 0,400000 -1,000000 -101,000000 0,000000 0,000000
524 1675375473 0,400000 -1,000000 -101,000000 0,000000 0,000000
524 1675375474 0,400000 -1,000000 -101,000000 0,000000 0,000000
524 1675375475 0,400000 -1,000000 -101,000000 0,000000 0,000000
524 1675375476 0,400000 -1,000000 -101,000000 0,000000 0,000000
524 1675375477 0,400000 -1,000000 -101,000000 0,000000 0,000000
524 1675375478 0,400000 -1,000000 -101,000000 0,000000 0,000000
524 1675375479 0,400000 -1,000000 -101,000000 0,000000 0,000000
524 1675375480 0,800000 -1,000000 -101,000000 0,000000 0,000000
524 1675375481 0,800000 -1,000000 -101,000000 0,000000 0,000000
524 1675375482 0,800000 -1,000000 -101,000000 0,000000 0,000000
524 1675375483 0,800000 -1,000000 -101,000000 0,000000 0,000000
524 1675375484 0,800000 -1,000000 -101,000000 0,000000 0,000000
524 1675375485 0,600000 -1,000000 -101,000000 0,000000 0,000000
524 1675375486 0,600000 -1,000000 -101,000000 0,000000 0,000000
524 1675375487 0,600000 -1,000000 -101,000000 0,000000 0,000000
524 1675375488 0,600000 -1,000000 -101,000000 0,000000 0,000000
524 1675375489 0,600000 -1,000000 -101,000000 0,000000 0,000000
524 1675375495 0,200000 -1,000000 -101,000000 0,000000 0,000000
524 1675375496 0,200000 -1,000000 -101,000000 0,000000 0,000000
524 1675375497 0,200000 -1,000000 -101,000000 0,000000 0,000000
524 1675375498 0,200000 -1,000000 -101,000000 0,000000 0,000000
524 1675375499 0,200000 -1,000000 -101,000000 0,000000 0,000000
524 1675375500 0,400000 -1,000000 -101,000000 0,000000 0,000000
524 1675375501 0,400000 -1,000000 -101,000000 0,000000 0,000000
524 1675375502 0,400000 -1,000000 -101,000000 0,000000 0,000000
524 1675375503 0,400000 -1,000000 -101,000000 0,000000 0,000000
524 1675375504 0,400000 -1,000000 -101,000000 0,000000 0,000000
524 1675375505 1,000000 -1,000000 -101,000000 0,000000 0,000000
524 1675375506 1,000000 -1,000000 -101,000000 0,000000 0,000000
524 1675375507 1,000000 -1,000000 -101,000000 0,000000 0,000000
524 1675375508 1,000000 -1,000000 -101,000000 0,000000 0,000000
524 1675375509 1,000000 -1,000000 -101,000000 0,000000 0,000000
524 1675375510 0,800000 -1,000000 -101,000000 0,000000 0,000000
524 1675375511 0,800000 -1,000000 -101,000000 0,000000 0,000000
524 1675375512 0,800000 -1,000000 -101,000000 0,000000 0,000000
524 1675375513 0,800000 -1,000000 -101,000000 0,000000 0,000000
524 1675375514 0,800000 -1,000000 -101,000000 0,000000 0,000000
524 1675375515 2,000000 -1,000000 -101,000000 0,000000 0,000000
524 1675375516 2,000000 -1,000000 -101,000000 0,000000 0,000000
524 1675375517 2,000000 -1,000000 -101,000000 0,000000 0,000000
524 1675375518 2,000000 -1,000000 -101,000000 0,000000 0,000000
524 1675375519 2,000000 -1,000000 -101,000000 0,000000 0,000000
524 1675375520 1,000000 -1,000000 -101,000000 0,000000 0,000000
524 1675375521 1,000000 -1,000000 -101,000000 0,000000 0,000000
524 1675375522 1,000000 -1,000000 -101,000000 0,000000 0,000000
524 1675375523 1,000000 -1,000000 -101,000000 0,000000 0,000000
524 1675375524 1,000000 -1,000000 -101,000000 0,000000 0,000000
524 1675375525 1,800000 -1,000000 -101,000000 0,000000 0,000000
524 1675375526 1,800000 -1,000000 -101,000000 0,000000 0,000000
524 1675375527 1,800000 -1,000000 -101,000000 0,000000 0,000000
524 1675375528 1,800000 -1,000000 -101,000000 0,000000 0,000000
524 1675375529 1,800000 -1,000000 -101,000000 0,000000 0,000000
524 1675375530 1,200000 -1,000000 -101,000000 0,000000 0,000000
524 1675375531 1,200000 -1,000000 -101,000000 0,000000 0,000000
524 1675375532 1,200000 -1,000000 -101,000000 0,000000 0,000000
524 1675375533 1,200000 -1,000000 -101,000000 0,000000 0,000000
524 1675375534 1,200000 -1,000000 -101,000000 0,000000 0,000000
524 1675375535 1,000000 -1,000000 -101,000000 0,000000 0,000000
524 1675375536 1,000000 -1,000000 -101,000000 0,000000 0,000000
524 1675375537 1,000000 -1,000000 -101,000000 0,000000 0,000000
524 1675375538 1,000000 -1,000000 -101,000000 0,000000 0,000000
524 1675375539 1,000000 -1,000000 -101,000000 0,000000 0,000000
524 1675375540 0,600000 -1,000000 -101,000000 0,000000 0,000000
524 1675375541 0,600000 -1,000000 -101,000000 0,000000 0,000000
524 1675375542 0,600000 -1,000000 -101,000000 0,000000 0,000000
524 1675375543 0,600000 -1,000000 -101,000000 0,000000 0,000000
524 1675375544 0,600000 -1,000000 -101,000000 0,000000 0,000000
524 1675375545 1,000000 -1,000000 -101,000000 0,000000 0,000000
524 1675375546 1,000000 -1,000000 -101,000000 0,000000 0,000000
524 1675375547 1,000000 -1,000000 -101,000000 0,000000 0,000000
524 1675375548 1,000000 -1,000000 -101,000000 0,000000 0,000000
524 1675375549 1,000000 -1,000000 -101,000000 0,000000 0,000000
524 1675375550 0,400000 -1,000000 -101,000000 0,000000 0,000000
524 1675375551 0,400000 -1,000000 -101,000000 0,000000 0,000000
524 1675375552 0,400000 -1,000000 -101,000000 0,000000 0,000000
524 1675375553 0,400000 -1,000000 -101,000000 0,000000 0,000000
524 1675375554 0,400000 -1,000000 -101,000000 0,000000 0,000000
524 1675375555 0,200000 -1,000000 -101,000000 0,000000 0,000000
524 1675375556 0,200000 -1,000000 -101,000000 0,000000 0,000000
524 1675375557 0,200000 -1,000000 -101,000000 0,000000 0,000000
524 1675375558 0,200000 -1,000000 -101,000000 0,000000 0,000000
524 1675375559 0,200000 -1,000000 -101,000000 0,000000 0,000000
524 1675375560 1,000000 -1,000000 -101,000000 0,000000 0,000000
524 1675375561 1,000000 -1,000000 -101,000000 0,000000 0,000000
524 1675375562 1,000000 -1,000000 -101,000000 0,000000 0,000000
524 1675375563 1,000000 -1,000000 -101,000000 0,000000 0,000000
524 1675375564 1,000000 -1,000000 -101,000000 0,000000 0,000000
524 1675375565 0,400000 -1,000000 -101,000000 0,000000 0,000000
524 1675375566 0,400000 -1,000000 -101,000000 0,000000 0,000000
524 1675375567 0,400000 -1,000000 -101,000000 0,000000 0,000000
524 1675375568 0,400000 -1,000000 -101,000000 0,000000 0,000000
524 1675375569 0,400000 -1,000000 -101,000000 0,000000 0,000000
524 1675375570 1,400000 -1,000000 -101,000000 0,000000 0,000000
524 1675375571 1,400000 -1,000000 -101,000000 0,000000 0,000000
524 1675375572 1,400000 -1,000000 -101,000000 0,000000 0,000000
524 1675375573 1,400000 -1,000000 -101,000000 0,000000 0,000000
524 1675375574 1,400000 -1,000000 -101,000000 0,000000 0,000000
524 1675375575 0,600000 -1,000000 -101,000000 0,000000 0,000000
524 1675375576 0,600000 -1,000000 -101,000000 0,000000 0,000000
524 1675375577 0,600000 -1,000000 -101,000000 0,000000 0,000000
524 1675375578 0,600000 -1,000000 -101,000000 0,000000 0,000000
524 1675375579 0,600000 -1,000000 -101,000000 0,000000 0,000000
524 1675375580 0,800000 -1,000000 -101,000000 0,000000 0,000000
524 1675375581 0,800000 -1,000000 -101,000000 0,000000 0,000000
524 1675375582 0,800000 -1,000000 -101,000000 0,000000 0,000000
524 1675375583 0,800000 -1,000000 -101,000000 0,000000 0,000000
524 1675375584 0,800000 -1,000000 -101,000000 0,000000 0,000000
524 1675375585 0,600000 -1,000000 -101,000000 0,000000 0,000000
524 1675375586 0,600000 -1,000000 -101,000000 0,000000 0,000000
524 1675375587 0,600000 -1,000000 -101,000000 0,000000 0,000000
524 1675375588 0,600000 -1,000000 -101,000000 0,000000 0,000000
524 1675375589 0,600000 -1,000000 -101,000000 0,000000 0,000000
524 1675375590 1,400000 -1,000000 -101,000000 0,000000 0,000000
524 1675375591 1,400000 -1,000000 -101,000000 0,000000 0,000000
524 1675375592 1,400000 -1,000000 -101,000000 0,000000 0,000000
524 1675375593 1,400000 -1,000000 -101,000000 0,000000 0,000000
524 1675375594 1,400000 -1,000000 -101,000000 0,000000 0,000000
524 1675375595 1,200000 -1,000000 -101,000000 0,000000 0,000000
524 1675375596 1,200000 -1,000000 -101,000000 0,000000 0,000000
524 1675375597 1,200000 -1,000000 -101,000000 0,000000 0,000000
524 1675375598 1,200000 -1,000000 -101,000000 0,000000 0,000000
524 1675375599 1,200000 -1,000000 -101,000000 0,000000 0,000000
524 1675375600 1,800000 -1,000000 -101,000000 0,000000 0,000000
524 1675375601 1,800000 -1,000000 -101,000000 0,000000 0,000000
524 1675375602 1,800000 -1,000000 -101,000000 0,000000 0,000000
524 1675375603 1,800000 -1,000000 -101,000000 0,000000 0,000000
524 1675375604 1,800000 -1,000000 -101,000000 0,000000 0,000000
524 1675375605 0,800000 -1,000000 -101,000000 0,000000 0,000000
524 1675375606 0,800000 -1,000000 -101,000000 0,000000 0,000000
524 1675375607 0,800000 -1,000000 -101,000000 0,000000 0,000000
524 1675375608 0,800000 -1,000000 -101,000000 0,000000 0,000000
524 1675375609 0,800000 -1,000000 -101,000000 0,000000 0,000000
524 1675375610 1,600000 -1,000000 -101,000000 0,000000 0,000000
524 1675375611 1,600000 -1,000000 -101,000000 0,000000 0,000000
524 1675375612 1,600000 -1,000000 -101,000000 0,000000 0,000000
524 1675375613 1,600000 -1,000000 -101,000000 0,000000 0,000000
524 1675375614 1,600000 -1,000000 -101,000000 0,000000 0,000000
524 1675375615 0,800000 -1,000000 -101,000000 0,000000 0,000000
524 1675375616 0,800000 -1,000000 -101,000000 0,000000 0,000000
524 1675375617 0,800000 -1,000000 -101,000000 0,000000 0,000000
524 1675375618 0,800000 -1,000000 -101,000000 0,000000 0,000000
524 1675375619 0,800000 -1,000000 -101,000000 0,000000 0,000000
524 1675375620 0,600000 -1,000000 -101,000000 0,000000 0,000000
524 1675375621 0,600000 -1,000000 -101,000000 0,000000 0,000000
524 1675375622 0,600000 -1,000000 -101,000000 0,000000 0,000000
524 1675375623 0,600000 -1,000000 -101,000000 0,000000 0,000000
524 1675375624 0,600000 -1,000000 -101,000000 0,000000 0,000000
524 1675375625 0,600000 -1,000000 -101,000000 0,000000 0,000000
524 1675375626 0,600000 -1,000000 -101,000000 0,000000 0,000000
524 1675375627 0,600000 -1,000000 -101,000000 0,000000 0,000000
524 1675375628 0,600000 -1,000000 -101,000000 0,000000 0,000000
524 1675375629 0,600000 -1,000000 -101,000000 0,000000 0,000000
524 1675375630 1,600000 -1,000000 -101,000000 0,000000 0,000000
524 1675375631 1,600000 -1,000000 -101,000000 0,000000 0,000000
524 1675375632 1,600000 -1,000000 -101,000000 0,000000 0,000000
524 1675375633 1,600000 -1,000000 -101,000000 0,000000 0,000000
524 1675375634 1,600000 -1,000000 -101,000000 0,000000 0,000000
524 1675375635 0,400000 -1,000000 -101,000000 0,000000 0,000000
524 1675375636 0,400000 -1,000000 -101,000000 0,000000 0,000000
524 1675375637 0,400000 -1,000000 -101,000000 0,000000 0,000000
524 1675375638 0,400000 -1,000000 -101,000000 0,000000 0,000000
524 1675375639 0,400000 -1,000000 -101,000000 0,000000 0,000000
524 1675375640 0,800000 -1,000000 -101,000000 0,000000 0,000000
524 1675375641 0,800000 -1,000000 -101,000000 0,000000 0,000000
524 1675375642 0,800000 -1,000000 -101,000000 0,000000 0,000000
524 1675375643 0,800000 -1,000000 -101,000000 0,000000 0,000000
524 1675375644 0,800000 -1,000000 -101,000000 0,000000 0,000000
524 1675375645 0,200000 -1,000000 -101,000000 0,000000 0,000000
524 1675375646 0,200000 -1,000000 -101,000000 0,000000 0,000000
524 1675375647 0,200000 -1,000000 -101,000000 0,000000 0,000000
524 1675375648 0,200000 -1,000000 -101,000000 0,000000 0,000000
524 1675375649 0,200000 -1,000000 -101,000000 0,000000 0,000000
524 1675375650 0,600000 -1,000000 -101,000000 0,000000 0,000000
524 1675375651 0,600000 -1,000000 -101,000000 0,000000 0,000000
524 1675375652 0,600000 -1,000000 -101,000000 0,000000 0,000000
524 1675375653 0,600000 -1,000000 -101,000000 0,000000 0,000000
524 1675375654 0,600000 -1,000000 -101,000000 0,000000 0,000000
524 1675375655 1,200000 -1,000000 -101,000000 0,000000 0,000000
524 1675375656 1,200000 -1,000000 -101,000000 0,000000 0,000000
524 1675375657 1,200000 -1,000000 -101,000000 0,000000 0,000000
524 1675375658 1,200000 -1,000000 -101,000000 0,000000 0,000000
524 1675375659 1,200000 -1,000000 -101,000000 0,000000 0,000000
524 1675375660 1,000000 -1,000000 -101,000000 0,000000 0,000000
524 1675375661 1,000000 -1,000000 -101,000000 0,000000 0,000000
524 1675375662 1,000000 -1,000000 -101,000000 0,000000 0,000000
524 1675375663 1,000000 -1,000000 -101,000000 0,000000 0,000000
524 1675375664 1,000000 -1,000000 -101,000000 0,000000 0,000000
524 1675375665 2,000000 -1,000000 -101,000000 0,000000 0,000000
524 1675375666 2,000000 -1,000000 -101,000000 0,000000 0,000000
524 1675375667 2,000000 -1,000000 -101,000000 0,000000 0,000000
524 1675375668 2,000000 -1,000000 -101,000000 0,000000 0,000000
524 1675375669 2,000000 -1,000000 -101,000000 0,000000 0,000000
524 1675375670 1,200000 -1,000000 -101,000000 0,000000 0,000000
524 1675375671 1,200000 -1,000000 -101,000000 0,000000 0,000000
524 1675375672 1,200000 -1,000000 -101,000000 0,000000 0,000000
524 1675375673 1,200000 -1,000000 -101,000000 0,000000 0,000000
524 1675375674 1,200000 -1,000000 -101,000000 0,000000 0,000000
524 1675375675 2,000000 -1,000000 -101,000000 0,000000 0,000000
524 1675375676 2,000000 -1,000000 -101,000000 0,000000 0,000000
524 1675375677 2,000000 -1,000000 -101,000000 0,000000 0,000000
524 1675375678 2,000000 -1,000000 -101,000000 0,000000 0,000000
524 1675375679 2,000000 -1,000000 -101,000000 0,000000 0,000000
524 1675375680 1,200000 -1,000000 -101,000000 0,000000 0,000000
524 1675375681 1,200000 -1,000000 -101,000000 0,000000 0,000000
524 1675375682 1,200000 -1,000000 -101,000000 0,000000 0,000000
524 1675375683 1,200000 -1,000000 -101,000000 0,000000 0,000000
524 1675375684 1,200000 -1,000000 -101,000000 0,000000 0,000000
524 1675375685 1,000000 -1,000000 -101,000000 0,000000 0,000000
524 1675375686 1,000000 -1,000000 -101,000000 0,000000 0,000000
524 1675375687 1,000000 -1,000000 -101,000000 0,000000 0,000000
524 1675375688 1,000000 -1,000000 -101,000000 0,000000 0,000000
524 1675375689 1,000000 -1,000000 -101,000000 0,000000 0,000000
524 1675375690 1,600000 -1,000000 -101,000000 0,000000 0,000000
524 1675375691 1,600000 -1,000000 -101,000000 0,000000 0,000000
524 1675375692 1,600000 -1,000000 -101,000000 0,000000 0,000000
524 1675375693 1,600000 -1,000000 -101,000000 0,000000 0,000000
524 1675375694 1,600000 -1,000000 -101,000000 0,000000 0,000000
524 1675375695 0,400000 -1,000000 -101,000000 0,000000 0,000000
524 1675375696 0,400000 -1,000000 -101,000000 0,000000 0,000000
524 1675375697 0,400000 -1,000000 -101,000000 0,000000 0,000000
524 1675375698 0,400000 -1,000000 -101,000000 0,000000 0,000000
524 1675375699 0,400000 -1,000000 -101,000000 0,000000 0,000000
524 1675375700 0,400000 -1,000000 -101,000000 0,000000 0,000000
524 1675375701 0,400000 -1,000000 -101,000000 0,000000 0,000000
524 1675375702 0,400000 -1,000000 -101,000000 0,000000 0,000000
524 1675375703 0,400000 -1,000000 -101,000000 0,000000 0,000000
524 1675375704 0,400000 -1,000000 -101,000000 0,000000 0,000000
524 1675375705 0,600000 -1,000000 -101,000000 0,000000 0,000000
524 1675375706 0,600000 -1,000000 -101,000000 0,000000 0,000000
524 1675375707 0,600000 -1,000000 -101,000000 0,000000 0,000000
524 1675375708 0,600000 -1,000000 -101,000000 0,000000 0,000000
524 1675375709 0,600000 -1,000000 -101,000000 0,000000 0,000000
524 1675375710 0,600000 -1,000000 -101,000000 0,000000 0,000000
524 1675375711 0,600000 -1,000000 -101,000000 0,000000 0,000000
524 1675375712 0,600000 -1,000000 -101,000000 0,000000 0,000000
524 1675375713 0,600000 -1,000000 -101,000000 0,000000 0,000000
524 1675375714 0,600000 -1,000000 -101,000000 0,000000 0,000000
524 1675375715 1,600000 -1,000000 -101,000000 0,000000 0,000000
524 1675375716 1,600000 -1,000000 -101,000000 0,000000 0,000000
524 1675375717 1,600000 -1,000000 -101,000000 0,000000 0,000000
524 1675375718 1,600000 -1,000000 -101,000000 0,000000 0,000000
524 1675375719 1,600000 -1,000000 -101,000000 0,000000 0,000000
524 1675375720 0,600000 -1,000000 -101,000000 0,000000 0,000000
524 1675375721 0,600000 -1,000000 -101,000000 0,000000 0,000000
524 1675375722 0,600000 -1,000000 -101,000000 0,000000 0,000000
524 1675375723 0,600000 -1,000000 -101,000000 0,000000 0,000000
524 1675375724 0,600000 -1,000000 -101,000000 0,000000 0,000000
524 1675375725 1,000000 -1,000000 -101,000000 0,000000 0,000000
524 1675375726 1,000000 -1,000000 -101,000000 0,000000 0,000000
524 1675375727 1,000000 -1,000000 -101,000000 0,000000 0,000000
524 1675375728 1,000000 -1,000000 -101,000000 0,000000 0,000000
524 1675375729 1,000000 -1,000000 -101,000000 0,000000 0,000000
524 1675375730 1,600000 -1,000000 -101,000000 0,000000 0,000000
524 1675375731 1,600000 -1,000000 -101,000000 0,000000 0,000000
524 1675375732 1,600000 -1,000000 -101,000000 0,000000 0,000000
524 1675375733 1,600000 -1,000000 -101,000000 0,000000 0,000000
524 1675375734 1,600000 -1,000000 -101,000000 0,000000 0,000000
524 1675375735 0,800000 -1,000000 -101,000000 0,000000 0,000000
524 1675375736 0,800000 -1,000000 -101,000000 0,000000 0,000000
524 1675375737 0,800000 -1,000000 -101,000000 0,000000 0,000000
524 1675375738 0,800000 -1,000000 -101,000000 0,000000 0,000000
524 1675375739 0,800000 -1,000000 -101,000000 0,000000 0,000000
524 1675375740 1,600000 -1,000000 -101,000000 0,000000 0,000000
524 1675375741 1,600000 -1,000000 -101,000000 0,000000 0,000000
524 1675375742 1,600000 -1,000000 -101,000000 0,000000 0,000000
524 1675375743 1,600000 -1,000000 -101,000000 0,000000 0,000000
524 1675375744 1,600000 -1,000000 -101,000000 0,000000 0,000000
524 1675375745 1,000000 -1,000000 -101,000000 0,000000 0,000000
524 1675375746 1,000000 -1,000000 -101,000000 0,000000 0,000000
524 1675375747 1,000000 -1,000000 -101,000000 0,000000 0,000000
524 1675375748 1,000000 -1,000000 -101,000000 0,000000 0,000000
524 1675375749 1,000000 -1,000000 -101,000000 0,000000 0,000000
524 1675375750 1,800000 -1,000000 -101,000000 0,000000 0,000000
524 1675375751 1,800000 -1,000000 -101,000000 0,000000 0,000000
524 1675375752 1,800000 -1,000000 -101,000000 0,000000 0,000000
524 1675375753 1,800000 -1,000000 -101,000000 0,000000 0,000000
524 1675375754 1,800000 -1,000000 -101,000000 0,000000 0,000000
524 1675375755 1,600000 -1,000000 -101,000000 0,000000 0,000000
524 1675375756 1,600000 -1,000000 -101,000000 0,000000 0,000000
524 1675375757 1,600000 -1,000000 -101,000000 0,000000 0,000000
524 1675375758 1,600000 -1,000000 -101,000000 0,000000 0,000000
524 1675375759 1,600000 -1,000000 -101,000000 0,000000 0,000000
524 1675375760 0,800000 -1,000000 -101,000000 0,000000 0,000000
524 1675375761 0,800000 -1,000000 -101,000000 0,000000 0,000000
524 1675375762 0,800000 -1,000000 -101,000000 0,000000 0,000000
524 1675375763 0,800000 -1,000000 -101,000000 0,000000 0,000000
524 1675375764 0,800000 -1,000000 -101,000000 0,000000 0,000000
524 1675375765 0,400000 -1,000000 -101,000000 0,000000 0,000000
524 1675375766 0,400000 -1,000000 -101,000000 0,000000 0,000000
524 1675375767 0,400000 -1,000000 -101,000000 0,000000 0,000000
524 1675375768 0,400000 -1,000000 -101,000000 0,000000 0,000000
524 1675375769 0,400000 -1,000000 -101,000000 0,000000 0,000000
524 1675375770 0,400000 -1,000000 -101,000000 0,000000 0,000000
524 1675375771 0,400000 -1,000000 -101,000000 0,000000 0,000000
524 1675375772 0,400000 -1,000000 -101,000000 0,000000 0,000000
524 1675375773 0,400000 -1,000000 -101,000000 0,000000 0,000000
524 1675375774 0,400000 -1,000000 -101,000000 0,000000 0,000000
524 1675375775 0,400000 -1,000000 -101,000000 0,000000 0,000000
524 1675375776 0,400000 -1,000000 -101,000000 0,000000 0,000000
524 1675375777 0,400000 -1,000000 -101,000000 0,000000 0,000000
524 1675375778 0,400000 -1,000000 -101,000000 0,000000 0,000000
524 1675375779 0,400000 -1,000000 -101,000000 0,000000 0,000000
524 1675375780 0,600000 -1,000000 -101,000000 0,000000 0,000000
524 1675375781 0,600000 -1,000000 -101,000000 0,000000 0,000000
524 1675375782 0,600000 -1,000000 -101,000000 0,000000 0,000000
524 1675375783 0,600000 -1,000000 -101,000000 0,000000 0,000000
524 1675375784 0,600000 -1,000000 -101,000000 0,000000 0,000000
524 1675375785 0,800000 -1,000000 -101,000000 0,000000 0,000000
524 1675375786 0,800000 -1,000000 -101,000000 0,000000 0,000000
524 1675375787 0,800000 -1,000000 -101,000000 0,000000 0,000000
524 1675375788 0,800000 -1,000000 -101,000000 0,000000 0,000000
524 1675375789 0,800000 -1,000000 -101,000000 0,000000 0,000000
524 1675375790 1,600000 -1,000000 -101,000000 0,000000 0,000000
524 1675375791 1,600000 -1,000000 -101,000000 0,000000 0,000000
524 1675375792 1,600000 -1,000000 -101,000000 0,000000 0,000000
524 1675375793 1,600000 -1,000000 -101,000000 0,000000 0,000000
524 1675375794 1,600000 -1,000000 -101,000000 0,000000 0,000000
524 1675375795 0,600000 -1,000000 -101,000000 0,000000 0,000000
524 1675375796 0,600000 -1,000000 -101,000000 0,000000 0,000000
524 1675375797 0,600000 -1,000000 -101,000000 0,000000 0,000000
524 1675375798 0,600000 -1,000000 -101,000000 0,000000 0,000000
524 1675375799 0,600000 -1,000000 -101,000000 0,000000 0,000000
524 1675375800 0,800000 -1,000000 -101,000000 0,000000 0,000000
524 1675375801 0,800000 -1,000000 -101,000000 0,000000 0,000000
524 1675375802 0,800000 -1,000000 -101,000000 0,000000 0,000000
524 1675375803 0,800000 -1,000000 -101,000000 0,000000 0,000000
524 1675375804 0,800000 -1,000000 -101,000000 0,000000 0,000000
524 1675375805 0,800000 -1,000000 -101,000000 0,000000 0,000000
524 1675375806 0,800000 -1,000000 -101,000000 0,000000 0,000000
524 1675375807 0,800000 -1,000000 -101,000000 0,000000 0,000000
524 1675375808 0,800000 -1,000000 -101,000000 0,000000 0,000000
524 1675375809 0,800000 -1,000000 -101,000000 0,000000 0,000000
524 1675375810 1,000000 -1,000000 -101,000000 0,000000 0,000000
524 1675375811 1,000000 -1,000000 -101,000000 0,000000 0,000000
524 1675375812 1,000000 -1,000000 -101,000000 0,000000 0,000000
524 1675375813 1,000000 -1,000000 -101,000000 0,000000 0,000000
524 1675375814 1,000000 -1,000000 -101,000000 0,000000 0,000000
524 1675375815 2,600000 -1,000000 -101,000000 0,000000 0,000000
524 1675375816 2,600000 -1,000000 -101,000000 0,000000 0,000000
524 1675375817 2,600000 -1,000000 -101,000000 0,000000 0,000000
524 1675375818 2,600000 -1,000000 -101,000000 0,000000 0,000000
524 1675375819 2,600000 -1,000000 -101,000000 0,000000 0,000000
524 1675375820 0,400000 -1,000000 -101,000000 0,000000 0,000000
524 1675375821 0,400000 -1,000000 -101,000000 0,000000 0,000000
524 1675375822 0,400000 -1,000000 -101,000000 0,000000 0,000000
524 1675375823 0,400000 -1,000000 -101,000000 0,000000 0,000000
524 1675375824 0,400000 -1,000000 -101,000000 0,000000 0,000000
524 1675375825 0,400000 -1,000000 -101,000000 0,000000 0,000000
524 1675375826 0,400000 -1,000000 -101,000000 0,000000 0,000000
524 1675375827 0,400000 -1,000000 -101,000000 0,000000 0,000000
524 1675375828 0,400000 -1,000000 -101,000000 0,000000 0,000000
524 1675375829 0,400000 -1,000000 -101,000000 0,000000 0,000000
524 1675375830 0,800000 -1,000000 -101,000000 0,000000 0,000000
524 1675375831 0,800000 -1,000000 -101,000000 0,000000 0,000000
524 1675375832 0,800000 -1,000000 -101,000000 0,000000 0,000000
524 1675375833 0,800000 -1,000000 -101,000000 0,000000 0,000000
524 1675375834 0,800000 -1,000000 -101,000000 0,000000 0,000000
524 1675375835 0,600000 -1,000000 -101,000000 0,000000 0,000000
524 1675375836 0,600000 -1,000000 -101,000000 0,000000 0,000000
524 1675375837 0,600000 -1,000000 -101,000000 0,000000 0,000000
524 1675375838 0,600000 -1,000000 -101,000000 0,000000 0,000000
524 1675375839 0,600000 -1,000000 -101,000000 0,000000 0,000000
524 1675375840 0,800000 -1,000000 -101,000000 0,000000 0,000000
524 1675375841 0,800000 -1,000000 -101,000000 0,000000 0,000000
524 1675375842 0,800000 -1,000000 -101,000000 0,000000 0,000000
524 1675375843 0,800000 -1,000000 -101,000000 0,000000 0,000000
524 1675375844 0,800000 -1,000000 -101,000000 0,000000 0,000000
524 1675375845 0,800000 -1,000000 -101,000000 0,000000 0,000000
524 1675375846 0,800000 -1,000000 -101,000000 0,000000 0,000000
524 1675375847 0,800000 -1,000000 -101,000000 0,000000 0,000000
524 1675375848 0,800000 -1,000000 -101,000000 0,000000 0,000000
524 1675375849 0,800000 -1,000000 -101,000000 0,000000 0,000000
524 1675375850 0,800000 -1,000000 -101,000000 0,000000 0,000000
524 1675375851 0,800000 -1,000000 -101,000000 0,000000 0,000000
524 1675375852 0,800000 -1,000000 -101,000000 0,000000 0,000000
524 1675375853 0,800000 -1,000000 -101,000000 0,000000 0,000000
524 1675375854 0,800000 -1,000000 -101,000000 0,000000 0,000000
524 1675375855 1,200000 -1,000000 -101,000000 0,000000 0,000000
524 1675375856 1,200000 -1,000000 -101,000000 0,000000 0,000000
524 1675375857 1,200000 -1,000000 -101,000000 0,000000 0,000000
524 1675375858 1,200000 -1,000000 -101,000000 0,000000 0,000000
524 1675375859 1,200000 -1,000000 -101,000000 0,000000 0,000000
524 1675375860 0,400000 -1,000000 -101,000000 0,000000 0,000000
524 1675375861 0,400000 -1,000000 -101,000000 0,000000 0,000000
524 1675375862 0,400000 -1,000000 -101,000000 0,000000 0,000000
524 1675375863 0,400000 -1,000000 -101,000000 0,000000 0,000000
524 1675375864 0,400000 -1,000000 -101,000000 0,000000 0,000000
524 1675375865 1,200000 -1,000000 -101,000000 0,000000 0,000000
524 1675375866 1,200000 -1,000000 -101,000000 0,000000 0,000000
524 1675375867 1,200000 -1,000000 -101,000000 0,000000 0,000000
524 1675375868 1,200000 -1,000000 -101,000000 0,000000 0,000000
524 1675375869 1,200000 -1,000000 -101,000000 0,000000 0,000000
524 1675375870 0,600000 -1,000000 -101,000000 0,000000 0,000000
524 1675375871 0,600000 -1,000000 -101,000000 0,000000 0,000000
524 1675375872 0,600000 -1,000000 -101,000000 0,000000 0,000000
524 1675375873 0,600000 -1,000000 -101,000000 0,000000 0,000000
524 1675375874 0,600000 -1,000000 -101,000000 0,000000 0,000000
524 1675375875 1,200000 -1,000000 -101,000000 0,000000 0,000000
524 1675375876 1,200000 -1,000000 -101,000000 0,000000 0,000000
524 1675375877 1,200000 -1,000000 -101,000000 0,000000 0,000000
524 1675375878 1,200000 -1,000000 -101,000000 0,000000 0,000000
