279 1675207204 0,200000 -1,000000 -101,000000 0,000000 0,000000
279 1675207205 0,200000 -1,000000 -101,000000 0,000000 0,000000
279 1675207206 0,200000 -1,000000 -101,000000 0,000000 0,000000
279 1675207207 0,200000 -1,000000 -101,000000 0,000000 0,000000
279 1675207208 0,200000 -1,000000 -101,000000 0,000000 0,000000
279 1675207224 0,400000 -1,000000 -101,000000 0,000000 0,000000
279 1675207225 0,400000 -1,000000 -101,000000 0,000000 0,000000
279 1675207226 0,400000 -1,000000 -101,000000 0,000000 0,000000
279 1675207227 0,400000 -1,000000 -101,000000 0,000000 0,000000
279 1675207228 0,400000 -1,000000 -101,000000 0,000000 0,000000
279 1675207234 0,200000 -1,000000 -101,000000 0,000000 0,000000
279 1675207235 0,200000 -1,000000 -101,000000 0,000000 0,000000
279 1675207236 0,200000 -1,000000 -101,000000 0,000000 0,000000
279 1675207237 0,200000 -1,000000 -101,000000 0,000000 0,000000
279 1675207238 0,200000 -1,000000 -101,000000 0,000000 0,000000
279 1675207239 0,200000 -1,000000 -101,000000 0,000000 0,000000
279 1675207240 0,200000 -1,000000 -101,000000 0,000000 0,000000
279 1675207241 0,200000 -1,000000 -101,000000 0,000000 0,000000
279 1675207242 0,200000 -1,000000 -101,000000 0,000000 0,000000
279 1675207243 0,200000 -1,000000 -101,000000 0,000000 0,000000
279 1675207254 0,200000 -1,000000 -101,000000 0,000000 0,000000
279 1675207255 0,200000 -1,000000 -101,000000 0,000000 0,000000
279 1675207256 0,200000 -1,000000 -101,000000 0,000000 0,000000
279 1675207257 0,200000 -1,000000 -101,000000 0,000000 0,000000
279 1675207258 0,200000 -1,000000 -101,000000 0,000000 0,000000
279 1675207264 0,200000 -1,000000 -101,000000 0,000000 0,000000
279 1675207265 0,200000 -1,000000 -101,000000 0,000000 0,000000
279 1675207266 0,200000 -1,000000 -101,000000 0,000000 0,000000
279 1675207267 0,200000 -1,000000 -101,000000 0,000000 0,000000
279 1675207268 0,200000 -1,000000 -101,000000 0,000000 0,000000
279 1675207269 0,200000 -1,000000 -101,000000 0,000000 0,000000
279 1675207270 0,200000 -1,000000 -101,000000 0,000000 0,000000
279 1675207271 0,200000 -1,000000 -101,000000 0,000000 0,000000
279 1675207272 0,200000 -1,000000 -101,000000 0,000000 0,000000
279 1675207273 0,200000 -1,000000 -101,000000 0,000000 0,000000
279 1675207279 0,400000 -1,000000 -101,000000 0,000000 0,000000
279 1675207280 0,400000 -1,000000 -101,000000 0,000000 0,000000
279 1675207281 0,400000 -1,000000 -101,000000 0,000000 0,000000
279 1675207282 0,400000 -1,000000 -101,000000 0,000000 0,000000
279 1675207283 0,400000 -1,000000 -101,000000 0,000000 0,000000
279 1675207284 0,600000 -1,000000 -101,000000 0,000000 0,000000
279 1675207285 0,600000 -1,000000 -101,000000 0,000000 0,000000
279 1675207286 0,600000 -1,000000 -101,000000 0,000000 0,000000
279 1675207287 0,600000 -1,000000 -101,000000 0,000000 0,000000
279 1675207288 0,600000 -1,000000 -101,000000 0,000000 0,000000
279 1675207314 0,400000 -1,000000 -101,000000 0,000000 0,000000
279 1675207315 0,400000 -1,000000 -101,000000 0,000000 0,000000
279 1675207316 0,400000 -1,000000 -101,000000 0,000000 0,000000
279 1675207317 0,400000 -1,000000 -101,000000 0,000000 0,000000
279 1675207318 0,400000 -1,000000 -101,000000 0,000000 0,000000
279 1675207319 0,400000 -1,000000 -101,000000 0,000000 0,000000
279 1675207320 0,400000 -1,000000 -101,000000 0,000000 0,000000
279 1675207321 0,400000 -1,000000 -101,000000 0,000000 0,000000
279 1675207322 0,400000 -1,000000 -101,000000 0,000000 0,000000
279 1675207323 0,400000 -1,000000 -101,000000 0,000000 0,000000
279 1675207329 0,400000 -1,000000 -101,000000 0,000000 0,000000
279 1675207330 0,400000 -1,000000 -101,000000 0,000000 0,000000
279 1675207331 0,400000 -1,000000 -101,000000 0,000000 0,000000
279 1675207332 0,400000 -1,000000 -101,000000 0,000000 0,000000
279 1675207333 0,400000 -1,000000 -101,000000 0,000000 0,000000
279 1675207339 0,200000 -1,000000 -101,000000 0,000000 0,000000
279 1675207340 0,200000 -1,000000 -101,000000 0,000000 0,000000
279 1675207341 0,200000 -1,000000 -101,000000 0,000000 0,000000
279 1675207342 0,200000 -1,000000 -101,000000 0,000000 0,000000
279 1675207343 0,200000 -1,000000 -101,000000 0,000000 0,000000
279 1675207344 0,200000 -1,000000 -101,000000 0,000000 0,000000
279 1675207345 0,200000 -1,000000 -101,000000 0,000000 0,000000
279 1675207346 0,200000 -1,000000 -101,000000 0,000000 0,000000
279 1675207347 0,200000 -1,000000 -101,000000 0,000000 0,000000
279 1675207348 0,200000 -1,000000 -101,000000 0,000000 0,000000
279 1675207349 0,400000 -1,000000 -101,000000 0,000000 0,000000
279 1675207350 0,400000 -1,000000 -101,000000 0,000000 0,000000
279 1675207351 0,400000 -1,000000 -101,000000 0,000000 0,000000
279 1675207352 0,400000 -1,000000 -101,000000 0,000000 0,000000
279 1675207353 0,400000 -1,000000 -101,000000 0,000000 0,000000
279 1675207354 0,400000 -1,000000 -101,000000 0,000000 0,000000
279 1675207355 0,400000 -1,000000 -101,000000 0,000000 0,000000
279 1675207356 0,400000 -1,000000 -101,000000 0,000000 0,000000
279 1675207357 0,400000 -1,000000 -101,000000 0,000000 0,000000
279 1675207358 0,400000 -1,000000 -101,000000 0,000000 0,000000
279 1675207379 0,200000 -1,000000 -101,000000 0,000000 0,000000
279 1675207380 0,200000 -1,000000 -101,000000 0,000000 0,000000
279 1675207381 0,200000 -1,000000 -101,000000 0,000000 0,000000
279 1675207382 0,200000 -1,000000 -101,000000 0,000000 0,000000
279 1675207383 0,200000 -1,000000 -101,000000 0,000000 0,000000
279 1675207389 0,600000 -1,000000 -101,000000 0,000000 0,000000
279 1675207390 0,600000 -1,000000 -101,000000 0,000000 0,000000
279 1675207391 0,600000 -1,000000 -101,000000 0,000000 0,000000
279 1675207392 0,600000 -1,000000 -101,000000 0,000000 0,000000
279 1675207393 0,600000 -1,000000 -101,000000 0,000000 0,000000
279 1675207394 1,000000 -1,000000 -101,000000 0,000000 0,000000
279 1675207395 1,000000 -1,000000 -101,000000 0,000000 0,000000
279 1675207396 1,000000 -1,000000 -101,000000 0,000000 0,000000
279 1675207397 1,000000 -1,000000 -101,000000 0,000000 0,000000
279 1675207398 1,000000 -1,000000 -101,000000 0,000000 0,000000
279 1675207399 0,200000 -1,000000 -101,000000 0,000000 0,000000
279 1675207400 0,200000 -1,000000 -101,000000 0,000000 0,000000
279 1675207401 0,200000 -1,000000 -101,000000 0,000000 0,000000
279 1675207402 0,200000 -1,000000 -101,000000 0,000000 0,000000
279 1675207403 0,200000 -1,000000 -101,000000 0,000000 0,000000
279 1675207419 0,400000 -1,000000 -101,000000 0,000000 0,000000
279 1675207420 0,400000 -1,000000 -101,000000 0,000000 0,000000
279 1675207421 0,400000 -1,000000 -101,000000 0,000000 0,000000
279 1675207422 0,400000 -1,000000 -101,000000 0,000000 0,000000
279 1675207423 0,400000 -1,000000 -101,000000 0,000000 0,000000
279 1675207424 0,400000 -1,000000 -101,000000 0,000000 0,000000
279 1675207425 0,400000 -1,000000 -101,000000 0,000000 0,000000
279 1675207426 0,400000 -1,000000 -101,000000 0,000000 0,000000
279 1675207427 0,400000 -1,000000 -101,000000 0,000000 0,000000
279 1675207428 0,400000 -1,000000 -101,000000 0,000000 0,000000
279 1675207429 0,600000 -1,000000 -101,000000 0,000000 0,000000
279 1675207430 0,600000 -1,000000 -101,000000 0,000000 0,000000
279 1675207431 0,600000 -1,000000 -101,000000 0,000000 0,000000
279 1675207432 0,600000 -1,000000 -101,000000 0,000000 0,000000
279 1675207433 0,600000 -1,000000 -101,000000 0,000000 0,000000
279 1675207464 0,200000 -1,000000 -101,000000 0,000000 0,000000
279 1675207465 0,200000 -1,000000 -101,000000 0,000000 0,000000
279 1675207466 0,200000 -1,000000 -101,000000 0,000000 0,000000
279 1675207467 0,200000 -1,000000 -101,000000 0,000000 0,000000
279 1675207468 0,200000 -1,000000 -101,000000 0,000000 0,000000
279 1675207469 0,400000 -1,000000 -101,000000 0,000000 0,000000
279 1675207470 0,400000 -1,000000 -101,000000 0,000000 0,000000
279 1675207471 0,400000 -1,000000 -101,000000 0,000000 0,000000
279 1675207472 0,400000 -1,000000 -101,000000 0,000000 0,000000
279 1675207473 0,400000 -1,000000 -101,000000 0,000000 0,000000
279 1675207494 0,400000 -1,000000 -101,000000 0,000000 0,000000
279 1675207495 0,400000 -1,000000 -101,000000 0,000000 0,000000
279 1675207496 0,400000 -1,000000 -101,000000 0,000000 0,000000
279 1675207497 0,400000 -1,000000 -101,000000 0,000000 0,000000
279 1675207498 0,400000 -1,000000 -101,000000 0,000000 0,000000
279 1675207499 0,200000 -1,000000 -101,000000 0,000000 0,000000
279 1675207500 0,200000 -1,000000 -101,000000 0,000000 0,000000
279 1675207501 0,200000 -1,000000 -101,000000 0,000000 0,000000
279 1675207502 0,200000 -1,000000 -101,000000 0,000000 0,000000
279 1675207503 0,200000 -1,000000 -101,000000 0,000000 0,000000
279 1675207504 0,800000 -1,000000 -101,000000 0,000000 0,000000
279 1675207505 0,800000 -1,000000 -101,000000 0,000000 0,000000
279 1675207506 0,800000 -1,000000 -101,000000 0,000000 0,000000
279 1675207507 0,800000 -1,000000 -101,000000 0,000000 0,000000
279 1675207508 0,800000 -1,000000 -101,000000 0,000000 0,000000
279 1675207519 0,600000 -1,000000 -101,000000 0,000000 0,000000
279 1675207520 0,600000 -1,000000 -101,000000 0,000000 0,000000
279 1675207521 0,600000 -1,000000 -101,000000 0,000000 0,000000
279 1675207522 0,600000 -1,000000 -101,000000 0,000000 0,000000
279 1675207523 0,600000 -1,000000 -101,000000 0,000000 0,000000
279 1675207524 0,200000 -1,000000 -101,000000 0,000000 0,000000
279 1675207525 0,200000 -1,000000 -101,000000 0,000000 0,000000
279 1675207526 0,200000 -1,000000 -101,000000 0,000000 0,000000
279 1675207527 0,200000 -1,000000 -101,000000 0,000000 0,000000
279 1675207528 0,200000 -1,000000 -101,000000 0,000000 0,000000
279 1675207544 0,400000 -1,000000 -101,000000 0,000000 0,000000
279 1675207545 0,400000 -1,000000 -101,000000 0,000000 0,000000
279 1675207546 0,400000 -1,000000 -101,000000 0,000000 0,000000
279 1675207547 0,400000 -1,000000 -101,000000 0,000000 0,000000
279 1675207548 0,400000 -1,000000 -101,000000 0,000000 0,000000
279 1675207569 0,400000 -1,000000 -101,000000 0,000000 0,000000
279 1675207570 0,400000 -1,000000 -101,000000 0,000000 0,000000
279 1675207571 0,400000 -1,000000 -101,000000 0,000000 0,000000
279 1675207572 0,400000 -1,000000 -101,000000 0,000000 0,000000
279 1675207573 0,400000 -1,000000 -101,000000 0,000000 0,000000
279 1675207584 0,400000 -1,000000 -101,000000 0,000000 0,000000
279 1675207585 0,400000 -1,000000 -101,000000 0,000000 0,000000
279 1675207586 0,400000 -1,000000 -101,000000 0,000000 0,000000
279 1675207587 0,400000 -1,000000 -101,000000 0,000000 0,000000
279 1675207588 0,400000 -1,000000 -101,000000 0,000000 0,000000
279 1675207599 0,200000 -1,000000 -101,000000 0,000000 0,000000
279 1675207600 0,200000 -1,000000 -101,000000 0,000000 0,000000
279 1675207601 0,200000 -1,000000 -101,000000 0,000000 0,000000
279 1675207602 0,200000 -1,000000 -101,000000 0,000000 0,000000
279 1675207603 0,200000 -1,000000 -101,000000 0,000000 0,000000
279 1675207614 0,800000 -1,000000 -101,000000 0,000000 0,000000
279 1675207615 0,800000 -1,000000 -101,000000 0,000000 0,000000
279 1675207616 0,800000 -1,000000 -101,000000 0,000000 0,000000
279 1675207617 0,800000 -1,000000 -101,000000 0,000000 0,000000
279 1675207618 0,800000 -1,000000 -101,000000 0,000000 0,000000
279 1675207619 0,200000 -1,000000 -101,000000 0,000000 0,000000
279 1675207620 0,200000 -1,000000 -101,000000 0,000000 0,000000
279 1675207621 0,200000 -1,000000 -101,000000 0,000000 0,000000
279 1675207622 0,200000 -1,000000 -101,000000 0,000000 0,000000
279 1675207623 0,200000 -1,000000 -101,000000 0,000000 0,000000
279 1675207624 0,600000 -1,000000 -101,000000 0,000000 0,000000
279 1675207625 0,600000 -1,000000 -101,000000 0,000000 0,000000
279 1675207626 0,600000 -1,000000 -101,000000 0,000000 0,000000
279 1675207627 0,600000 -1,000000 -101,000000 0,000000 0,000000
279 1675207628 0,600000 -1,000000 -101,000000 0,000000 0,000000
279 1675207629 0,400000 -1,000000 -101,000000 0,000000 0,000000
279 1675207630 0,400000 -1,000000 -101,000000 0,000000 0,000000
279 1675207631 0,400000 -1,000000 -101,000000 0,000000 0,000000
279 1675207632 0,400000 -1,000000 -101,000000 0,000000 0,000000
279 1675207633 0,400000 -1,000000 -101,000000 0,000000 0,000000
279 1675207634 0,200000 -1,000000 -101,000000 0,000000 0,000000
279 1675207635 0,200000 -1,000000 -101,000000 0,000000 0,000000
279 1675207636 0,200000 -1,000000 -101,000000 0,000000 0,000000
279 1675207637 0,200000 -1,000000 -101,000000 0,000000 0,000000
279 1675207638 0,200000 -1,000000 -101,000000 0,000000 0,000000
279 1675207644 0,400000 -1,000000 -101,000000 0,000000 0,000000
279 1675207645 0,400000 -1,000000 -101,000000 0,000000 0,000000
279 1675207646 0,400000 -1,000000 -101,000000 0,000000 0,000000
279 1675207647 0,400000 -1,000000 -101,000000 0,000000 0,000000
279 1675207648 0,400000 -1,000000 -101,000000 0,000000 0,000000
279 1675207649 0,200000 -1,000000 -101,000000 0,000000 0,000000
279 1675207650 0,200000 -1,000000 -101,000000 0,000000 0,000000
279 1675207651 0,200000 -1,000000 -101,000000 0,000000 0,000000
279 1675207652 0,200000 -1,000000 -101,000000 0,000000 0,000000
279 1675207653 0,200000 -1,000000 -101,000000 0,000000 0,000000
279 1675207659 0,400000 -1,000000 -101,000000 0,000000 0,000000
279 1675207660 0,400000 -1,000000 -101,000000 0,000000 0,000000
279 1675207661 0,400000 -1,000000 -101,000000 0,000000 0,000000
279 1675207662 0,400000 -1,000000 -101,000000 0,000000 0,000000
279 1675207663 0,400000 -1,000000 -101,000000 0,000000 0,000000
279 1675207689 0,400000 -1,000000 -101,000000 0,000000 0,000000
279 1675207690 0,400000 -1,000000 -101,000000 0,000000 0,000000
279 1675207691 0,400000 -1,000000 -101,000000 0,000000 0,000000
279 1675207692 0,400000 -1,000000 -101,000000 0,000000 0,000000
279 1675207693 0,400000 -1,000000 -101,000000 0,000000 0,000000
279 1675207694 0,600000 -1,000000 -101,000000 0,000000 0,000000
279 1675207695 0,600000 -1,000000 -101,000000 0,000000 0,000000
279 1675207696 0,600000 -1,000000 -101,000000 0,000000 0,000000
279 1675207697 0,600000 -1,000000 -101,000000 0,000000 0,000000
279 1675207698 0,600000 -1,000000 -101,000000 0,000000 0,000000
279 1675207758 0,200000 -1,000000 0,200000 0,200000 0,008000
279 1675207757 0,200000 -1,000000 0,200000 0,200000 0,008000
279 1675207756 0,200000 -1,000000 0,200000 0,200000 0,008000
279 1675207755 0,200000 -1,000000 0,200000 0,200000 0,008000
279 1675207754 0,200000 -1,000000 0,200000 0,200000 0,008000
279 1675207753 0,200000 -1,000000 0,200000 0,200000 0,008000
279 1675207752 0,200000 -1,000000 0,200000 0,200000 0,008000
279 1675207751 0,200000 -1,000000 0,200000 0,200000 0,008000
279 1675207750 0,200000 -1,000000 0,200000 0,200000 0,008000
279 1675207749 0,200000 -1,000000 0,200000 0,200000 0,008000
279 1675207738 0,200000 -1,000000 0,200000 0,200000 0,008000
279 1675207737 0,200000 -1,000000 0,200000 0,200000 0,008000
279 1675207736 0,200000 -1,000000 0,200000 0,200000 0,008000
279 1675207735 0,200000 -1,000000 0,200000 0,200000 0,008000
279 1675207734 0,200000 -1,000000 0,200000 0,200000 0,008000
279 1675207733 0,200000 -1,000000 0,200000 0,200000 0,008000
279 1675207732 0,200000 -1,000000 0,200000 0,200000 0,008000
279 1675207731 0,200000 -1,000000 0,200000 0,200000 0,008000
279 1675207730 0,200000 -1,000000 0,200000 0,200000 0,008000
279 1675207729 0,200000 -1,000000 0,200000 0,200000 0,008000
279 1675207728 0,600000 -1,000000 0,600000 0,600000 0,072000
279 1675207727 0,600000 -1,000000 0,600000 0,600000 0,072000
279 1675207726 0,600000 -1,000000 0,600000 0,600000 0,072000
279 1675207725 0,600000 -1,000000 0,600000 0,600000 0,072000
279 1675207724 0,600000 -1,000000 0,600000 0,600000 0,072000
279 1675207723 0,800000 -1,000000 0,800000 0,800000 0,128000
279 1675207722 0,800000 -1,000000 0,800000 0,800000 0,128000
279 1675207721 0,800000 -1,000000 0,800000 0,800000 0,128000
279 1675207720 0,800000 -1,000000 0,800000 0,800000 0,128000
279 1675207719 0,800000 -1,000000 0,800000 0,800000 0,128000
279 1675207718 0,200000 -1,000000 0,200000 0,200000 0,008000
279 1675207717 0,200000 -1,000000 0,200000 0,200000 0,008000
279 1675207716 0,200000 -1,000000 0,200000 0,200000 0,008000
279 1675207715 0,200000 -1,000000 0,200000 0,200000 0,008000
279 1675207714 0,200000 -1,000000 0,200000 0,200000 0,008000
279 1675207713 0,400000 -1,000000 0,400000 0,400000 0,032000
279 1675207712 0,400000 -1,000000 0,400000 0,400000 0,032000
279 1675207711 0,400000 -1,000000 0,400000 0,400000 0,032000
279 1675207710 0,400000 -1,000000 0,400000 0,400000 0,032000
279 1675207709 0,400000 -1,000000 0,400000 0,400000 0,032000
279 1675207709 0,400000 -1,000000 -101,000000 0,000000 0,000000
279 1675207710 0,400000 -1,000000 -101,000000 0,000000 0,000000
279 1675207711 0,400000 -1,000000 -101,000000 0,000000 0,000000
279 1675207712 0,400000 -1,000000 -101,000000 0,000000 0,000000
279 1675207713 0,400000 -1,000000 -101,000000 0,000000 0,000000
279 1675207714 0,200000 -1,000000 -101,000000 0,000000 0,000000
279 1675207715 0,200000 -1,000000 -101,000000 0,000000 0,000000
279 1675207716 0,200000 -1,000000 -101,000000 0,000000 0,000000
279 1675207717 0,200000 -1,000000 -101,000000 0,000000 0,000000
279 1675207718 0,200000 -1,000000 -101,000000 0,000000 0,000000
279 1675207719 0,800000 -1,000000 -101,000000 0,000000 0,000000
279 1675207720 0,800000 -1,000000 -101,000000 0,000000 0,000000
279 1675207721 0,800000 -1,000000 -101,000000 0,000000 0,000000
279 1675207722 0,800000 -1,000000 -101,000000 0,000000 0,000000
279 1675207723 0,800000 -1,000000 -101,000000 0,000000 0,000000
279 1675207724 0,600000 -1,000000 -101,000000 0,000000 0,000000
279 1675207725 0,600000 -1,000000 -101,000000 0,000000 0,000000
279 1675207726 0,600000 -1,000000 -101,000000 0,000000 0,000000
279 1675207727 0,600000 -1,000000 -101,000000 0,000000 0,000000
279 1675207728 0,600000 -1,000000 -101,000000 0,000000 0,000000
279 1675207729 0,200000 -1,000000 -101,000000 0,000000 0,000000
279 1675207730 0,200000 -1,000000 -101,000000 0,000000 0,000000
279 1675207731 0,200000 -1,000000 -101,000000 0,000000 0,000000
279 1675207732 0,200000 -1,000000 -101,000000 0,000000 0,000000
279 1675207733 0,200000 -1,000000 -101,000000 0,000000 0,000000
279 1675207734 0,200000 -1,000000 -101,000000 0,000000 0,000000
279 1675207735 0,200000 -1,000000 -101,000000 0,000000 0,000000
279 1675207736 0,200000 -1,000000 -101,000000 0,000000 0,000000
279 1675207737 0,200000 -1,000000 -101,000000 0,000000 0,000000
279 1675207738 0,200000 -1,000000 -101,000000 0,000000 0,000000
279 1675207749 0,200000 -1,000000 -101,000000 0,000000 0,000000
279 1675207750 0,200000 -1,000000 -101,000000 0,000000 0,000000
279 1675207751 0,200000 -1,000000 -101,000000 0,000000 0,000000
279 1675207752 0,200000 -1,000000 -101,000000 0,000000 0,000000
279 1675207753 0,200000 -1,000000 -101,000000 0,000000 0,000000
279 1675207754 0,200000 -1,000000 -101,000000 0,000000 0,000000
279 1675207755 0,200000 -1,000000 -101,000000 0,000000 0,000000
279 1675207756 0,200000 -1,000000 -101,000000 0,000000 0,000000
279 1675207757 0,200000 -1,000000 -101,000000 0,000000 0,000000
279 1675207758 0,200000 -1,000000 -101,000000 0,000000 0,000000
279 1675207774 0,400000 -1,000000 -101,000000 0,000000 0,000000
279 1675207775 0,400000 -1,000000 -101,000000 0,000000 0,000000
279 1675207776 0,400000 -1,000000 -101,000000 0,000000 0,000000
279 1675207777 0,400000 -1,000000 -101,000000 0,000000 0,000000
279 1675207778 0,400000 -1,000000 -101,000000 0,000000 0,000000
279 1675207794 0,200000 -1,000000 -101,000000 0,000000 0,000000
279 1675207795 0,200000 -1,000000 -101,000000 0,000000 0,000000
279 1675207796 0,200000 -1,000000 -101,000000 0,000000 0,000000
279 1675207797 0,200000 -1,000000 -101,000000 0,000000 0,000000
279 1675207798 0,200000 -1,000000 -101,000000 0,000000 0,000000
279 1675207804 0,400000 -1,000000 -101,000000 0,000000 0,000000
279 1675207805 0,400000 -1,000000 -101,000000 0,000000 0,000000
279 1675207806 0,400000 -1,000000 -101,000000 0,000000 0,000000
279 1675207807 0,400000 -1,000000 -101,000000 0,000000 0,000000
279 1675207808 0,400000 -1,000000 -101,000000 0,000000 0,000000
279 1675207819 0,200000 -1,000000 -101,000000 0,000000 0,000000
279 1675207820 0,200000 -1,000000 -101,000000 0,000000 0,000000
279 1675207821 0,200000 -1,000000 -101,000000 0,000000 0,000000
279 1675207822 0,200000 -1,000000 -101,000000 0,000000 0,000000
279 1675207823 0,200000 -1,000000 -101,000000 0,000000 0,000000
279 1675207824 0,400000 -1,000000 -101,000000 0,000000 0,000000
279 1675207825 0,400000 -1,000000 -101,000000 0,000000 0,000000
279 1675207826 0,400000 -1,000000 -101,000000 0,000000 0,000000
279 1675207827 0,400000 -1,000000 -101,000000 0,000000 0,000000
279 1675207828 0,400000 -1,000000 -101,000000 0,000000 0,000000
279 1675207829 0,200000 -1,000000 -101,000000 0,000000 0,000000
279 1675207830 0,200000 -1,000000 -101,000000 0,000000 0,000000
279 1675207831 0,200000 -1,000000 -101,000000 0,000000 0,000000
279 1675207832 0,200000 -1,000000 -101,000000 0,000000 0,000000
279 1675207833 0,200000 -1,000000 -101,000000 0,000000 0,000000
279 1675207834 0,400000 -1,000000 -101,000000 0,000000 0,000000
279 1675207835 0,400000 -1,000000 -101,000000 0,000000 0,000000
279 1675207836 0,400000 -1,000000 -101,000000 0,000000 0,000000
279 1675207837 0,400000 -1,000000 -101,000000 0,000000 0,000000
279 1675207838 0,400000 -1,000000 -101,000000 0,000000 0,000000
279 1675207849 0,400000 -1,000000 -101,000000 0,000000 0,000000
279 1675207850 0,400000 -1,000000 -101,000000 0,000000 0,000000
279 1675207851 0,400000 -1,000000 -101,000000 0,000000 0,000000
279 1675207852 0,400000 -1,000000 -101,000000 0,000000 0,000000
279 1675207853 0,400000 -1,000000 -101,000000 0,000000 0,000000
279 1675207869 0,600000 -1,000000 -101,000000 0,000000 0,000000
279 1675207870 0,600000 -1,000000 -101,000000 0,000000 0,000000
279 1675207871 0,600000 -1,000000 -101,000000 0,000000 0,000000
279 1675207872 0,600000 -1,000000 -101,000000 0,000000 0,000000
279 1675207873 0,600000 -1,000000 -101,000000 0,000000 0,000000
279 1675207879 0,400000 -1,000000 -101,000000 0,000000 0,000000
279 1675207880 0,400000 -1,000000 -101,000000 0,000000 0,000000
279 1675207881 0,400000 -1,000000 -101,000000 0,000000 0,000000
279 1675207882 0,400000 -1,000000 -101,000000 0,000000 0,000000
279 1675207883 0,400000 -1,000000 -101,000000 0,000000 0,000000
279 1675207884 0,400000 -1,000000 -101,000000 0,000000 0,000000
279 1675207885 0,400000 -1,000000 -101,000000 0,000000 0,000000
279 1675207886 0,400000 -1,000000 -101,000000 0,000000 0,000000
279 1675207887 0,400000 -1,000000 -101,000000 0,000000 0,000000
279 1675207888 0,400000 -1,000000 -101,000000 0,000000 0,000000
279 1675207914 0,200000 -1,000000 -101,000000 0,000000 0,000000
279 1675207915 0,200000 -1,000000 -101,000000 0,000000 0,000000
279 1675207916 0,200000 -1,000000 -101,000000 0,000000 0,000000
279 1675207917 0,200000 -1,000000 -101,000000 0,000000 0,000000
279 1675207918 0,200000 -1,000000 -101,000000 0,000000 0,000000
279 1675207924 0,600000 -1,000000 -101,000000 0,000000 0,000000
279 1675207925 0,600000 -1,000000 -101,000000 0,000000 0,000000
279 1675207926 0,600000 -1,000000 -101,000000 0,000000 0,000000
279 1675207927 0,600000 -1,000000 -101,000000 0,000000 0,000000
279 1675207928 0,600000 -1,000000 -101,000000 0,000000 0,000000
279 1675207939 0,200000 -1,000000 -101,000000 0,000000 0,000000
279 1675207940 0,200000 -1,000000 -101,000000 0,000000 0,000000
279 1675207941 0,200000 -1,000000 -101,000000 0,000000 0,000000
279 1675207942 0,200000 -1,000000 -101,000000 0,000000 0,000000
279 1675207943 0,200000 -1,000000 -101,000000 0,000000 0,000000
279 1675207944 1,000000 -1,000000 -101,000000 0,000000 0,000000
279 1675207945 1,000000 -1,000000 -101,000000 0,000000 0,000000
279 1675207946 1,000000 -1,000000 -101,000000 0,000000 0,000000
279 1675207947 1,000000 -1,000000 -101,000000 0,000000 0,000000
279 1675207948 1,000000 -1,000000 -101,000000 0,000000 0,000000
279 1675207949 0,200000 -1,000000 -101,000000 0,000000 0,000000
279 1675207950 0,200000 -1,000000 -101,000000 0,000000 0,000000
279 1675207951 0,200000 -1,000000 -101,000000 0,000000 0,000000
279 1675207952 0,200000 -1,000000 -101,000000 0,000000 0,000000
279 1675207953 0,200000 -1,000000 -101,000000 0,000000 0,000000
279 1675207954 0,400000 -1,000000 -101,000000 0,000000 0,000000
279 1675207955 0,400000 -1,000000 -101,000000 0,000000 0,000000
279 1675207956 0,400000 -1,000000 -101,000000 0,000000 0,000000
279 1675207957 0,400000 -1,000000 -101,000000 0,000000 0,000000
279 1675207958 0,400000 -1,000000 -101,000000 0,000000 0,000000
279 1675207964 0,400000 -1,000000 -101,000000 0,000000 0,000000
279 1675207965 0,400000 -1,000000 -101,000000 0,000000 0,000000
279 1675207966 0,400000 -1,000000 -101,000000 0,000000 0,000000
279 1675207967 0,400000 -1,000000 -101,000000 0,000000 0,000000
279 1675207968 0,400000 -1,000000 -101,000000 0,000000 0,000000
279 1675207969 0,200000 -1,000000 -101,000000 0,000000 0,000000
279 1675207970 0,200000 -1,000000 -101,000000 0,000000 0,000000
279 1675207971 0,200000 -1,000000 -101,000000 0,000000 0,000000
279 1675207972 0,200000 -1,000000 -101,000000 0,000000 0,000000
279 1675207973 0,200000 -1,000000 -101,000000 0,000000 0,000000
279 1675207999 0,400000 -1,000000 -101,000000 0,000000 0,000000
279 1675208000 0,400000 -1,000000 -101,000000 0,000000 0,000000
279 1675208001 0,400000 -1,000000 -101,000000 0,000000 0,000000
279 1675208002 0,400000 -1,000000 -101,000000 0,000000 0,000000
279 1675208003 0,400000 -1,000000 -101,000000 0,000000 0,000000
279 1675208004 0,200000 -1,000000 -101,000000 0,000000 0,000000
279 1675208005 0,200000 -1,000000 -101,000000 0,000000 0,000000
279 1675208006 0,200000 -1,000000 -101,000000 0,000000 0,000000
279 1675208007 0,200000 -1,000000 -101,000000 0,000000 0,000000
279 1675208008 0,200000 -1,000000 -101,000000 0,000000 0,000000
279 1675208014 0,400000 -1,000000 -101,000000 0,000000 0,000000
279 1675208015 0,400000 -1,000000 -101,000000 0,000000 0,000000
279 1675208016 0,400000 -1,000000 -101,000000 0,000000 0,000000
279 1675208017 0,400000 -1,000000 -101,000000 0,000000 0,000000
279 1675208018 0,400000 -1,000000 -101,000000 0,000000 0,000000
279 1675208019 0,400000 -1,000000 -101,000000 0,000000 0,000000
279 1675208020 0,400000 -1,000000 -101,000000 0,000000 0,000000
279 1675208021 0,400000 -1,000000 -101,000000 0,000000 0,000000
279 1675208022 0,400000 -1,000000 -101,000000 0,000000 0,000000
279 1675208023 0,400000 -1,000000 -101,000000 0,000000 0,000000
279 1675208024 0,400000 -1,000000 -101,000000 0,000000 0,000000
279 1675208025 0,400000 -1,000000 -101,000000 0,000000 0,000000
279 1675208026 0,400000 -1,000000 -101,000000 0,000000 0,000000
279 1675208027 0,400000 -1,000000 -101,000000 0,000000 0,000000
279 1675208028 0,400000 -1,000000 -101,000000 0,000000 0,000000
279 1675208039 0,600000 -1,000000 -101,000000 0,000000 0,000000
279 1675208040 0,600000 -1,000000 -101,000000 0,000000 0,000000
279 1675208041 0,600000 -1,000000 -101,000000 0,000000 0,000000
279 1675208042 0,600000 -1,000000 -101,000000 0,000000 0,000000
279 1675208043 0,600000 -1,000000 -101,000000 0,000000 0,000000
279 1675208054 0,600000 -1,000000 -101,000000 0,000000 0,000000
279 1675208055 0,600000 -1,000000 -101,000000 0,000000 0,000000
279 1675208056 0,600000 -1,000000 -101,000000 0,000000 0,000000
279 1675208057 0,600000 -1,000000 -101,000000 0,000000 0,000000
279 1675208058 0,600000 -1,000000 -101,000000 0,000000 0,000000
279 1675208064 0,200000 -1,000000 -101,000000 0,000000 0,000000
279 1675208065 0,200000 -1,000000 -101,000000 0,000000 0,000000
279 1675208066 0,200000 -1,000000 -101,000000 0,000000 0,000000
279 1675208067 0,200000 -1,000000 -101,000000 0,000000 0,000000
279 1675208068 0,200000 -1,000000 -101,000000 0,000000 0,000000
279 1675208069 0,200000 -1,000000 -101,000000 0,000000 0,000000
279 1675208070 0,200000 -1,000000 -101,000000 0,000000 0,000000
279 1675208071 0,200000 -1,000000 -101,000000 0,000000 0,000000
279 1675208072 0,200000 -1,000000 -101,000000 0,000000 0,000000
279 1675208073 0,200000 -1,000000 -101,000000 0,000000 0,000000
279 1675208074 0,400000 -1,000000 -101,000000 0,000000 0,000000
279 1675208075 0,400000 -1,000000 -101,000000 0,000000 0,000000
279 1675208076 0,400000 -1,000000 -101,000000 0,000000 0,000000
279 1675208077 0,400000 -1,000000 -101,000000 0,000000 0,000000
279 1675208078 0,400000 -1,000000 -101,000000 0,000000 0,000000
279 1675208094 0,400000 -1,000000 -101,000000 0,000000 0,000000
279 1675208095 0,400000 -1,000000 -101,000000 0,000000 0,000000
279 1675208096 0,400000 -1,000000 -101,000000 0,000000 0,000000
279 1675208097 0,400000 -1,000000 -101,000000 0,000000 0,000000
279 1675208098 0,400000 -1,000000 -101,000000 0,000000 0,000000
279 1675208114 0,200000 -1,000000 -101,000000 0,000000 0,000000
279 1675208115 0,200000 -1,000000 -101,000000 0,000000 0,000000
279 1675208116 0,200000 -1,000000 -101,000000 0,000000 0,000000
279 1675208117 0,200000 -1,000000 -101,000000 0,000000 0,000000
279 1675208118 0,200000 -1,000000 -101,000000 0,000000 0,000000
279 1675208119 0,600000 -1,000000 -101,000000 0,000000 0,000000
279 1675208120 0,600000 -1,000000 -101,000000 0,000000 0,000000
279 1675208121 0,600000 -1,000000 -101,000000 0,000000 0,000000
279 1675208122 0,600000 -1,000000 -101,000000 0,000000 0,000000
279 1675208123 0,600000 -1,000000 -101,000000 0,000000 0,000000
279 1675208124 0,800000 -1,000000 -101,000000 0,000000 0,000000
279 1675208125 0,800000 -1,000000 -101,000000 0,000000 0,000000
279 1675208126 0,800000 -1,000000 -101,000000 0,000000 0,000000
279 1675208127 0,800000 -1,000000 -101,000000 0,000000 0,000000
279 1675208128 0,800000 -1,000000 -101,000000 0,000000 0,000000
279 1675208129 0,200000 -1,000000 -101,000000 0,000000 0,000000
279 1675208130 0,200000 -1,000000 -101,000000 0,000000 0,000000
279 1675208131 0,200000 -1,000000 -101,000000 0,000000 0,000000
279 1675208132 0,200000 -1,000000 -101,000000 0,000000 0,000000
279 1675208133 0,200000 -1,000000 -101,000000 0,000000 0,000000
279 1675208149 0,200000 -1,000000 -101,000000 0,000000 0,000000
279 1675208150 0,200000 -1,000000 -101,000000 0,000000 0,000000
279 1675208151 0,200000 -1,000000 -101,000000 0,000000 0,000000
279 1675208152 0,200000 -1,000000 -101,000000 0,000000 0,000000
279 1675208153 0,200000 -1,000000 -101,000000 0,000000 0,000000
279 1675208154 0,400000 -1,000000 -101,000000 0,000000 0,000000
279 1675208155 0,400000 -1,000000 -101,000000 0,000000 0,000000
279 1675208156 0,400000 -1,000000 -101,000000 0,000000 0,000000
279 1675208157 0,400000 -1,000000 -101,000000 0,000000 0,000000
279 1675208158 0,400000 -1,000000 -101,000000 0,000000 0,000000
279 1675208159 0,200000 -1,000000 -101,000000 0,000000 0,000000
279 1675208160 0,200000 -1,000000 -101,000000 0,000000 0,000000
279 1675208161 0,200000 -1,000000 -101,000000 0,000000 0,000000
279 1675208162 0,200000 -1,000000 -101,000000 0,000000 0,000000
279 1675208163 0,200000 -1,000000 -101,000000 0,000000 0,000000
279 1675208164 0,200000 -1,000000 -101,000000 0,000000 0,000000
279 1675208165 0,200000 -1,000000 -101,000000 0,000000 0,000000
279 1675208166 0,200000 -1,000000 -101,000000 0,000000 0,000000
279 1675208167 0,200000 -1,000000 -101,000000 0,000000 0,000000
279 1675208168 0,200000 -1,000000 -101,000000 0,000000 0,000000
279 1675208169 0,400000 -1,000000 -101,000000 0,000000 0,000000
279 1675208170 0,400000 -1,000000 -101,000000 0,000000 0,000000
279 1675208171 0,400000 -1,000000 -101,000000 0,000000 0,000000
279 1675208172 0,400000 -1,000000 -101,000000 0,000000 0,000000
279 1675208173 0,400000 -1,000000 -101,000000 0,000000 0,000000
279 1675208224 0,400000 -1,000000 -101,000000 0,000000 0,000000
279 1675208225 0,400000 -1,000000 -101,000000 0,000000 0,000000
279 1675208226 0,400000 -1,000000 -101,000000 0,000000 0,000000
279 1675208227 0,400000 -1,000000 -101,000000 0,000000 0,000000
279 1675208228 0,400000 -1,000000 -101,000000 0,000000 0,000000
279 1675208244 0,400000 -1,000000 -101,000000 0,000000 0,000000
279 1675208245 0,400000 -1,000000 -101,000000 0,000000 0,000000
279 1675208246 0,400000 -1,000000 -101,000000 0,000000 0,000000
279 1675208247 0,400000 -1,000000 -101,000000 0,000000 0,000000
279 1675208248 0,400000 -1,000000 -101,000000 0,000000 0,000000
279 1675208249 0,400000 -1,000000 -101,000000 0,000000 0,000000
279 1675208250 0,400000 -1,000000 -101,000000 0,000000 0,000000
279 1675208251 0,400000 -1,000000 -101,000000 0,000000 0,000000
279 1675208252 0,400000 -1,000000 -101,000000 0,000000 0,000000
279 1675208253 0,400000 -1,000000 -101,000000 0,000000 0,000000
279 1675208274 0,400000 -1,000000 -101,000000 0,000000 0,000000
279 1675208275 0,400000 -1,000000 -101,000000 0,000000 0,000000
279 1675208276 0,400000 -1,000000 -101,000000 0,000000 0,000000
279 1675208277 0,400000 -1,000000 -101,000000 0,000000 0,000000
279 1675208278 0,400000 -1,000000 -101,000000 0,000000 0,000000
279 1675208279 0,600000 -1,000000 -101,000000 0,000000 0,000000
279 1675208280 0,600000 -1,000000 -101,000000 0,000000 0,000000
279 1675208281 0,600000 -1,000000 -101,000000 0,000000 0,000000
279 1675208282 0,600000 -1,000000 -101,000000 0,000000 0,000000
279 1675208283 0,600000 -1,000000 -101,000000 0,000000 0,000000
279 1675208284 0,600000 -1,000000 -101,000000 0,000000 0,000000
279 1675208285 0,600000 -1,000000 -101,000000 0,000000 0,000000
279 1675208286 0,600000 -1,000000 -101,000000 0,000000 0,000000
279 1675208287 0,600000 -1,000000 -101,000000 0,000000 0,000000
279 1675208288 0,600000 -1,000000 -101,000000 0,000000 0,000000
279 1675208309 0,200000 -1,000000 -101,000000 0,000000 0,000000
279 1675208310 0,200000 -1,000000 -101,000000 0,000000 0,000000
279 1675208311 0,200000 -1,000000 -101,000000 0,000000 0,000000
279 1675208312 0,200000 -1,000000 -101,000000 0,000000 0,000000
279 1675208313 0,200000 -1,000000 -101,000000 0,000000 0,000000
279 1675208319 0,200000 -1,000000 -101,000000 0,000000 0,000000
279 1675208320 0,200000 -1,000000 -101,000000 0,000000 0,000000
279 1675208321 0,200000 -1,000000 -101,000000 0,000000 0,000000
279 1675208322 0,200000 -1,000000 -101,000000 0,000000 0,000000
279 1675208323 0,200000 -1,000000 -101,000000 0,000000 0,000000
279 1675208324 0,400000 -1,000000 -101,000000 0,000000 0,000000
279 1675208325 0,400000 -1,000000 -101,000000 0,000000 0,000000
279 1675208326 0,400000 -1,000000 -101,000000 0,000000 0,000000
279 1675208327 0,400000 -1,000000 -101,000000 0,000000 0,000000
279 1675208328 0,400000 -1,000000 -101,000000 0,000000 0,000000
279 1675208329 0,400000 -1,000000 -101,000000 0,000000 0,000000
279 1675208330 0,400000 -1,000000 -101,000000 0,000000 0,000000
279 1675208331 0,400000 -1,000000 -101,000000 0,000000 0,000000
279 1675208332 0,400000 -1,000000 -101,000000 0,000000 0,000000
279 1675208333 0,400000 -1,000000 -101,000000 0,000000 0,000000
279 1675208354 0,200000 -1,000000 -101,000000 0,000000 0,000000
279 1675208355 0,200000 -1,000000 -101,000000 0,000000 0,000000
279 1675208356 0,200000 -1,000000 -101,000000 0,000000 0,000000
279 1675208357 0,200000 -1,000000 -101,000000 0,000000 0,000000
279 1675208358 0,200000 -1,000000 -101,000000 0,000000 0,000000
279 1675208359 0,400000 -1,000000 -101,000000 0,000000 0,000000
279 1675208360 0,400000 -1,000000 -101,000000 0,000000 0,000000
279 1675208361 0,400000 -1,000000 -101,000000 0,000000 0,000000
279 1675208362 0,400000 -1,000000 -101,000000 0,000000 0,000000
279 1675208363 0,400000 -1,000000 -101,000000 0,000000 0,000000
279 1675208374 0,600000 -1,000000 -101,000000 0,000000 0,000000
279 1675208375 0,600000 -1,000000 -101,000000 0,000000 0,000000
279 1675208376 0,600000 -1,000000 -101,000000 0,000000 0,000000
279 1675208377 0,600000 -1,000000 -101,000000 0,000000 0,000000
279 1675208378 0,600000 -1,000000 -101,000000 0,000000 0,000000
279 1675208389 0,200000 -1,000000 -101,000000 0,000000 0,000000
279 1675208390 0,200000 -1,000000 -101,000000 0,000000 0,000000
279 1675208391 0,200000 -1,000000 -101,000000 0,000000 0,000000
279 1675208392 0,200000 -1,000000 -101,000000 0,000000 0,000000
279 1675208393 0,200000 -1,000000 -101,000000 0,000000 0,000000
279 1675208394 0,400000 -1,000000 -101,000000 0,000000 0,000000
279 1675208395 0,400000 -1,000000 -101,000000 0,000000 0,000000
279 1675208396 0,400000 -1,000000 -101,000000 0,000000 0,000000
279 1675208397 0,400000 -1,000000 -101,000000 0,000000 0,000000
279 1675208398 0,400000 -1,000000 -101,000000 0,000000 0,000000
279 1675208399 0,400000 -1,000000 -101,000000 0,000000 0,000000
279 1675208400 0,400000 -1,000000 -101,000000 0,000000 0,000000
279 1675208401 0,400000 -1,000000 -101,000000 0,000000 0,000000
279 1675208402 0,400000 -1,000000 -101,000000 0,000000 0,000000
279 1675208403 0,400000 -1,000000 -101,000000 0,000000 0,000000
279 1675208404 0,200000 -1,000000 -101,000000 0,000000 0,000000
279 1675208405 0,200000 -1,000000 -101,000000 0,000000 0,000000
279 1675208406 0,200000 -1,000000 -101,000000 0,000000 0,000000
279 1675208407 0,200000 -1,000000 -101,000000 0,000000 0,000000
279 1675208408 0,200000 -1,000000 -101,000000 0,000000 0,000000
279 1675208419 0,200000 -1,000000 -101,000000 0,000000 0,000000
279 1675208420 0,200000 -1,000000 -101,000000 0,000000 0,000000
279 1675208421 0,200000 -1,000000 -101,000000 0,000000 0,000000
279 1675208422 0,200000 -1,000000 -101,000000 0,000000 0,000000
279 1675208423 0,200000 -1,000000 -101,000000 0,000000 0,000000
279 1675208424 0,400000 -1,000000 -101,000000 0,000000 0,000000
279 1675208425 0,400000 -1,000000 -101,000000 0,000000 0,000000
279 1675208426 0,400000 -1,000000 -101,000000 0,000000 0,000000
279 1675208427 0,400000 -1,000000 -101,000000 0,000000 0,000000
279 1675208428 0,400000 -1,000000 -101,000000 0,000000 0,000000
279 1675208429 0,400000 -1,000000 -101,000000 0,000000 0,000000
279 1675208430 0,400000 -1,000000 -101,000000 0,000000 0,000000
279 1675208431 0,400000 -1,000000 -101,000000 0,000000 0,000000
279 1675208432 0,400000 -1,000000 -101,000000 0,000000 0,000000
279 1675208433 0,400000 -1,000000 -101,000000 0,000000 0,000000
279 1675208434 0,800000 -1,000000 -101,000000 0,000000 0,000000
279 1675208435 0,800000 -1,000000 -101,000000 0,000000 0,000000
279 1675208436 0,800000 -1,000000 -101,000000 0,000000 0,000000
279 1675208437 0,800000 -1,000000 -101,000000 0,000000 0,000000
279 1675208438 0,800000 -1,000000 -101,000000 0,000000 0,000000
279 1675208439 0,600000 -1,000000 -101,000000 0,000000 0,000000
279 1675208440 0,600000 -1,000000 -101,000000 0,000000 0,000000
279 1675208441 0,600000 -1,000000 -101,000000 0,000000 0,000000
279 1675208442 0,600000 -1,000000 -101,000000 0,000000 0,000000
279 1675208443 0,600000 -1,000000 -101,000000 0,000000 0,000000
279 1675208444 0,200000 -1,000000 -101,000000 0,000000 0,000000
279 1675208445 0,200000 -1,000000 -101,000000 0,000000 0,000000
279 1675208446 0,200000 -1,000000 -101,000000 0,000000 0,000000
279 1675208447 0,200000 -1,000000 -101,000000 0,000000 0,000000
279 1675208448 0,200000 -1,000000 -101,000000 0,000000 0,000000
279 1675208449 0,600000 -1,000000 -101,000000 0,000000 0,000000
279 1675208450 0,600000 -1,000000 -101,000000 0,000000 0,000000
279 1675208451 0,600000 -1,000000 -101,000000 0,000000 0,000000
279 1675208452 0,600000 -1,000000 -101,000000 0,000000 0,000000
279 1675208453 0,600000 -1,000000 -101,000000 0,000000 0,000000
279 1675208469 0,400000 -1,000000 -101,000000 0,000000 0,000000
279 1675208470 0,400000 -1,000000 -101,000000 0,000000 0,000000
279 1675208471 0,400000 -1,000000 -101,000000 0,000000 0,000000
279 1675208472 0,400000 -1,000000 -101,000000 0,000000 0,000000
279 1675208473 0,400000 -1,000000 -101,000000 0,000000 0,000000
279 1675208474 0,400000 -1,000000 -101,000000 0,000000 0,000000
279 1675208475 0,400000 -1,000000 -101,000000 0,000000 0,000000
279 1675208476 0,400000 -1,000000 -101,000000 0,000000 0,000000
279 1675208477 0,400000 -1,000000 -101,000000 0,000000 0,000000
279 1675208478 0,400000 -1,000000 -101,000000 0,000000 0,000000
279 1675208494 0,400000 -1,000000 -101,000000 0,000000 0,000000
279 1675208495 0,400000 -1,000000 -101,000000 0,000000 0,000000
279 1675208496 0,400000 -1,000000 -101,000000 0,000000 0,000000
279 1675208497 0,400000 -1,000000 -101,000000 0,000000 0,000000
279 1675208498 0,400000 -1,000000 -101,000000 0,000000 0,000000
279 1675208499 0,400000 -1,000000 -101,000000 0,000000 0,000000
279 1675208500 0,400000 -1,000000 -101,000000 0,000000 0,000000
279 1675208501 0,400000 -1,000000 -101,000000 0,000000 0,000000
279 1675208502 0,400000 -1,000000 -101,000000 0,000000 0,000000
279 1675208503 0,400000 -1,000000 -101,000000 0,000000 0,000000
279 1675208509 0,800000 -1,000000 -101,000000 0,000000 0,000000
279 1675208510 0,800000 -1,000000 -101,000000 0,000000 0,000000
279 1675208511 0,800000 -1,000000 -101,000000 0,000000 0,000000
279 1675208512 0,800000 -1,000000 -101,000000 0,000000 0,000000
279 1675208513 0,800000 -1,000000 -101,000000 0,000000 0,000000
279 1675208524 0,200000 -1,000000 -101,000000 0,000000 0,000000
279 1675208525 0,200000 -1,000000 -101,000000 0,000000 0,000000
279 1675208526 0,200000 -1,000000 -101,000000 0,000000 0,000000
279 1675208527 0,200000 -1,000000 -101,000000 0,000000 0,000000
279 1675208528 0,200000 -1,000000 -101,000000 0,000000 0,000000
279 1675208544 0,200000 -1,000000 -101,000000 0,000000 0,000000
279 1675208545 0,200000 -1,000000 -101,000000 0,000000 0,000000
279 1675208546 0,200000 -1,000000 -101,000000 0,000000 0,000000
279 1675208547 0,200000 -1,000000 -101,000000 0,000000 0,000000
279 1675208548 0,200000 -1,000000 -101,000000 0,000000 0,000000
279 1675208549 0,400000 -1,000000 -101,000000 0,000000 0,000000
279 1675208550 0,400000 -1,000000 -101,000000 0,000000 0,000000
279 1675208551 0,400000 -1,000000 -101,000000 0,000000 0,000000
279 1675208552 0,400000 -1,000000 -101,000000 0,000000 0,000000
279 1675208553 0,400000 -1,000000 -101,000000 0,000000 0,000000
279 1675208569 0,200000 -1,000000 -101,000000 0,000000 0,000000
279 1675208570 0,200000 -1,000000 -101,000000 0,000000 0,000000
279 1675208571 0,200000 -1,000000 -101,000000 0,000000 0,000000
279 1675208572 0,200000 -1,000000 -101,000000 0,000000 0,000000
279 1675208573 0,200000 -1,000000 -101,000000 0,000000 0,000000
279 1675208574 0,200000 -1,000000 -101,000000 0,000000 0,000000
279 1675208575 0,200000 -1,000000 -101,000000 0,000000 0,000000
279 1675208576 0,200000 -1,000000 -101,000000 0,000000 0,000000
279 1675208577 0,200000 -1,000000 -101,000000 0,000000 0,000000
279 1675208578 0,200000 -1,000000 -101,000000 0,000000 0,000000
279 1675208589 0,400000 -1,000000 -101,000000 0,000000 0,000000
