252 1675207175 0,000000 0,000000 -101,000000 0,000000 0,000000
252 1675207176 0,000000 0,000000 -101,000000 0,000000 0,000000
252 1675207177 0,000000 0,000000 -101,000000 0,000000 0,000000
252 1675207178 0,000000 0,000000 -101,000000 0,000000 0,000000
252 1675207179 0,000000 0,000000 -101,000000 0,000000 0,000000
252 1675207180 0,000000 0,000000 -101,000000 0,000000 0,000000
252 1675207181 0,000000 0,000000 -101,000000 0,000000 0,000000
252 1675207182 0,000000 0,000000 -101,000000 0,000000 0,000000
252 1675207183 0,000000 0,000000 -101,000000 0,000000 0,000000
252 1675207184 0,000000 0,000000 -101,000000 0,000000 0,000000
252 1675207185 0,000000 0,000000 -101,000000 0,000000 0,000000
252 1675207186 0,000000 0,000000 -101,000000 0,000000 0,000000
252 1675207187 0,000000 0,000000 -101,000000 0,000000 0,000000
252 1675207188 0,000000 0,000000 -101,000000 0,000000 0,000000
252 1675207189 1,000000 0,200000 0,200000 0,200000 -20,200000
252 1675207190 1,000000 0,200000 0,400000 0,400000 -20,200000
252 1675207191 1,000000 0,200000 0,600000 0,600000 -20,200000
252 1675207192 1,000000 0,200000 0,800000 0,800000 -20,200000
252 1675207193 1,000000 0,200000 1,000000 1,000000 -20,200000
252 1675207194 -0,500000 0,400000 0,800000 0,800000 -20,200000
252 1675207195 -0,500000 0,400000 0,600000 0,600000 -20,200000
252 1675207196 -0,500000 0,400000 0,400000 0,400000 -20,200000
252 1675207197 -0,500000 0,400000 0,200000 0,200000 -20,200000
252 1675207198 -0,500000 0,400000 0,000000 0,000000 -20,200000
252 1675207199 0,000000 0,400000 0,000000 0,000000 -20,200000
252 1675207200 0,000000 0,400000 0,000000 0,000000 -20,200000
252 1675207201 0,000000 0,400000 0,000000 0,000000 -20,200000
252 1675207202 0,000000 0,400000 0,000000 0,000000 -20,200000
252 1675207203 0,000000 0,400000 0,000000 0,000000 -20,200000
252 1675207204 1,000000 0,600000 0,600000 0,600000 -20,200000
252 1675207205 1,000000 0,600000 1,200000 1,200000 -20,200000
252 1675207206 1,000000 0,600000 1,800000 1,800000 -20,200000
252 1675207207 1,000000 0,600000 2,400000 2,400000 -20,200000
252 1675207208 1,000000 0,600000 3,000000 3,000000 -20,200000
252 1675207209 -0,400000 1,000000 2,600000 2,600000 -20,200000
252 1675207210 -0,400000 1,000000 2,200000 2,200000 -20,200000
252 1675207211 -0,400000 1,000000 1,800000 1,800000 -20,200000
252 1675207212 -0,400000 1,000000 1,400000 1,400000 -20,200000
252 1675207213 -0,400000 1,000000 1,000000 1,000000 -20,200000
252 1675207214 0,000000 1,000000 1,000000 1,000000 -20,200000
252 1675207215 0,000000 1,000000 1,000000 1,000000 -20,200000
252 1675207216 0,000000 1,000000 1,000000 1,000000 -20,200000
252 1675207217 0,000000 1,000000 1,000000 1,000000 -20,200000
252 1675207218 0,000000 1,000000 1,000000 1,000000 -20,200000
252 1675207219 0,500000 1,200000 1,600000 1,600000 -20,200000
252 1675207220 0,500000 1,200000 2,200000 2,200000 -20,200000
252 1675207221 0,500000 1,200000 2,800000 2,800000 -20,200000
252 1675207222 0,500000 1,200000 3,400000 3,400000 -20,200000
252 1675207223 0,500000 1,200000 4,000000 4,000000 -20,200000
252 1675207224 0,428571 1,400000 4,600000 4,600000 -20,200000
252 1675207225 0,428571 1,400000 5,200000 5,200000 -20,200000
252 1675207226 0,428571 1,400000 5,800000 5,800000 -20,200000
252 1675207227 0,428571 1,400000 6,400000 6,400000 -20,200000
252 1675207228 0,428571 1,400000 7,000000 7,000000 -20,200000
252 1675207229 -0,555556 1,800000 6,000000 6,000000 -20,200000
252 1675207230 -0,555556 1,800000 5,000000 5,000000 -20,200000
252 1675207231 -0,555556 1,800000 4,000000 4,000000 -20,200000
252 1675207232 -0,555556 1,800000 3,000000 3,000000 -20,200000
252 1675207233 -0,555556 1,800000 2,000000 2,000000 -20,200000
252 1675207234 0,300000 2,000000 2,600000 2,600000 -20,200000
252 1675207235 0,300000 2,000000 3,200000 3,200000 -20,200000
252 1675207236 0,300000 2,000000 3,800000 3,800000 -20,200000
252 1675207237 0,300000 2,000000 4,400000 4,400000 -20,200000
252 1675207238 0,300000 2,000000 5,000000 5,000000 -20,200000
252 1675207239 0,272727 2,200000 5,600000 5,600000 -20,200000
252 1675207240 0,272727 2,200000 6,200000 6,200000 -20,200000
252 1675207241 0,272727 2,200000 6,800000 6,800000 -20,200000
252 1675207242 0,272727 2,200000 7,400000 7,400000 -20,200000
252 1675207243 0,272727 2,200000 8,000000 8,000000 -20,200000
252 1675207244 -0,166667 2,400000 7,600000 7,600000 -20,200000
252 1675207245 -0,166667 2,400000 7,200000 7,200000 -20,200000
252 1675207246 -0,166667 2,400000 6,800000 6,800000 -20,200000
252 1675207247 -0,166667 2,400000 6,400000 6,400000 -20,200000
252 1675207248 -0,166667 2,400000 6,000000 6,000000 -20,200000
252 1675207249 0,200000 3,000000 6,600000 6,600000 -20,200000
252 1675207250 0,200000 3,000000 7,200000 7,200000 -20,200000
252 1675207251 0,200000 3,000000 7,800000 7,800000 -20,200000
252 1675207252 0,200000 3,000000 8,400000 8,400000 -20,200000
252 1675207253 0,200000 3,000000 9,000000 9,000000 -20,200000
252 1675207254 0,333333 3,600000 10,200000 10,200000 -20,200000
252 1675207255 0,333333 3,600000 11,400000 11,400000 -20,200000
252 1675207256 0,333333 3,600000 12,600000 12,600000 -20,200000
252 1675207257 0,333333 3,600000 13,800000 13,800000 -20,200000
252 1675207258 0,333333 3,600000 15,000000 15,000000 -20,200000
252 1675207259 -0,105263 3,800000 14,600000 14,600000 -20,200000
252 1675207260 -0,105263 3,800000 14,200000 14,200000 -20,200000
252 1675207261 -0,105263 3,800000 13,800000 13,800000 -20,200000
252 1675207262 -0,105263 3,800000 13,400000 13,400000 -20,200000
252 1675207263 -0,105263 3,800000 13,000000 13,000000 -20,200000
252 1675207264 -0,045455 4,400000 12,800000 12,800000 -20,200000
252 1675207265 -0,045455 4,400000 12,600000 12,600000 -20,200000
252 1675207266 -0,045455 4,400000 12,400000 12,400000 -20,200000
252 1675207267 -0,045455 4,400000 12,200000 12,200000 -20,200000
252 1675207268 -0,045455 4,400000 12,000000 12,000000 -20,200000
252 1675207269 0,000000 4,800000 12,000000 12,000000 -20,200000
252 1675207270 0,000000 4,800000 12,000000 12,000000 -20,200000
252 1675207271 0,000000 4,800000 12,000000 12,000000 -20,200000
252 1675207272 0,000000 4,800000 12,000000 12,000000 -20,200000
252 1675207273 0,000000 4,800000 12,000000 12,000000 -20,200000
252 1675207274 -0,071429 5,600000 11,600000 11,600000 -20,200000
252 1675207275 -0,071429 5,600000 11,200000 11,200000 -20,200000
252 1675207276 -0,071429 5,600000 10,800000 10,800000 -20,200000
252 1675207277 -0,071429 5,600000 10,400000 10,400000 -20,200000
252 1675207278 -0,071429 5,600000 10,000000 10,000000 -20,200000
252 1675207279 0,264706 6,800000 11,800000 11,800000 -20,200000
252 1675207280 0,264706 6,800000 13,600000 13,600000 -20,200000
252 1675207281 0,264706 6,800000 15,400000 15,400000 -20,200000
252 1675207282 0,264706 6,800000 17,200000 17,200000 -20,200000
252 1675207283 0,264706 6,800000 19,000000 19,000000 -20,200000
252 1675207284 -0,048780 8,200000 18,600000 18,600000 -20,200000
252 1675207285 -0,048780 8,200000 18,200000 18,200000 -20,200000
252 1675207286 -0,048780 8,200000 17,800000 17,800000 -20,200000
252 1675207287 -0,048780 8,200000 17,400000 17,400000 -20,200000
252 1675207288 -0,048780 8,200000 17,000000 17,000000 -20,200000
252 1675207289 -0,071429 8,400000 16,400000 16,400000 -20,200000
252 1675207290 -0,071429 8,400000 15,800000 15,800000 -20,200000
252 1675207291 -0,071429 8,400000 15,200000 15,200000 -20,200000
252 1675207292 -0,071429 8,400000 14,600000 14,600000 -20,200000
252 1675207293 -0,071429 8,400000 14,000000 14,000000 -20,200000
252 1675207294 0,090909 8,800000 14,800000 14,800000 -20,200000
252 1675207295 0,090909 8,800000 15,600000 15,600000 -20,200000
252 1675207296 0,090909 8,800000 16,400000 16,400000 -20,200000
252 1675207297 0,090909 8,800000 17,200000 17,200000 -20,200000
252 1675207298 0,090909 8,800000 18,000000 18,000000 -20,200000
252 1675207299 -0,043478 9,200000 17,600000 17,600000 -20,200000
252 1675207300 -0,043478 9,200000 17,200000 17,200000 -20,200000
252 1675207301 -0,043478 9,200000 16,800000 16,800000 -20,200000
252 1675207302 -0,043478 9,200000 16,400000 16,400000 -20,200000
252 1675207303 -0,043478 9,200000 16,000000 16,000000 -20,200000
252 1675207304 0,000000 9,200000 16,000000 16,000000 -20,200000
252 1675207305 0,000000 9,200000 16,000000 16,000000 -20,200000
252 1675207306 0,000000 9,200000 16,000000 16,000000 -20,200000
252 1675207307 0,000000 9,200000 16,000000 16,000000 -20,200000
252 1675207308 0,000000 9,200000 16,000000 16,000000 -20,200000
252 1675207309 0,102041 9,800000 17,000000 17,000000 -20,200000
252 1675207310 0,102041 9,800000 18,000000 18,000000 -20,200000
252 1675207311 0,102041 9,800000 19,000000 19,000000 -20,200000
252 1675207312 0,102041 9,800000 20,000000 20,000000 -20,200000
252 1675207313 0,102041 9,800000 21,000000 21,000000 -20,200000
252 1675207314 0,134615 10,400000 22,400000 22,400000 -20,200000
252 1675207315 0,134615 10,400000 23,800000 23,800000 -20,200000
252 1675207316 0,134615 10,400000 25,200000 25,200000 -20,200000
252 1675207317 0,134615 10,400000 26,600000 26,600000 -20,200000
252 1675207318 0,134615 10,400000 28,000000 28,000000 -20,200000
252 1675207319 0,017241 11,600000 28,200000 28,200000 -20,200000
252 1675207320 0,017241 11,600000 28,400000 28,400000 -20,200000
252 1675207321 0,017241 11,600000 28,600000 28,600000 -20,200000
252 1675207322 0,017241 11,600000 28,800000 28,800000 -20,200000
252 1675207323 0,017241 11,600000 29,000000 29,000000 -20,200000
252 1675207324 -0,015873 12,600000 28,800000 28,800000 -20,200000
252 1675207325 -0,015873 12,600000 28,600000 28,600000 -20,200000
252 1675207326 -0,015873 12,600000 28,400000 28,400000 -20,200000
252 1675207327 -0,015873 12,600000 28,200000 28,200000 -20,200000
252 1675207328 -0,015873 12,600000 28,000000 28,000000 -20,200000
252 1675207329 -0,102941 13,600000 26,600000 26,600000 -20,200000
252 1675207330 -0,102941 13,600000 25,200000 25,200000 -20,200000
252 1675207331 -0,102941 13,600000 23,800000 23,800000 -20,200000
252 1675207332 -0,102941 13,600000 22,400000 22,400000 -20,200000
252 1675207333 -0,102941 13,600000 21,000000 21,000000 -20,200000
252 1675207334 -0,014286 14,000000 20,800000 20,800000 -20,200000
252 1675207335 -0,014286 14,000000 20,600000 20,600000 -20,200000
252 1675207336 -0,014286 14,000000 20,400000 20,400000 -20,200000
252 1675207337 -0,014286 14,000000 20,200000 20,200000 -20,200000
252 1675207338 -0,014286 14,000000 20,000000 20,000000 -20,200000
252 1675207339 0,000000 14,800000 20,000000 20,000000 -20,200000
252 1675207340 0,000000 14,800000 20,000000 20,000000 -20,200000
252 1675207341 0,000000 14,800000 20,000000 20,000000 -20,200000
252 1675207342 0,000000 14,800000 20,000000 20,000000 -20,200000
252 1675207343 0,000000 14,800000 20,000000 20,000000 -20,200000
252 1675207344 0,037975 15,800000 20,600000 20,600000 -20,200000
252 1675207345 0,037975 15,800000 21,200000 21,200000 -20,200000
252 1675207346 0,037975 15,800000 21,800000 21,800000 -20,200000
252 1675207347 0,037975 15,800000 22,400000 22,400000 -20,200000
252 1675207348 0,037975 15,800000 23,000000 23,000000 -20,200000
252 1675207349 -0,024096 16,600000 22,600000 22,600000 -20,200000
252 1675207350 -0,024096 16,600000 22,200000 22,200000 -20,200000
252 1675207351 -0,024096 16,600000 21,800000 21,800000 -20,200000
252 1675207352 -0,024096 16,600000 21,400000 21,400000 -20,200000
252 1675207353 -0,024096 16,600000 21,000000 21,000000 -20,200000
252 1675207354 0,045977 17,400000 21,800000 21,800000 -20,200000
252 1675207355 0,045977 17,400000 22,600000 22,600000 -20,200000
252 1675207356 0,045977 17,400000 23,400000 23,400000 -20,200000
252 1675207357 0,045977 17,400000 24,200000 24,200000 -20,200000
252 1675207358 0,045977 17,400000 25,000000 25,000000 -20,200000
252 1675207359 -0,044444 18,000000 24,200000 24,200000 -20,200000
252 1675207360 -0,044444 18,000000 23,400000 23,400000 -20,200000
252 1675207361 -0,044444 18,000000 22,600000 22,600000 -20,200000
252 1675207362 -0,044444 18,000000 21,800000 21,800000 -20,200000
252 1675207363 -0,044444 18,000000 21,000000 21,000000 -20,200000
252 1675207364 -0,032967 18,200000 20,400000 20,400000 -20,200000
252 1675207365 -0,032967 18,200000 19,800000 19,800000 -20,200000
252 1675207366 -0,032967 18,200000 19,200000 19,200000 -20,200000
252 1675207367 -0,032967 18,200000 18,600000 18,600000 -20,200000
252 1675207368 -0,032967 18,200000 18,000000 18,000000 -20,200000
252 1675207369 0,032258 18,600000 18,600000 18,600000 -20,200000
252 1675207370 0,032258 18,600000 19,200000 19,200000 -20,200000
252 1675207371 0,032258 18,600000 19,800000 19,800000 -20,200000
252 1675207372 0,032258 18,600000 20,400000 20,400000 -20,200000
252 1675207373 0,032258 18,600000 21,000000 21,000000 -20,200000
252 1675207374 0,020833 19,200000 21,400000 21,400000 -20,200000
252 1675207375 0,020833 19,200000 21,800000 21,800000 -20,200000
252 1675207376 0,020833 19,200000 22,200000 22,200000 -20,200000
252 1675207377 0,020833 19,200000 22,600000 22,600000 -20,200000
252 1675207378 0,020833 19,200000 23,000000 23,000000 -20,200000
252 1675207379 0,090000 20,000000 24,800000 24,800000 -20,200000
252 1675207380 0,090000 20,000000 26,600000 26,600000 -20,200000
252 1675207381 0,090000 20,000000 28,400000 28,400000 -20,200000
252 1675207382 0,090000 20,000000 30,200000 30,200000 -20,200000
252 1675207383 0,090000 20,000000 32,000000 32,000000 -20,200000
252 1675207384 -0,019231 20,800000 31,600000 31,600000 -20,200000
252 1675207385 -0,019231 20,800000 31,200000 31,200000 -20,200000
252 1675207386 -0,019231 20,800000 30,800000 30,800000 -20,200000
252 1675207387 -0,019231 20,800000 30,400000 30,400000 -20,200000
252 1675207388 -0,019231 20,800000 30,000000 30,000000 -20,200000
252 1675207389 -0,065421 21,400000 28,600000 28,600000 -20,200000
252 1675207390 -0,065421 21,400000 27,200000 27,200000 -20,200000
252 1675207391 -0,065421 21,400000 25,800000 25,800000 -20,200000
252 1675207392 -0,065421 21,400000 24,400000 24,400000 -20,200000
252 1675207393 -0,065421 21,400000 23,000000 23,000000 -20,200000
252 1675207394 0,054054 22,200000 24,200000 24,200000 -20,200000
252 1675207395 0,054054 22,200000 25,400000 25,400000 -20,200000
252 1675207396 0,054054 22,200000 26,600000 26,600000 -20,200000
252 1675207397 0,054054 22,200000 27,800000 27,800000 -20,200000
252 1675207398 0,054054 22,200000 29,000000 29,000000 -20,200000
252 1675207399 -0,008696 23,000000 28,800000 28,800000 -20,200000
252 1675207400 -0,008696 23,000000 28,600000 28,600000 -20,200000
252 1675207401 -0,008696 23,000000 28,400000 28,400000 -20,200000
252 1675207402 -0,008696 23,000000 28,200000 28,200000 -20,200000
252 1675207403 -0,008696 23,000000 28,000000 28,000000 -20,200000
252 1675207404 -0,050420 23,800000 26,800000 26,800000 -20,200000
252 1675207405 -0,050420 23,800000 25,600000 25,600000 -20,200000
252 1675207406 -0,050420 23,800000 24,400000 24,400000 -20,200000
252 1675207407 -0,050420 23,800000 23,200000 23,200000 -20,200000
252 1675207408 -0,050420 23,800000 22,000000 22,000000 -20,200000
252 1675207409 0,024390 24,600000 22,600000 22,600000 -20,200000
252 1675207410 0,024390 24,600000 23,200000 23,200000 -20,200000
252 1675207411 0,024390 24,600000 23,800000 23,800000 -20,200000
252 1675207412 0,024390 24,600000 24,400000 24,400000 -20,200000
252 1675207413 0,024390 24,600000 25,000000 25,000000 -20,200000
252 1675207414 0,031746 25,200000 25,800000 25,800000 -20,200000
252 1675207415 0,031746 25,200000 26,600000 26,600000 -20,200000
252 1675207416 0,031746 25,200000 27,400000 27,400000 -20,200000
252 1675207417 0,031746 25,200000 28,200000 28,200000 -20,200000
252 1675207418 0,031746 25,200000 29,000000 29,000000 -20,200000
252 1675207419 0,000000 26,400000 29,000000 29,000000 -20,200000
252 1675207420 0,000000 26,400000 29,000000 29,000000 -20,200000
252 1675207421 0,000000 26,400000 29,000000 29,000000 -20,200000
252 1675207422 0,000000 26,400000 29,000000 29,000000 -20,200000
252 1675207423 0,000000 26,400000 29,000000 29,000000 -20,200000
252 1675207424 -0,007353 27,200000 28,800000 28,800000 -20,200000
252 1675207425 -0,007353 27,200000 28,600000 28,600000 -20,200000
252 1675207426 -0,007353 27,200000 28,400000 28,400000 -20,200000
252 1675207427 -0,007353 27,200000 28,200000 28,200000 -20,200000
252 1675207428 -0,007353 27,200000 28,000000 28,000000 -20,200000
252 1675207429 0,007143 28,000000 28,200000 28,200000 -20,200000
252 1675207430 0,007143 28,000000 28,400000 28,400000 -20,200000
252 1675207431 0,007143 28,000000 28,600000 28,600000 -20,200000
252 1675207432 0,007143 28,000000 28,800000 28,800000 -20,200000
252 1675207433 0,007143 28,000000 29,000000 29,000000 -20,200000
252 1675207434 -0,006993 28,600000 28,800000 28,800000 -20,200000
252 1675207435 -0,006993 28,600000 28,600000 28,600000 -20,200000
252 1675207436 -0,006993 28,600000 28,400000 28,400000 -20,200000
252 1675207437 -0,006993 28,600000 28,200000 28,200000 -20,200000
252 1675207438 -0,006993 28,600000 28,000000 28,000000 -20,200000
252 1675207439 0,027027 29,600000 28,800000 28,800000 -20,200000
252 1675207440 0,027027 29,600000 29,600000 29,600000 -20,200000
252 1675207441 0,027027 29,600000 30,400000 30,400000 -20,200000
252 1675207442 0,027027 29,600000 31,200000 31,200000 -20,200000
252 1675207443 0,027027 29,600000 32,000000 32,000000 -20,200000
252 1675207444 -0,006579 30,400000 31,800000 31,800000 -20,200000
252 1675207445 -0,006579 30,400000 31,600000 31,600000 -20,200000
252 1675207446 -0,006579 30,400000 31,400000 31,400000 -20,200000
252 1675207447 -0,006579 30,400000 31,200000 31,200000 -20,200000
252 1675207448 -0,006579 30,400000 31,000000 31,000000 -20,200000
252 1675207449 -0,063291 31,600000 29,000000 29,000000 -20,200000
252 1675207450 -0,063291 31,600000 27,000000 27,000000 -20,200000
252 1675207451 -0,063291 31,600000 25,000000 25,000000 -20,200000
252 1675207452 -0,063291 31,600000 23,000000 23,000000 -20,200000
252 1675207453 -0,063291 31,600000 21,000000 21,000000 -20,200000
252 1675207454 0,018868 31,800000 21,600000 21,600000 -20,200000
252 1675207455 0,018868 31,800000 22,200000 22,200000 -20,200000
252 1675207456 0,018868 31,800000 22,800000 22,800000 -20,200000
252 1675207457 0,018868 31,800000 23,400000 23,400000 -20,200000
252 1675207458 0,018868 31,800000 24,000000 24,000000 -20,200000
252 1675207459 -0,025000 32,000000 23,200000 23,200000 -20,200000
252 1675207460 -0,025000 32,000000 22,400000 22,400000 -20,200000
252 1675207461 -0,025000 32,000000 21,600000 21,600000 -20,200000
252 1675207462 -0,025000 32,000000 20,800000 20,800000 -20,200000
252 1675207463 -0,025000 32,000000 20,000000 20,000000 -20,200000
252 1675207464 0,012346 32,400000 20,400000 20,400000 -20,200000
252 1675207465 0,012346 32,400000 20,800000 20,800000 -20,200000
252 1675207466 0,012346 32,400000 21,200000 21,200000 -20,200000
252 1675207467 0,012346 32,400000 21,600000 21,600000 -20,200000
252 1675207468 0,012346 32,400000 22,000000 22,000000 -20,200000
252 1675207469 0,018182 33,000000 22,600000 22,600000 -20,200000
252 1675207470 0,018182 33,000000 23,200000 23,200000 -20,200000
252 1675207471 0,018182 33,000000 23,800000 23,800000 -20,200000
252 1675207472 0,018182 33,000000 24,400000 24,400000 -20,200000
252 1675207473 0,018182 33,000000 25,000000 25,000000 -20,200000
252 1675207474 -0,018072 33,200000 24,400000 24,400000 -20,200000
252 1675207475 -0,018072 33,200000 23,800000 23,800000 -20,200000
252 1675207476 -0,018072 33,200000 23,200000 23,200000 -20,200000
252 1675207477 -0,018072 33,200000 22,600000 22,600000 -20,200000
252 1675207478 -0,018072 33,200000 22,000000 22,000000 -20,200000
252 1675207479 0,000000 33,200000 22,000000 22,000000 -20,200000
252 1675207480 0,000000 33,200000 22,000000 22,000000 -20,200000
252 1675207481 0,000000 33,200000 22,000000 22,000000 -20,200000
252 1675207482 0,000000 33,200000 22,000000 22,000000 -20,200000
252 1675207483 0,000000 33,200000 22,000000 22,000000 -20,200000
252 1675207484 0,000000 33,200000 22,000000 22,000000 -20,200000
252 1675207485 0,000000 33,200000 22,000000 22,000000 -20,200000
252 1675207486 0,000000 33,200000 22,000000 22,000000 -20,200000
252 1675207487 0,000000 33,200000 22,000000 22,000000 -20,200000
252 1675207488 0,000000 33,200000 22,000000 22,000000 -20,200000
252 1675207489 0,005988 33,400000 22,200000 22,200000 -20,200000
252 1675207490 0,005988 33,400000 22,400000 22,400000 -20,200000
252 1675207491 0,005988 33,400000 22,600000 22,600000 -20,200000
252 1675207492 0,005988 33,400000 22,800000 22,800000 -20,200000
252 1675207493 0,005988 33,400000 23,000000 23,000000 -20,200000
252 1675207494 0,017857 33,600000 23,600000 23,600000 -20,200000
252 1675207495 0,017857 33,600000 24,200000 24,200000 -20,200000
252 1675207496 0,017857 33,600000 24,800000 24,800000 -20,200000
252 1675207497 0,017857 33,600000 25,400000 25,400000 -20,200000
252 1675207498 0,017857 33,600000 26,000000 26,000000 -20,200000
252 1675207499 -0,005747 34,800000 25,800000 25,800000 -20,200000
252 1675207500 -0,005747 34,800000 25,600000 25,600000 -20,200000
252 1675207501 -0,005747 34,800000 25,400000 25,400000 -20,200000
252 1675207502 -0,005747 34,800000 25,200000 25,200000 -20,200000
252 1675207503 -0,005747 34,800000 25,000000 25,000000 -20,200000
252 1675207504 0,027778 36,000000 26,000000 26,000000 -20,200000
252 1675207505 0,027778 36,000000 27,000000 27,000000 -20,200000
252 1675207506 0,027778 36,000000 28,000000 28,000000 -20,200000
252 1675207507 0,027778 36,000000 29,000000 29,000000 -20,200000
252 1675207508 0,027778 36,000000 30,000000 30,000000 -20,200000
252 1675207509 -0,021505 37,200000 29,200000 29,200000 -20,200000
252 1675207510 -0,021505 37,200000 28,400000 28,400000 -20,200000
252 1675207511 -0,021505 37,200000 27,600000 27,600000 -20,200000
252 1675207512 -0,021505 37,200000 26,800000 26,800000 -20,200000
252 1675207513 -0,021505 37,200000 26,000000 26,000000 -20,200000
252 1675207514 -0,010471 38,200000 25,600000 25,600000 -20,200000
252 1675207515 -0,010471 38,200000 25,200000 25,200000 -20,200000
252 1675207516 -0,010471 38,200000 24,800000 24,800000 -20,200000
252 1675207517 -0,010471 38,200000 24,400000 24,400000 -20,200000
252 1675207518 -0,010471 38,200000 24,000000 24,000000 -20,200000
252 1675207519 -0,015306 39,200000 23,400000 23,400000 -20,200000
252 1675207520 -0,015306 39,200000 22,800000 22,800000 -20,200000
252 1675207521 -0,015306 39,200000 22,200000 22,200000 -20,200000
252 1675207522 -0,015306 39,200000 21,600000 21,600000 -20,200000
252 1675207523 -0,015306 39,200000 21,000000 21,000000 -20,200000
252 1675207524 -0,004926 40,600000 20,800000 20,800000 -20,200000
252 1675207525 -0,004926 40,600000 20,600000 20,600000 -20,200000
252 1675207526 -0,004926 40,600000 20,400000 20,400000 -20,200000
252 1675207527 -0,004926 40,600000 20,200000 20,200000 -20,200000
252 1675207528 -0,004926 40,600000 20,000000 20,000000 -20,200000
252 1675207529 0,000000 41,400000 20,000000 20,000000 -20,200000
252 1675207530 0,000000 41,400000 20,000000 20,000000 -20,200000
252 1675207531 0,000000 41,400000 20,000000 20,000000 -20,200000
252 1675207532 0,000000 41,400000 20,000000 20,000000 -20,200000
252 1675207533 0,000000 41,400000 20,000000 20,000000 -20,200000
252 1675207534 0,000000 41,400000 20,000000 20,000000 -20,200000
252 1675207535 0,000000 41,400000 20,000000 20,000000 -20,200000
252 1675207536 0,000000 41,400000 20,000000 20,000000 -20,200000
252 1675207537 0,000000 41,400000 20,000000 20,000000 -20,200000
252 1675207538 0,000000 41,400000 20,000000 20,000000 -20,200000
252 1675207539 0,009569 41,800000 20,400000 20,400000 -20,200000
252 1675207540 0,009569 41,800000 20,800000 20,800000 -20,200000
252 1675207541 0,009569 41,800000 21,200000 21,200000 -20,200000
252 1675207542 0,009569 41,800000 21,600000 21,600000 -20,200000
252 1675207543 0,009569 41,800000 22,000000 22,000000 -20,200000
252 1675207544 0,014151 42,400000 22,600000 22,600000 -20,200000
252 1675207545 0,014151 42,400000 23,200000 23,200000 -20,200000
252 1675207546 0,014151 42,400000 23,800000 23,800000 -20,200000
252 1675207547 0,014151 42,400000 24,400000 24,400000 -20,200000
252 1675207548 0,014151 42,400000 25,000000 25,000000 -20,200000
252 1675207549 -0,009390 42,600000 24,600000 24,600000 -20,200000
252 1675207550 -0,009390 42,600000 24,200000 24,200000 -20,200000
252 1675207551 -0,009390 42,600000 23,800000 23,800000 -20,200000
252 1675207552 -0,009390 42,600000 23,400000 23,400000 -20,200000
252 1675207553 -0,009390 42,600000 23,000000 23,000000 -20,200000
252 1675207554 -0,014019 42,800000 22,400000 22,400000 -20,200000
252 1675207555 -0,014019 42,800000 21,800000 21,800000 -20,200000
252 1675207556 -0,014019 42,800000 21,200000 21,200000 -20,200000
252 1675207557 -0,014019 42,800000 20,600000 20,600000 -20,200000
252 1675207558 -0,014019 42,800000 20,000000 20,000000 -20,200000
252 1675207559 0,013825 43,400000 20,600000 20,600000 -20,200000
252 1675207560 0,013825 43,400000 21,200000 21,200000 -20,200000
252 1675207561 0,013825 43,400000 21,800000 21,800000 -20,200000
252 1675207562 0,013825 43,400000 22,400000 22,400000 -20,200000
252 1675207563 0,013825 43,400000 23,000000 23,000000 -20,200000
252 1675207564 0,031818 44,000000 24,400000 24,400000 -20,200000
252 1675207565 0,031818 44,000000 25,800000 25,800000 -20,200000
252 1675207566 0,031818 44,000000 27,200000 27,200000 -20,200000
252 1675207567 0,031818 44,000000 28,600000 28,600000 -20,200000
252 1675207568 0,031818 44,000000 30,000000 30,000000 -20,200000
252 1675207569 0,004505 44,400000 30,200000 30,200000 -20,200000
252 1675207570 0,004505 44,400000 30,400000 30,400000 -20,200000
252 1675207571 0,004505 44,400000 30,600000 30,600000 -20,200000
252 1675207572 0,004505 44,400000 30,800000 30,800000 -20,200000
252 1675207573 0,004505 44,400000 31,000000 31,000000 -20,200000
252 1675207574 -0,030702 45,600000 29,600000 29,600000 -20,200000
252 1675207575 -0,030702 45,600000 28,200000 28,200000 -20,200000
252 1675207576 -0,030702 45,600000 26,800000 26,800000 -20,200000
252 1675207577 -0,030702 45,600000 25,400000 25,400000 -20,200000
252 1675207578 -0,030702 45,600000 24,000000 24,000000 -20,200000
252 1675207579 0,012987 46,200000 24,600000 24,600000 -20,200000
252 1675207580 0,012987 46,200000 25,200000 25,200000 -20,200000
252 1675207581 0,012987 46,200000 25,800000 25,800000 -20,200000
252 1675207582 0,012987 46,200000 26,400000 26,400000 -20,200000
252 1675207583 0,012987 46,200000 27,000000 27,000000 -20,200000
252 1675207584 0,000000 47,200000 27,000000 27,000000 -20,200000
252 1675207585 0,000000 47,200000 27,000000 27,000000 -20,200000
252 1675207586 0,000000 47,200000 27,000000 27,000000 -20,200000
252 1675207587 0,000000 47,200000 27,000000 27,000000 -20,200000
252 1675207588 0,000000 47,200000 27,000000 27,000000 -20,200000
252 1675207589 -0,016598 48,200000 26,200000 26,200000 -20,200000
252 1675207590 -0,016598 48,200000 25,400000 25,400000 -20,200000
252 1675207591 -0,016598 48,200000 24,600000 24,600000 -20,200000
252 1675207592 -0,016598 48,200000 23,800000 23,800000 -20,200000
252 1675207593 -0,016598 48,200000 23,000000 23,000000 -20,200000
252 1675207594 -0,004082 49,000000 22,800000 22,800000 -20,200000
252 1675207595 -0,004082 49,000000 22,600000 22,600000 -20,200000
252 1675207596 -0,004082 49,000000 22,400000 22,400000 -20,200000
252 1675207597 -0,004082 49,000000 22,200000 22,200000 -20,200000
252 1675207598 -0,004082 49,000000 22,000000 22,000000 -20,200000
252 1675207599 0,000000 49,800000 22,000000 22,000000 -20,200000
252 1675207600 0,000000 49,800000 22,000000 22,000000 -20,200000
252 1675207601 0,000000 49,800000 22,000000 22,000000 -20,200000
252 1675207602 0,000000 49,800000 22,000000 22,000000 -20,200000
252 1675207603 0,000000 49,800000 22,000000 22,000000 -20,200000
252 1675207604 0,000000 50,200000 22,000000 22,000000 -20,200000
252 1675207605 0,000000 50,200000 22,000000 22,000000 -20,200000
252 1675207606 0,000000 50,200000 22,000000 22,000000 -20,200000
252 1675207607 0,000000 50,200000 22,000000 22,000000 -20,200000
252 1675207608 0,000000 50,200000 22,000000 22,000000 -20,200000
252 1675207609 0,003953 50,600000 22,200000 22,200000 -20,200000
252 1675207610 0,003953 50,600000 22,400000 22,400000 -20,200000
252 1675207611 0,003953 50,600000 22,600000 22,600000 -20,200000
252 1675207612 0,003953 50,600000 22,800000 22,800000 -20,200000
252 1675207613 0,003953 50,600000 23,000000 23,000000 -20,200000
252 1675207614 0,027344 51,200000 24,400000 24,400000 -20,200000
252 1675207615 0,027344 51,200000 25,800000 25,800000 -20,200000
252 1675207616 0,027344 51,200000 27,200000 27,200000 -20,200000
252 1675207617 0,027344 51,200000 28,600000 28,600000 -20,200000
252 1675207618 0,027344 51,200000 30,000000 30,000000 -20,200000
252 1675207619 -0,026616 52,600000 28,600000 28,600000 -20,200000
252 1675207620 -0,026616 52,600000 27,200000 27,200000 -20,200000
252 1675207621 -0,026616 52,600000 25,800000 25,800000 -20,200000
252 1675207622 -0,026616 52,600000 24,400000 24,400000 -20,200000
252 1675207623 -0,026616 52,600000 23,000000 23,000000 -20,200000
252 1675207624 0,007519 53,200000 23,400000 23,400000 -20,200000
252 1675207625 0,007519 53,200000 23,800000 23,800000 -20,200000
252 1675207626 0,007519 53,200000 24,200000 24,200000 -20,200000
252 1675207627 0,007519 53,200000 24,600000 24,600000 -20,200000
252 1675207628 0,007519 53,200000 25,000000 25,000000 -20,200000
252 1675207629 0,000000 54,200000 25,000000 25,000000 -20,200000
252 1675207630 0,000000 54,200000 25,000000 25,000000 -20,200000
252 1675207631 0,000000 54,200000 25,000000 25,000000 -20,200000
252 1675207632 0,000000 54,200000 25,000000 25,000000 -20,200000
252 1675207633 0,000000 54,200000 25,000000 25,000000 -20,200000
252 1675207634 -0,007273 55,000000 24,600000 24,600000 -20,200000
252 1675207635 -0,007273 55,000000 24,200000 24,200000 -20,200000
252 1675207636 -0,007273 55,000000 23,800000 23,800000 -20,200000
252 1675207637 -0,007273 55,000000 23,400000 23,400000 -20,200000
252 1675207638 -0,007273 55,000000 23,000000 23,000000 -20,200000
252 1675207639 -0,007168 55,800000 22,600000 22,600000 -20,200000
252 1675207640 -0,007168 55,800000 22,200000 22,200000 -20,200000
252 1675207641 -0,007168 55,800000 21,800000 21,800000 -20,200000
252 1675207642 -0,007168 55,800000 21,400000 21,400000 -20,200000
252 1675207643 -0,007168 55,800000 21,000000 21,000000 -20,200000
252 1675207644 0,003559 56,200000 21,200000 21,200000 -20,200000
252 1675207645 0,003559 56,200000 21,400000 21,400000 -20,200000
252 1675207646 0,003559 56,200000 21,600000 21,600000 -20,200000
252 1675207647 0,003559 56,200000 21,800000 21,800000 -20,200000
252 1675207648 0,003559 56,200000 22,000000 22,000000 -20,200000
252 1675207649 -0,017483 57,200000 21,000000 21,000000 -20,200000
252 1675207650 -0,017483 57,200000 20,000000 20,000000 -20,200000
252 1675207651 -0,017483 57,200000 19,000000 19,000000 -20,200000
252 1675207652 -0,017483 57,200000 18,000000 18,000000 -20,200000
252 1675207653 -0,017483 57,200000 17,000000 17,000000 -20,200000
252 1675207654 0,010274 58,400000 17,600000 17,600000 -20,200000
252 1675207655 0,010274 58,400000 18,200000 18,200000 -20,200000
252 1675207656 0,010274 58,400000 18,800000 18,800000 -20,200000
252 1675207657 0,010274 58,400000 19,400000 19,400000 -20,200000
252 1675207658 0,010274 58,400000 20,000000 20,000000 -20,200000
252 1675207659 0,006757 59,200000 20,400000 20,400000 -20,200000
252 1675207660 0,006757 59,200000 20,800000 20,800000 -20,200000
252 1675207661 0,006757 59,200000 21,200000 21,200000 -20,200000
252 1675207662 0,006757 59,200000 21,600000 21,600000 -20,200000
252 1675207663 0,006757 59,200000 22,000000 22,000000 -20,200000
252 1675207664 -0,006689 59,800000 21,600000 21,600000 -20,200000
252 1675207665 -0,006689 59,800000 21,200000 21,200000 -20,200000
252 1675207666 -0,006689 59,800000 20,800000 20,800000 -20,200000
252 1675207667 -0,006689 59,800000 20,400000 20,400000 -20,200000
252 1675207668 -0,006689 59,800000 20,000000 20,000000 -20,200000
252 1675207669 -0,003322 60,200000 19,800000 19,800000 -20,200000
252 1675207670 -0,003322 60,200000 19,600000 19,600000 -20,200000
252 1675207671 -0,003322 60,200000 19,400000 19,400000 -20,200000
252 1675207672 -0,003322 60,200000 19,200000 19,200000 -20,200000
252 1675207673 -0,003322 60,200000 19,000000 19,000000 -20,200000
252 1675207674 -0,003289 60,800000 18,800000 18,800000 -20,200000
252 1675207675 -0,003289 60,800000 18,600000 18,600000 -20,200000
252 1675207676 -0,003289 60,800000 18,400000 18,400000 -20,200000
252 1675207677 -0,003289 60,800000 18,200000 18,200000 -20,200000
252 1675207678 -0,003289 60,800000 18,000000 18,000000 -20,200000
252 1675207679 0,000000 60,800000 18,000000 18,000000 -20,200000
252 1675207680 0,000000 60,800000 18,000000 18,000000 -20,200000
252 1675207681 0,000000 60,800000 18,000000 18,000000 -20,200000
252 1675207682 0,000000 60,800000 18,000000 18,000000 -20,200000
252 1675207683 0,000000 60,800000 18,000000 18,000000 -20,200000
252 1675207684 0,006536 61,200000 18,400000 18,400000 -20,200000
252 1675207685 0,006536 61,200000 18,800000 18,800000 -20,200000
252 1675207686 0,006536 61,200000 19,200000 19,200000 -20,200000
252 1675207687 0,006536 61,200000 19,600000 19,600000 -20,200000
252 1675207688 0,006536 61,200000 20,000000 20,000000 -20,200000
252 1675207689 0,022654 61,800000 21,400000 21,400000 -20,200000
252 1675207690 0,022654 61,800000 22,800000 22,800000 -20,200000
252 1675207691 0,022654 61,800000 24,200000 24,200000 -20,200000
252 1675207692 0,022654 61,800000 25,600000 25,600000 -20,200000
252 1675207693 0,022654 61,800000 27,000000 27,000000 -20,200000
252 1675207694 0,000000 62,600000 27,000000 27,000000 -20,200000
252 1675207695 0,000000 62,600000 27,000000 27,000000 -20,200000
252 1675207696 0,000000 62,600000 27,000000 27,000000 -20,200000
252 1675207697 0,000000 62,600000 27,000000 27,000000 -20,200000
252 1675207698 0,000000 62,600000 27,000000 27,000000 -20,200000
252 1675207699 -0,022152 63,200000 25,600000 25,600000 -20,200000
252 1675207700 -0,022152 63,200000 24,200000 24,200000 -20,200000
252 1675207701 -0,022152 63,200000 22,800000 22,800000 -20,200000
252 1675207702 -0,022152 63,200000 21,400000 21,400000 -20,200000
252 1675207703 -0,022152 63,200000 20,000000 20,000000 -20,200000
252 1675207704 0,003145 63,600000 20,200000 20,200000 -20,200000
252 1675207705 0,003145 63,600000 20,400000 20,400000 -20,200000
252 1675207706 0,003145 63,600000 20,600000 20,600000 -20,200000
252 1675207707 0,003145 63,600000 20,800000 20,800000 -20,200000
252 1675207708 0,003145 63,600000 21,000000 21,000000 -20,200000
252 1675207709 0,003115 64,200000 21,200000 21,200000 -20,200000
252 1675207771 0,000000 0,333333 25,000000 25,000000 3400,333333
252 1675207770 0,000000 0,333333 25,000000 25,000000 3400,333333
252 1675207769 0,000000 0,333333 25,000000 25,000000 3400,333333
252 1675207768 0,000000 0,200000 25,000000 25,000000 2040,200000
252 1675207767 0,000000 0,200000 25,000000 25,000000 2040,200000
252 1675207766 0,000000 0,200000 25,000000 25,000000 2040,200000
252 1675207765 0,000000 0,200000 25,000000 25,000000 2040,200000
252 1675207764 0,000000 0,200000 25,000000 25,000000 2040,200000
252 1675207763 -3,000000 0,200000 25,000000 25,000000 2040,272000
252 1675207762 -3,000000 0,200000 25,600000 25,600000 2040,272000
252 1675207761 -3,000000 0,200000 26,200000 26,200000 2040,272000
252 1675207760 -3,000000 0,200000 26,800000 26,800000 2040,272000
252 1675207759 -3,000000 0,200000 27,400000 27,400000 2040,272000
252 1675207758 3,000000 0,200000 28,000000 28,000000 2040,272000
252 1675207757 3,000000 0,200000 27,400000 27,400000 2040,272000
252 1675207756 3,000000 0,200000 26,800000 26,800000 2040,272000
252 1675207755 3,000000 0,200000 26,200000 26,200000 2040,272000
252 1675207754 3,000000 0,200000 25,600000 25,600000 2040,272000
252 1675207753 5,000000 0,200000 25,000000 25,000000 2040,400000
252 1675207752 5,000000 0,200000 24,000000 24,000000 2040,400000
252 1675207751 5,000000 0,200000 23,000000 23,000000 2040,400000
252 1675207750 5,000000 0,200000 22,000000 22,000000 2040,400000
252 1675207749 5,000000 0,200000 21,000000 21,000000 2040,400000
252 1675207748 0,000000 0,200000 20,000000 20,000000 2040,200000
252 1675207747 0,000000 0,200000 20,000000 20,000000 2040,200000
252 1675207746 0,000000 0,200000 20,000000 20,000000 2040,200000
252 1675207745 0,000000 0,200000 20,000000 20,000000 2040,200000
252 1675207744 0,000000 0,200000 20,000000 20,000000 2040,200000
252 1675207743 -2,000000 0,200000 20,000000 20,000000 2040,232000
252 1675207742 -2,000000 0,200000 20,400000 20,400000 2040,232000
252 1675207741 -2,000000 0,200000 20,800000 20,800000 2040,232000
252 1675207740 -2,000000 0,200000 21,200000 21,200000 2040,232000
252 1675207739 -2,000000 0,200000 21,600000 21,600000 2040,232000
252 1675207738 1,000000 0,200000 22,000000 22,000000 2040,208000
252 1675207737 1,000000 0,200000 21,800000 21,800000 2040,208000
252 1675207736 1,000000 0,200000 21,600000 21,600000 2040,208000
252 1675207735 1,000000 0,200000 21,400000 21,400000 2040,208000
252 1675207734 1,000000 0,200000 21,200000 21,200000 2040,208000
252 1675207733 -2,000000 0,200000 21,000000 21,000000 2040,232000
252 1675207732 -2,000000 0,200000 21,400000 21,400000 2040,232000
252 1675207731 -2,000000 0,200000 21,800000 21,800000 2040,232000
252 1675207730 -2,000000 0,200000 22,200000 22,200000 2040,232000
252 1675207729 -2,000000 0,200000 22,600000 22,600000 2040,232000
252 1675207728 1,000000 0,200000 23,000000 23,000000 2040,208000
252 1675207727 1,000000 0,200000 22,800000 22,800000 2040,208000
252 1675207726 1,000000 0,200000 22,600000 22,600000 2040,208000
252 1675207725 1,000000 0,200000 22,400000 22,400000 2040,208000
252 1675207724 1,000000 0,200000 22,200000 22,200000 2040,208000
252 1675207723 -1,000000 0,200000 22,000000 22,000000 2040,208000
252 1675207722 -1,000000 0,200000 22,200000 22,200000 2040,208000
252 1675207721 -1,000000 0,200000 22,400000 22,400000 2040,208000
252 1675207720 -1,000000 0,200000 22,600000 22,600000 2040,208000
252 1675207719 -1,000000 0,200000 22,800000 22,800000 2040,208000
252 1675207718 1,000000 0,200000 23,000000 23,000000 2040,208000
252 1675207717 1,000000 0,200000 22,800000 22,800000 2040,208000
252 1675207716 1,000000 0,200000 22,600000 22,600000 2040,208000
252 1675207715 1,000000 0,200000 22,400000 22,400000 2040,208000
252 1675207714 1,000000 0,200000 22,200000 22,200000 2040,208000
252 1675207713 1,000000 0,200000 22,000000 22,000000 2040,208000
252 1675207712 1,000000 0,200000 21,800000 21,800000 2040,208000
252 1675207711 1,000000 0,200000 21,600000 21,600000 2040,208000
252 1675207710 1,000000 0,200000 21,400000 21,400000 2040,208000
252 1675207710 0,003115 64,200000 21,400000 21,400000 -20,200000
252 1675207711 0,003115 64,200000 21,600000 21,600000 -20,200000
252 1675207712 0,003115 64,200000 21,800000 21,800000 -20,200000
252 1675207713 0,003115 64,200000 22,000000 22,000000 -20,200000
252 1675207714 0,003049 65,600000 22,200000 22,200000 -20,200000
252 1675207715 0,003049 65,600000 22,400000 22,400000 -20,200000
252 1675207716 0,003049 65,600000 22,600000 22,600000 -20,200000
252 1675207717 0,003049 65,600000 22,800000 22,800000 -20,200000
252 1675207718 0,003049 65,600000 23,000000 23,000000 -20,200000
252 1675207719 -0,002985 67,000000 22,800000 22,800000 -20,200000
252 1675207720 -0,002985 67,000000 22,600000 22,600000 -20,200000
252 1675207721 -0,002985 67,000000 22,400000 22,400000 -20,200000
252 1675207722 -0,002985 67,000000 22,200000 22,200000 -20,200000
252 1675207723 -0,002985 67,000000 22,000000 22,000000 -20,200000
252 1675207724 0,002933 68,200000 22,200000 22,200000 -20,200000
252 1675207725 0,002933 68,200000 22,400000 22,400000 -20,200000
252 1675207726 0,002933 68,200000 22,600000 22,600000 -20,200000
252 1675207727 0,002933 68,200000 22,800000 22,800000 -20,200000
252 1675207728 0,002933 68,200000 23,000000 23,000000 -20,200000
252 1675207729 -0,005764 69,400000 22,600000 22,600000 -20,200000
252 1675207730 -0,005764 69,400000 22,200000 22,200000 -20,200000
252 1675207731 -0,005764 69,400000 21,800000 21,800000 -20,200000
252 1675207732 -0,005764 69,400000 21,400000 21,400000 -20,200000
252 1675207733 -0,005764 69,400000 21,000000 21,000000 -20,200000
252 1675207734 0,002857 70,000000 21,200000 21,200000 -20,200000
252 1675207735 0,002857 70,000000 21,400000 21,400000 -20,200000
252 1675207736 0,002857 70,000000 21,600000 21,600000 -20,200000
252 1675207737 0,002857 70,000000 21,800000 21,800000 -20,200000
252 1675207738 0,002857 70,000000 22,000000 22,000000 -20,200000
252 1675207739 -0,005698 70,200000 21,600000 21,600000 -20,200000
252 1675207740 -0,005698 70,200000 21,200000 21,200000 -20,200000
252 1675207741 -0,005698 70,200000 20,800000 20,800000 -20,200000
252 1675207742 -0,005698 70,200000 20,400000 20,400000 -20,200000
252 1675207743 -0,005698 70,200000 20,000000 20,000000 -20,200000
252 1675207744 0,000000 70,800000 20,000000 20,000000 -20,200000
252 1675207745 0,000000 70,800000 20,000000 20,000000 -20,200000
252 1675207746 0,000000 70,800000 20,000000 20,000000 -20,200000
252 1675207747 0,000000 70,800000 20,000000 20,000000 -20,200000
252 1675207748 0,000000 70,800000 20,000000 20,000000 -20,200000
252 1675207749 0,013966 71,600000 21,000000 21,000000 -20,200000
252 1675207750 0,013966 71,600000 22,000000 22,000000 -20,200000
252 1675207751 0,013966 71,600000 23,000000 23,000000 -20,200000
252 1675207752 0,013966 71,600000 24,000000 24,000000 -20,200000
252 1675207753 0,013966 71,600000 25,000000 25,000000 -20,200000
252 1675207754 0,008287 72,400000 25,600000 25,600000 -20,200000
252 1675207755 0,008287 72,400000 26,200000 26,200000 -20,200000
252 1675207756 0,008287 72,400000 26,800000 26,800000 -20,200000
252 1675207757 0,008287 72,400000 27,400000 27,400000 -20,200000
252 1675207758 0,008287 72,400000 28,000000 28,000000 -20,200000
252 1675207759 -0,008219 73,000000 27,400000 27,400000 -20,200000
252 1675207760 -0,008219 73,000000 26,800000 26,800000 -20,200000
252 1675207761 -0,008219 73,000000 26,200000 26,200000 -20,200000
252 1675207762 -0,008219 73,000000 25,600000 25,600000 -20,200000
252 1675207763 -0,008219 73,000000 25,000000 25,000000 -20,200000
252 1675207764 0,000000 73,600000 25,000000 25,000000 -20,200000
252 1675207765 0,000000 73,600000 25,000000 25,000000 -20,200000
252 1675207766 0,000000 73,600000 25,000000 25,000000 -20,200000
252 1675207767 0,000000 73,600000 25,000000 25,000000 -20,200000
252 1675207768 0,000000 73,600000 25,000000 25,000000 -20,200000
252 1675207769 -0,002710 73,800000 24,800000 24,800000 -20,200000
252 1675207770 -0,002710 73,800000 24,600000 24,600000 -20,200000
252 1675207771 -0,002710 73,800000 24,400000 24,400000 -20,200000
252 1675207772 -0,002710 73,800000 24,200000 24,200000 -20,200000
252 1675207773 -0,002710 73,800000 24,000000 24,000000 -20,200000
252 1675207774 0,005362 74,600000 24,400000 24,400000 -20,200000
252 1675207775 0,005362 74,600000 24,800000 24,800000 -20,200000
252 1675207776 0,005362 74,600000 25,200000 25,200000 -20,200000
252 1675207777 0,005362 74,600000 25,600000 25,600000 -20,200000
252 1675207778 0,005362 74,600000 26,000000 26,000000 -20,200000
252 1675207779 -0,005291 75,600000 25,600000 25,600000 -20,200000
252 1675207780 -0,005291 75,600000 25,200000 25,200000 -20,200000
252 1675207781 -0,005291 75,600000 24,800000 24,800000 -20,200000
252 1675207782 -0,005291 75,600000 24,400000 24,400000 -20,200000
252 1675207783 -0,005291 75,600000 24,000000 24,000000 -20,200000
252 1675207784 -0,005263 76,000000 23,600000 23,600000 -20,200000
252 1675207785 -0,005263 76,000000 23,200000 23,200000 -20,200000
252 1675207786 -0,005263 76,000000 22,800000 22,800000 -20,200000
252 1675207787 -0,005263 76,000000 22,400000 22,400000 -20,200000
252 1675207788 -0,005263 76,000000 22,000000 22,000000 -20,200000
252 1675207789 0,005208 76,800000 22,400000 22,400000 -20,200000
252 1675207790 0,005208 76,800000 22,800000 22,800000 -20,200000
252 1675207791 0,005208 76,800000 23,200000 23,200000 -20,200000
252 1675207792 0,005208 76,800000 23,600000 23,600000 -20,200000
252 1675207793 0,005208 76,800000 24,000000 24,000000 -20,200000
252 1675207794 0,007792 77,000000 24,600000 24,600000 -20,200000
252 1675207795 0,007792 77,000000 25,200000 25,200000 -20,200000
252 1675207796 0,007792 77,000000 25,800000 25,800000 -20,200000
252 1675207797 0,007792 77,000000 26,400000 26,400000 -20,200000
252 1675207798 0,007792 77,000000 27,000000 27,000000 -20,200000
252 1675207799 -0,010336 77,400000 26,200000 26,200000 -20,200000
252 1675207800 -0,010336 77,400000 25,400000 25,400000 -20,200000
252 1675207801 -0,010336 77,400000 24,600000 24,600000 -20,200000
252 1675207802 -0,010336 77,400000 23,800000 23,800000 -20,200000
252 1675207803 -0,010336 77,400000 23,000000 23,000000 -20,200000
252 1675207804 0,007712 77,800000 23,600000 23,600000 -20,200000
252 1675207805 0,007712 77,800000 24,200000 24,200000 -20,200000
252 1675207806 0,007712 77,800000 24,800000 24,800000 -20,200000
252 1675207807 0,007712 77,800000 25,400000 25,400000 -20,200000
252 1675207808 0,007712 77,800000 26,000000 26,000000 -20,200000
252 1675207809 0,012658 79,000000 27,000000 27,000000 -20,200000
252 1675207810 0,012658 79,000000 28,000000 28,000000 -20,200000
252 1675207811 0,012658 79,000000 29,000000 29,000000 -20,200000
252 1675207812 0,012658 79,000000 30,000000 30,000000 -20,200000
252 1675207813 0,012658 79,000000 31,000000 31,000000 -20,200000
252 1675207814 0,015038 79,800000 32,200000 32,200000 -20,200000
252 1675207815 0,015038 79,800000 33,400000 33,400000 -20,200000
252 1675207816 0,015038 79,800000 34,600000 34,600000 -20,200000
252 1675207817 0,015038 79,800000 35,800000 35,800000 -20,200000
252 1675207818 0,015038 79,800000 37,000000 37,000000 -20,200000
252 1675207819 -0,027027 81,400000 34,800000 34,800000 -20,200000
252 1675207820 -0,027027 81,400000 32,600000 32,600000 -20,200000
252 1675207821 -0,027027 81,400000 30,400000 30,400000 -20,200000
252 1675207822 -0,027027 81,400000 28,200000 28,200000 -20,200000
252 1675207823 -0,027027 81,400000 26,000000 26,000000 -20,200000
252 1675207824 0,000000 82,800000 26,000000 26,000000 -20,200000
252 1675207825 0,000000 82,800000 26,000000 26,000000 -20,200000
252 1675207826 0,000000 82,800000 26,000000 26,000000 -20,200000
252 1675207827 0,000000 82,800000 26,000000 26,000000 -20,200000
252 1675207828 0,000000 82,800000 26,000000 26,000000 -20,200000
252 1675207829 -0,019139 83,600000 24,400000 24,400000 -20,200000
252 1675207830 -0,019139 83,600000 22,800000 22,800000 -20,200000
252 1675207831 -0,019139 83,600000 21,200000 21,200000 -20,200000
252 1675207832 -0,019139 83,600000 19,600000 19,600000 -20,200000
252 1675207833 -0,019139 83,600000 18,000000 18,000000 -20,200000
252 1675207834 -0,004739 84,400000 17,600000 17,600000 -20,200000
252 1675207835 -0,004739 84,400000 17,200000 17,200000 -20,200000
252 1675207836 -0,004739 84,400000 16,800000 16,800000 -20,200000
252 1675207837 -0,004739 84,400000 16,400000 16,400000 -20,200000
252 1675207838 -0,004739 84,400000 16,000000 16,000000 -20,200000
252 1675207839 -0,002353 85,000000 15,800000 15,800000 -20,200000
252 1675207840 -0,002353 85,000000 15,600000 15,600000 -20,200000
252 1675207841 -0,002353 85,000000 15,400000 15,400000 -20,200000
252 1675207842 -0,002353 85,000000 15,200000 15,200000 -20,200000
252 1675207843 -0,002353 85,000000 15,000000 15,000000 -20,200000
252 1675207844 0,002347 85,200000 15,200000 15,200000 -20,200000
252 1675207845 0,002347 85,200000 15,400000 15,400000 -20,200000
252 1675207846 0,002347 85,200000 15,600000 15,600000 -20,200000
252 1675207847 0,002347 85,200000 15,800000 15,800000 -20,200000
252 1675207848 0,002347 85,200000 16,000000 16,000000 -20,200000
252 1675207849 0,009346 85,600000 16,800000 16,800000 -20,200000
252 1675207850 0,009346 85,600000 17,600000 17,600000 -20,200000
252 1675207851 0,009346 85,600000 18,400000 18,400000 -20,200000
252 1675207852 0,009346 85,600000 19,200000 19,200000 -20,200000
252 1675207853 0,009346 85,600000 20,000000 20,000000 -20,200000
252 1675207854 -0,004640 86,200000 19,600000 19,600000 -20,200000
252 1675207855 -0,004640 86,200000 19,200000 19,200000 -20,200000
252 1675207856 -0,004640 86,200000 18,800000 18,800000 -20,200000
252 1675207857 -0,004640 86,200000 18,400000 18,400000 -20,200000
252 1675207858 -0,004640 86,200000 18,000000 18,000000 -20,200000
252 1675207859 -0,006944 86,400000 17,400000 17,400000 -20,200000
252 1675207860 -0,006944 86,400000 16,800000 16,800000 -20,200000
252 1675207861 -0,006944 86,400000 16,200000 16,200000 -20,200000
252 1675207862 -0,006944 86,400000 15,600000 15,600000 -20,200000
252 1675207863 -0,006944 86,400000 15,000000 15,000000 -20,200000
252 1675207864 0,004608 86,800000 15,400000 15,400000 -20,200000
252 1675207865 0,004608 86,800000 15,800000 15,800000 -20,200000
252 1675207866 0,004608 86,800000 16,200000 16,200000 -20,200000
252 1675207867 0,004608 86,800000 16,600000 16,600000 -20,200000
252 1675207868 0,004608 86,800000 17,000000 17,000000 -20,200000
252 1675207869 0,016018 87,400000 18,400000 18,400000 -20,200000
252 1675207870 0,016018 87,400000 19,800000 19,800000 -20,200000
252 1675207871 0,016018 87,400000 21,200000 21,200000 -20,200000
252 1675207872 0,016018 87,400000 22,600000 22,600000 -20,200000
252 1675207873 0,016018 87,400000 24,000000 24,000000 -20,200000
252 1675207874 0,004535 88,200000 24,400000 24,400000 -20,200000
252 1675207875 0,004535 88,200000 24,800000 24,800000 -20,200000
252 1675207876 0,004535 88,200000 25,200000 25,200000 -20,200000
252 1675207877 0,004535 88,200000 25,600000 25,600000 -20,200000
252 1675207878 0,004535 88,200000 26,000000 26,000000 -20,200000
252 1675207879 0,002252 88,800000 26,200000 26,200000 -20,200000
252 1675207880 0,002252 88,800000 26,400000 26,400000 -20,200000
252 1675207881 0,002252 88,800000 26,600000 26,600000 -20,200000
252 1675207882 0,002252 88,800000 26,800000 26,800000 -20,200000
252 1675207883 0,002252 88,800000 27,000000 27,000000 -20,200000
252 1675207884 -0,002227 89,800000 26,800000 26,800000 -20,200000
252 1675207885 -0,002227 89,800000 26,600000 26,600000 -20,200000
252 1675207886 -0,002227 89,800000 26,400000 26,400000 -20,200000
252 1675207887 -0,002227 89,800000 26,200000 26,200000 -20,200000
252 1675207888 -0,002227 89,800000 26,000000 26,000000 -20,200000
252 1675207889 0,002203 90,800000 26,200000 26,200000 -20,200000
252 1675207890 0,002203 90,800000 26,400000 26,400000 -20,200000
252 1675207891 0,002203 90,800000 26,600000 26,600000 -20,200000
252 1675207892 0,002203 90,800000 26,800000 26,800000 -20,200000
252 1675207893 0,002203 90,800000 27,000000 27,000000 -20,200000
252 1675207894 -0,006565 91,400000 26,400000 26,400000 -20,200000
252 1675207895 -0,006565 91,400000 25,800000 25,800000 -20,200000
252 1675207896 -0,006565 91,400000 25,200000 25,200000 -20,200000
252 1675207897 -0,006565 91,400000 24,600000 24,600000 -20,200000
252 1675207898 -0,006565 91,400000 24,000000 24,000000 -20,200000
252 1675207899 -0,008677 92,200000 23,200000 23,200000 -20,200000
252 1675207900 -0,008677 92,200000 22,400000 22,400000 -20,200000
252 1675207901 -0,008677 92,200000 21,600000 21,600000 -20,200000
252 1675207902 -0,008677 92,200000 20,800000 20,800000 -20,200000
252 1675207903 -0,008677 92,200000 20,000000 20,000000 -20,200000
252 1675207904 0,002155 92,800000 20,200000 20,200000 -20,200000
252 1675207905 0,002155 92,800000 20,400000 20,400000 -20,200000
252 1675207906 0,002155 92,800000 20,600000 20,600000 -20,200000
252 1675207907 0,002155 92,800000 20,800000 20,800000 -20,200000
252 1675207908 0,002155 92,800000 21,000000 21,000000 -20,200000
252 1675207909 0,006438 93,200000 21,600000 21,600000 -20,200000
252 1675207910 0,006438 93,200000 22,200000 22,200000 -20,200000
252 1675207911 0,006438 93,200000 22,800000 22,800000 -20,200000
252 1675207912 0,006438 93,200000 23,400000 23,400000 -20,200000
252 1675207913 0,006438 93,200000 24,000000 24,000000 -20,200000
252 1675207914 0,006397 93,800000 24,600000 24,600000 -20,200000
252 1675207915 0,006397 93,800000 25,200000 25,200000 -20,200000
252 1675207916 0,006397 93,800000 25,800000 25,800000 -20,200000
252 1675207917 0,006397 93,800000 26,400000 26,400000 -20,200000
252 1675207918 0,006397 93,800000 27,000000 27,000000 -20,200000
252 1675207919 -0,004228 94,600000 26,600000 26,600000 -20,200000
252 1675207920 -0,004228 94,600000 26,200000 26,200000 -20,200000
252 1675207921 -0,004228 94,600000 25,800000 25,800000 -20,200000
252 1675207922 -0,004228 94,600000 25,400000 25,400000 -20,200000
252 1675207923 -0,004228 94,600000 25,000000 25,000000 -20,200000
252 1675207924 0,012632 95,000000 26,200000 26,200000 -20,200000
252 1675207925 0,012632 95,000000 27,400000 27,400000 -20,200000
252 1675207926 0,012632 95,000000 28,600000 28,600000 -20,200000
252 1675207927 0,012632 95,000000 29,800000 29,800000 -20,200000
252 1675207928 0,012632 95,000000 31,000000 31,000000 -20,200000
252 1675207929 -0,014644 95,600000 29,600000 29,600000 -20,200000
252 1675207930 -0,014644 95,600000 28,200000 28,200000 -20,200000
252 1675207931 -0,014644 95,600000 26,800000 26,800000 -20,200000
252 1675207932 -0,014644 95,600000 25,400000 25,400000 -20,200000
252 1675207933 -0,014644 95,600000 24,000000 24,000000 -20,200000
252 1675207934 -0,004167 96,000000 23,600000 23,600000 -20,200000
252 1675207935 -0,004167 96,000000 23,200000 23,200000 -20,200000
252 1675207936 -0,004167 96,000000 22,800000 22,800000 -20,200000
252 1675207937 -0,004167 96,000000 22,400000 22,400000 -20,200000
252 1675207938 -0,004167 96,000000 22,000000 22,000000 -20,200000
252 1675207939 0,008264 96,800000 22,800000 22,800000 -20,200000
252 1675207940 0,008264 96,800000 23,600000 23,600000 -20,200000
252 1675207941 0,008264 96,800000 24,400000 24,400000 -20,200000
252 1675207942 0,008264 96,800000 25,200000 25,200000 -20,200000
252 1675207943 0,008264 96,800000 26,000000 26,000000 -20,200000
252 1675207944 0,006135 97,800000 26,600000 26,600000 -20,200000
252 1675207945 0,006135 97,800000 27,200000 27,200000 -20,200000
252 1675207946 0,006135 97,800000 27,800000 27,800000 -20,200000
252 1675207947 0,006135 97,800000 28,400000 28,400000 -20,200000
252 1675207948 0,006135 97,800000 29,000000 29,000000 -20,200000
252 1675207949 -0,006085 98,600000 28,400000 28,400000 -20,200000
252 1675207950 -0,006085 98,600000 27,800000 27,800000 -20,200000
252 1675207951 -0,006085 98,600000 27,200000 27,200000 -20,200000
252 1675207952 -0,006085 98,600000 26,600000 26,600000 -20,200000
252 1675207953 -0,006085 98,600000 26,000000 26,000000 -20,200000
252 1675207954 -0,008065 99,200000 25,200000 25,200000 -20,200000
252 1675207955 -0,008065 99,200000 24,400000 24,400000 -20,200000
252 1675207956 -0,008065 99,200000 23,600000 23,600000 -20,200000
252 1675207957 -0,008065 99,200000 22,800000 22,800000 -20,200000
252 1675207958 -0,008065 99,200000 22,000000 22,000000 -20,200000
252 1675207959 -0,010000 100,000000 21,000000 21,000000 -20,200000
252 1675207960 -0,010000 100,000000 20,000000 20,000000 -20,200000
252 1675207961 -0,010000 100,000000 19,000000 19,000000 -20,200000
252 1675207962 -0,010000 100,000000 18,000000 18,000000 -20,200000
252 1675207963 -0,010000 100,000000 17,000000 17,000000 -20,200000
252 1675207964 0,005964 100,600000 17,600000 17,600000 -20,200000
252 1675207965 0,005964 100,600000 18,200000 18,200000 -20,200000
252 1675207966 0,005964 100,600000 18,800000 18,800000 -20,200000
252 1675207967 0,005964 100,600000 19,400000 19,400000 -20,200000
252 1675207968 0,005964 100,600000 20,000000 20,000000 -20,200000
252 1675207969 0,001976 101,200000 20,200000 20,200000 -20,200000
252 1675207970 0,001976 101,200000 20,400000 20,400000 -20,200000
252 1675207971 0,001976 101,200000 20,600000 20,600000 -20,200000
252 1675207972 0,001976 101,200000 20,800000 20,800000 -20,200000
252 1675207973 0,001976 101,200000 21,000000 21,000000 -20,200000
252 1675207974 -0,005882 102,000000 20,400000 20,400000 -20,200000
252 1675207975 -0,005882 102,000000 19,800000 19,800000 -20,200000
252 1675207976 -0,005882 102,000000 19,200000 19,200000 -20,200000
252 1675207977 -0,005882 102,000000 18,600000 18,600000 -20,200000
252 1675207978 -0,005882 102,000000 18,000000 18,000000 -20,200000
252 1675207979 0,005848 102,600000 18,600000 18,600000 -20,200000
252 1675207980 0,005848 102,600000 19,200000 19,200000 -20,200000
252 1675207981 0,005848 102,600000 19,800000 19,800000 -20,200000
252 1675207982 0,005848 102,600000 20,400000 20,400000 -20,200000
252 1675207983 0,005848 102,600000 21,000000 21,000000 -20,200000
252 1675207984 0,000000 102,600000 21,000000 21,000000 -20,200000
252 1675207985 0,000000 102,600000 21,000000 21,000000 -20,200000
252 1675207986 0,000000 102,600000 21,000000 21,000000 -20,200000
252 1675207987 0,000000 102,600000 21,000000 21,000000 -20,200000
252 1675207988 0,000000 102,600000 21,000000 21,000000 -20,200000
252 1675207989 0,000000 102,600000 21,000000 21,000000 -20,200000
252 1675207990 0,000000 102,600000 21,000000 21,000000 -20,200000
252 1675207991 0,000000 102,600000 21,000000 21,000000 -20,200000
252 1675207992 0,000000 102,600000 21,000000 21,000000 -20,200000
252 1675207993 0,000000 102,600000 21,000000 21,000000 -20,200000
252 1675207994 0,003883 103,000000 21,400000 21,400000 -20,200000
252 1675207995 0,003883 103,000000 21,800000 21,800000 -20,200000
252 1675207996 0,003883 103,000000 22,200000 22,200000 -20,200000
252 1675207997 0,003883 103,000000 22,600000 22,600000 -20,200000
252 1675207998 0,003883 103,000000 23,000000 23,000000 -20,200000
252 1675207999 0,011605 103,400000 24,200000 24,200000 -20,200000
252 1675208000 0,011605 103,400000 25,400000 25,400000 -20,200000
252 1675208001 0,011605 103,400000 26,600000 26,600000 -20,200000
252 1675208002 0,011605 103,400000 27,800000 27,800000 -20,200000
252 1675208003 0,011605 103,400000 29,000000 29,000000 -20,200000
252 1675208004 -0,005769 104,000000 28,400000 28,400000 -20,200000
252 1675208005 -0,005769 104,000000 27,800000 27,800000 -20,200000
252 1675208006 -0,005769 104,000000 27,200000 27,200000 -20,200000
252 1675208007 -0,005769 104,000000 26,600000 26,600000 -20,200000
252 1675208008 -0,005769 104,000000 26,000000 26,000000 -20,200000
252 1675208009 -0,005736 104,600000 25,400000 25,400000 -20,200000
252 1675208010 -0,005736 104,600000 24,800000 24,800000 -20,200000
252 1675208011 -0,005736 104,600000 24,200000 24,200000 -20,200000
252 1675208012 -0,005736 104,600000 23,600000 23,600000 -20,200000
252 1675208013 -0,005736 104,600000 23,000000 23,000000 -20,200000
252 1675208014 0,017045 105,600000 24,800000 24,800000 -20,200000
252 1675208015 0,017045 105,600000 26,600000 26,600000 -20,200000
252 1675208016 0,017045 105,600000 28,400000 28,400000 -20,200000
252 1675208017 0,017045 105,600000 30,200000 30,200000 -20,200000
252 1675208018 0,017045 105,600000 32,000000 32,000000 -20,200000
252 1675208019 0,001873 106,800000 32,200000 32,200000 -20,200000
252 1675208020 0,001873 106,800000 32,400000 32,400000 -20,200000
252 1675208021 0,001873 106,800000 32,600000 32,600000 -20,200000
252 1675208022 0,001873 106,800000 32,800000 32,800000 -20,200000
252 1675208023 0,001873 106,800000 33,000000 33,000000 -20,200000
252 1675208024 -0,009259 108,000000 32,000000 32,000000 -20,200000
252 1675208025 -0,009259 108,000000 31,000000 31,000000 -20,200000
252 1675208026 -0,009259 108,000000 30,000000 30,000000 -20,200000
252 1675208027 -0,009259 108,000000 29,000000 29,000000 -20,200000
252 1675208028 -0,009259 108,000000 28,000000 28,000000 -20,200000
252 1675208029 -0,010989 109,200000 26,800000 26,800000 -20,200000
252 1675208030 -0,010989 109,200000 25,600000 25,600000 -20,200000
252 1675208031 -0,010989 109,200000 24,400000 24,400000 -20,200000
252 1675208032 -0,010989 109,200000 23,200000 23,200000 -20,200000
252 1675208033 -0,010989 109,200000 22,000000 22,000000 -20,200000
252 1675208034 0,000000 110,000000 22,000000 22,000000 -20,200000
252 1675208035 0,000000 110,000000 22,000000 22,000000 -20,200000
252 1675208036 0,000000 110,000000 22,000000 22,000000 -20,200000
252 1675208037 0,000000 110,000000 22,000000 22,000000 -20,200000
252 1675208038 0,000000 110,000000 22,000000 22,000000 -20,200000
252 1675208039 0,005425 110,600000 22,600000 22,600000 -20,200000
252 1675208040 0,005425 110,600000 23,200000 23,200000 -20,200000
252 1675208041 0,005425 110,600000 23,800000 23,800000 -20,200000
252 1675208042 0,005425 110,600000 24,400000 24,400000 -20,200000
252 1675208043 0,005425 110,600000 25,000000 25,000000 -20,200000
252 1675208044 -0,005396 111,200000 24,400000 24,400000 -20,200000
252 1675208045 -0,005396 111,200000 23,800000 23,800000 -20,200000
252 1675208046 -0,005396 111,200000 23,200000 23,200000 -20,200000
252 1675208047 -0,005396 111,200000 22,600000 22,600000 -20,200000
252 1675208048 -0,005396 111,200000 22,000000 22,000000 -20,200000
252 1675208049 -0,005348 112,200000 21,400000 21,400000 -20,200000
252 1675208050 -0,005348 112,200000 20,800000 20,800000 -20,200000
252 1675208051 -0,005348 112,200000 20,200000 20,200000 -20,200000
252 1675208052 -0,005348 112,200000 19,600000 19,600000 -20,200000
252 1675208053 -0,005348 112,200000 19,000000 19,000000 -20,200000
252 1675208054 0,007067 113,200000 19,800000 19,800000 -20,200000
252 1675208055 0,007067 113,200000 20,600000 20,600000 -20,200000
252 1675208056 0,007067 113,200000 21,400000 21,400000 -20,200000
252 1675208057 0,007067 113,200000 22,200000 22,200000 -20,200000
252 1675208058 0,007067 113,200000 23,000000 23,000000 -20,200000
252 1675208059 0,001764 113,400000 23,200000 23,200000 -20,200000
252 1675208060 0,001764 113,400000 23,400000 23,400000 -20,200000
252 1675208061 0,001764 113,400000 23,600000 23,600000 -20,200000
252 1675208062 0,001764 113,400000 23,800000 23,800000 -20,200000
252 1675208063 0,001764 113,400000 24,000000 24,000000 -20,200000
252 1675208064 0,005282 113,600000 24,600000 24,600000 -20,200000
252 1675208065 0,005282 113,600000 25,200000 25,200000 -20,200000
252 1675208066 0,005282 113,600000 25,800000 25,800000 -20,200000
252 1675208067 0,005282 113,600000 26,400000 26,400000 -20,200000
252 1675208068 0,005282 113,600000 27,000000 27,000000 -20,200000
252 1675208069 0,000000 114,200000 27,000000 27,000000 -20,200000
252 1675208070 0,000000 114,200000 27,000000 27,000000 -20,200000
252 1675208071 0,000000 114,200000 27,000000 27,000000 -20,200000
252 1675208072 0,000000 114,200000 27,000000 27,000000 -20,200000
252 1675208073 0,000000 114,200000 27,000000 27,000000 -20,200000
252 1675208074 0,003484 114,800000 27,400000 27,400000 -20,200000
252 1675208075 0,003484 114,800000 27,800000 27,800000 -20,200000
252 1675208076 0,003484 114,800000 28,200000 28,200000 -20,200000
252 1675208077 0,003484 114,800000 28,600000 28,600000 -20,200000
252 1675208078 0,003484 114,800000 29,000000 29,000000 -20,200000
252 1675208079 -0,003466 115,400000 28,600000 28,600000 -20,200000
252 1675208080 -0,003466 115,400000 28,200000 28,200000 -20,200000
252 1675208081 -0,003466 115,400000 27,800000 27,800000 -20,200000
252 1675208082 -0,003466 115,400000 27,400000 27,400000 -20,200000
252 1675208083 -0,003466 115,400000 27,000000 27,000000 -20,200000
252 1675208084 -0,005164 116,200000 26,400000 26,400000 -20,200000
252 1675208085 -0,005164 116,200000 25,800000 25,800000 -20,200000
252 1675208086 -0,005164 116,200000 25,200000 25,200000 -20,200000
252 1675208087 -0,005164 116,200000 24,600000 24,600000 -20,200000
252 1675208088 -0,005164 116,200000 24,000000 24,000000 -20,200000
252 1675208089 0,000000 117,000000 24,000000 24,000000 -20,200000
252 1675208090 0,000000 117,000000 24,000000 24,000000 -20,200000
252 1675208091 0,000000 117,000000 24,000000 24,000000 -20,200000
252 1675208092 0,000000 117,000000 24,000000 24,000000 -20,200000
252 1675208093 0,000000 117,000000 24,000000 24,000000 -20,200000
252 1675208094 0,003396 117,800000 24,400000 24,400000 -20,200000
252 1675208095 0,003396 117,800000 24,800000 24,800000 -20,200000
252 1675208096 0,003396 117,800000 25,200000 25,200000 -20,200000
252 1675208097 0,003396 117,800000 25,600000 25,600000 -20,200000
252 1675208098 0,003396 117,800000 26,000000 26,000000 -20,200000
252 1675208099 -0,006745 118,600000 25,200000 25,200000 -20,200000
252 1675208100 -0,006745 118,600000 24,400000 24,400000 -20,200000
252 1675208101 -0,006745 118,600000 23,600000 23,600000 -20,200000
252 1675208102 -0,006745 118,600000 22,800000 22,800000 -20,200000
252 1675208103 -0,006745 118,600000 22,000000 22,000000 -20,200000
252 1675208104 0,005042 119,000000 22,600000 22,600000 -20,200000
252 1675208105 0,005042 119,000000 23,200000 23,200000 -20,200000
252 1675208106 0,005042 119,000000 23,800000 23,800000 -20,200000
252 1675208107 0,005042 119,000000 24,400000 24,400000 -20,200000
252 1675208108 0,005042 119,000000 25,000000 25,000000 -20,200000
252 1675208109 0,003328 120,200000 25,400000 25,400000 -20,200000
252 1675208110 0,003328 120,200000 25,800000 25,800000 -20,200000
252 1675208111 0,003328 120,200000 26,200000 26,200000 -20,200000
252 1675208112 0,003328 120,200000 26,600000 26,600000 -20,200000
252 1675208113 0,003328 120,200000 27,000000 27,000000 -20,200000
252 1675208114 0,008292 120,600000 28,000000 28,000000 -20,200000
252 1675208115 0,008292 120,600000 29,000000 29,000000 -20,200000
252 1675208116 0,008292 120,600000 30,000000 30,000000 -20,200000
252 1675208117 0,008292 120,600000 31,000000 31,000000 -20,200000
252 1675208118 0,008292 120,600000 32,000000 32,000000 -20,200000
252 1675208119 -0,009852 121,800000 30,800000 30,800000 -20,200000
252 1675208120 -0,009852 121,800000 29,600000 29,600000 -20,200000
252 1675208121 -0,009852 121,800000 28,400000 28,400000 -20,200000
252 1675208122 -0,009852 121,800000 27,200000 27,200000 -20,200000
252 1675208123 -0,009852 121,800000 26,000000 26,000000 -20,200000
252 1675208124 0,000000 122,800000 26,000000 26,000000 -20,200000
252 1675208125 0,000000 122,800000 26,000000 26,000000 -20,200000
252 1675208126 0,000000 122,800000 26,000000 26,000000 -20,200000
252 1675208127 0,000000 122,800000 26,000000 26,000000 -20,200000
252 1675208128 0,000000 122,800000 26,000000 26,000000 -20,200000
252 1675208129 -0,004847 123,800000 25,400000 25,400000 -20,200000
252 1675208130 -0,004847 123,800000 24,800000 24,800000 -20,200000
252 1675208131 -0,004847 123,800000 24,200000 24,200000 -20,200000
252 1675208132 -0,004847 123,800000 23,600000 23,600000 -20,200000
252 1675208133 -0,004847 123,800000 23,000000 23,000000 -20,200000
252 1675208134 0,000000 124,200000 23,000000 23,000000 -20,200000
252 1675208135 0,000000 124,200000 23,000000 23,000000 -20,200000
252 1675208136 0,000000 124,200000 23,000000 23,000000 -20,200000
252 1675208137 0,000000 124,200000 23,000000 23,000000 -20,200000
252 1675208138 0,000000 124,200000 23,000000 23,000000 -20,200000
252 1675208139 -0,001605 124,600000 22,800000 22,800000 -20,200000
252 1675208140 -0,001605 124,600000 22,600000 22,600000 -20,200000
252 1675208141 -0,001605 124,600000 22,400000 22,400000 -20,200000
252 1675208142 -0,001605 124,600000 22,200000 22,200000 -20,200000
252 1675208143 -0,001605 124,600000 22,000000 22,000000 -20,200000
252 1675208144 -0,004785 125,400000 21,400000 21,400000 -20,200000
252 1675208145 -0,004785 125,400000 20,800000 20,800000 -20,200000
252 1675208146 -0,004785 125,400000 20,200000 20,200000 -20,200000
252 1675208147 -0,004785 125,400000 19,600000 19,600000 -20,200000
252 1675208148 -0,004785 125,400000 19,000000 19,000000 -20,200000
252 1675208149 0,000000 125,800000 19,000000 19,000000 -20,200000
252 1675208150 0,000000 125,800000 19,000000 19,000000 -20,200000
252 1675208151 0,000000 125,800000 19,000000 19,000000 -20,200000
252 1675208152 0,000000 125,800000 19,000000 19,000000 -20,200000
252 1675208153 0,000000 125,800000 19,000000 19,000000 -20,200000
252 1675208154 0,003175 126,000000 19,400000 19,400000 -20,200000
252 1675208155 0,003175 126,000000 19,800000 19,800000 -20,200000
252 1675208156 0,003175 126,000000 20,200000 20,200000 -20,200000
252 1675208157 0,003175 126,000000 20,600000 20,600000 -20,200000
252 1675208158 0,003175 126,000000 21,000000 21,000000 -20,200000
252 1675208159 -0,003160 126,600000 20,600000 20,600000 -20,200000
252 1675208160 -0,003160 126,600000 20,200000 20,200000 -20,200000
252 1675208161 -0,003160 126,600000 19,800000 19,800000 -20,200000
252 1675208162 -0,003160 126,600000 19,400000 19,400000 -20,200000
252 1675208163 -0,003160 126,600000 19,000000 19,000000 -20,200000
252 1675208164 0,001565 127,800000 19,200000 19,200000 -20,200000
252 1675208165 0,001565 127,800000 19,400000 19,400000 -20,200000
252 1675208166 0,001565 127,800000 19,600000 19,600000 -20,200000
252 1675208167 0,001565 127,800000 19,800000 19,800000 -20,200000
252 1675208168 0,001565 127,800000 20,000000 20,000000 -20,200000
252 1675208169 0,004688 128,000000 20,600000 20,600000 -20,200000
252 1675208170 0,004687 128,000000 21,200000 21,200000 -20,200000
252 1675208171 0,004688 128,000000 21,800000 21,800000 -20,200000
252 1675208172 0,004687 128,000000 22,400000 22,400000 -20,200000
252 1675208173 0,004688 128,000000 23,000000 23,000000 -20,200000
252 1675208174 -0,006231 128,400000 22,200000 22,200000 -20,200000
252 1675208175 -0,006231 128,400000 21,400000 21,400000 -20,200000
252 1675208176 -0,006231 128,400000 20,600000 20,600000 -20,200000
252 1675208177 -0,006231 128,400000 19,800000 19,800000 -20,200000
252 1675208178 -0,006231 128,400000 19,000000 19,000000 -20,200000
252 1675208179 0,003106 128,800000 19,400000 19,400000 -20,200000
252 1675208180 0,003106 128,800000 19,800000 19,800000 -20,200000
252 1675208181 0,003106 128,800000 20,200000 20,200000 -20,200000
252 1675208182 0,003106 128,800000 20,600000 20,600000 -20,200000
252 1675208183 0,003106 128,800000 21,000000 21,000000 -20,200000
252 1675208184 0,000000 129,000000 21,000000 21,000000 -20,200000
252 1675208185 0,000000 129,000000 21,000000 21,000000 -20,200000
252 1675208186 0,000000 129,000000 21,000000 21,000000 -20,200000
252 1675208187 0,000000 129,000000 21,000000 21,000000 -20,200000
252 1675208188 0,000000 129,000000 21,000000 21,000000 -20,200000
252 1675208189 0,006173 129,600000 21,800000 21,800000 -20,200000
252 1675208190 0,006173 129,600000 22,600000 22,600000 -20,200000
252 1675208191 0,006173 129,600000 23,400000 23,400000 -20,200000
252 1675208192 0,006173 129,600000 24,200000 24,200000 -20,200000
252 1675208193 0,006173 129,600000 25,000000 25,000000 -20,200000
252 1675208194 0,003072 130,200000 25,400000 25,400000 -20,200000
252 1675208195 0,003072 130,200000 25,800000 25,800000 -20,200000
252 1675208196 0,003072 130,200000 26,200000 26,200000 -20,200000
252 1675208197 0,003072 130,200000 26,600000 26,600000 -20,200000
252 1675208198 0,003072 130,200000 27,000000 27,000000 -20,200000
252 1675208199 -0,003053 131,000000 26,600000 26,600000 -20,200000
252 1675208200 -0,003053 131,000000 26,200000 26,200000 -20,200000
252 1675208201 -0,003053 131,000000 25,800000 25,800000 -20,200000
252 1675208202 -0,003053 131,000000 25,400000 25,400000 -20,200000
252 1675208203 -0,003053 131,000000 25,000000 25,000000 -20,200000
252 1675208204 -0,003049 131,200000 24,600000 24,600000 -20,200000
252 1675208205 -0,003049 131,200000 24,200000 24,200000 -20,200000
252 1675208206 -0,003049 131,200000 23,800000 23,800000 -20,200000
252 1675208207 -0,003049 131,200000 23,400000 23,400000 -20,200000
252 1675208208 -0,003049 131,200000 23,000000 23,000000 -20,200000
252 1675208209 0,000000 131,800000 23,000000 23,000000 -20,200000
252 1675208210 0,000000 131,800000 23,000000 23,000000 -20,200000
252 1675208211 0,000000 131,800000 23,000000 23,000000 -20,200000
252 1675208212 0,000000 131,800000 23,000000 23,000000 -20,200000
252 1675208213 0,000000 131,800000 23,000000 23,000000 -20,200000
252 1675208214 0,003021 132,400000 23,400000 23,400000 -20,200000
252 1675208215 0,003021 132,400000 23,800000 23,800000 -20,200000
252 1675208216 0,003021 132,400000 24,200000 24,200000 -20,200000
252 1675208217 0,003021 132,400000 24,600000 24,600000 -20,200000
252 1675208218 0,003021 132,400000 25,000000 25,000000 -20,200000
252 1675208219 -0,003003 133,200000 24,600000 24,600000 -20,200000
252 1675208220 -0,003003 133,200000 24,200000 24,200000 -20,200000
252 1675208221 -0,003003 133,200000 23,800000 23,800000 -20,200000
252 1675208222 -0,003003 133,200000 23,400000 23,400000 -20,200000
252 1675208223 -0,003003 133,200000 23,000000 23,000000 -20,200000
252 1675208224 0,004484 133,800000 23,600000 23,600000 -20,200000
252 1675208225 0,004484 133,800000 24,200000 24,200000 -20,200000
252 1675208226 0,004484 133,800000 24,800000 24,800000 -20,200000
252 1675208227 0,004484 133,800000 25,400000 25,400000 -20,200000
252 1675208228 0,004484 133,800000 26,000000 26,000000 -20,200000
252 1675208229 -0,007452 134,200000 25,000000 25,000000 -20,200000
252 1675208230 -0,007452 134,200000 24,000000 24,000000 -20,200000
252 1675208231 -0,007452 134,200000 23,000000 23,000000 -20,200000
252 1675208232 -0,007452 134,200000 22,000000 22,000000 -20,200000
252 1675208233 -0,007452 134,200000 21,000000 21,000000 -20,200000
252 1675208234 0,000000 134,200000 21,000000 21,000000 -20,200000
252 1675208235 0,000000 134,200000 21,000000 21,000000 -20,200000
252 1675208236 0,000000 134,200000 21,000000 21,000000 -20,200000
252 1675208237 0,000000 134,200000 21,000000 21,000000 -20,200000
252 1675208238 0,000000 134,200000 21,000000 21,000000 -20,200000
252 1675208239 0,001488 134,400000 21,200000 21,200000 -20,200000
252 1675208240 0,001488 134,400000 21,400000 21,400000 -20,200000
252 1675208241 0,001488 134,400000 21,600000 21,600000 -20,200000
252 1675208242 0,001488 134,400000 21,800000 21,800000 -20,200000
252 1675208243 0,001488 134,400000 22,000000 22,000000 -20,200000
252 1675208244 0,004451 134,800000 22,600000 22,600000 -20,200000
252 1675208245 0,004451 134,800000 23,200000 23,200000 -20,200000
252 1675208246 0,004451 134,800000 23,800000 23,800000 -20,200000
252 1675208247 0,004451 134,800000 24,400000 24,400000 -20,200000
252 1675208248 0,004451 134,800000 25,000000 25,000000 -20,200000
252 1675208249 0,000000 135,400000 25,000000 25,000000 -20,200000
252 1675208250 0,000000 135,400000 25,000000 25,000000 -20,200000
252 1675208251 0,000000 135,400000 25,000000 25,000000 -20,200000
252 1675208252 0,000000 135,400000 25,000000 25,000000 -20,200000
252 1675208253 0,000000 135,400000 25,000000 25,000000 -20,200000
252 1675208254 -0,004412 136,000000 24,400000 24,400000 -20,200000
252 1675208255 -0,004412 136,000000 23,800000 23,800000 -20,200000
252 1675208256 -0,004412 136,000000 23,200000 23,200000 -20,200000
252 1675208257 -0,004412 136,000000 22,600000 22,600000 -20,200000
252 1675208258 -0,004412 136,000000 22,000000 22,000000 -20,200000
252 1675208259 0,002924 136,800000 22,400000 22,400000 -20,200000
252 1675208260 0,002924 136,800000 22,800000 22,800000 -20,200000
252 1675208261 0,002924 136,800000 23,200000 23,200000 -20,200000
252 1675208262 0,002924 136,800000 23,600000 23,600000 -20,200000
252 1675208263 0,002924 136,800000 24,000000 24,000000 -20,200000
252 1675208264 -0,013100 137,400000 22,200000 22,200000 -20,200000
252 1675208265 -0,013100 137,400000 20,400000 20,400000 -20,200000
252 1675208266 -0,013100 137,400000 18,600000 18,600000 -20,200000
252 1675208267 -0,013100 137,400000 16,800000 16,800000 -20,200000
252 1675208268 -0,013100 137,400000 15,000000 15,000000 -20,200000
252 1675208269 0,011577 138,200000 16,600000 16,600000 -20,200000
252 1675208270 0,011577 138,200000 18,200000 18,200000 -20,200000
252 1675208271 0,011577 138,200000 19,800000 19,800000 -20,200000
252 1675208272 0,011577 138,200000 21,400000 21,400000 -20,200000
252 1675208273 0,011577 138,200000 23,000000 23,000000 -20,200000
252 1675208274 0,007194 139,000000 24,000000 24,000000 -20,200000
252 1675208275 0,007194 139,000000 25,000000 25,000000 -20,200000
252 1675208276 0,007194 139,000000 26,000000 26,000000 -20,200000
252 1675208277 0,007194 139,000000 27,000000 27,000000 -20,200000
252 1675208278 0,007194 139,000000 28,000000 28,000000 -20,200000
252 1675208279 0,000000 140,000000 28,000000 28,000000 -20,200000
252 1675208280 0,000000 140,000000 28,000000 28,000000 -20,200000
252 1675208281 0,000000 140,000000 28,000000 28,000000 -20,200000
252 1675208282 0,000000 140,000000 28,000000 28,000000 -20,200000
252 1675208283 0,000000 140,000000 28,000000 28,000000 -20,200000
252 1675208284 -0,002837 141,000000 27,600000 27,600000 -20,200000
252 1675208285 -0,002837 141,000000 27,200000 27,200000 -20,200000
252 1675208286 -0,002837 141,000000 26,800000 26,800000 -20,200000
252 1675208287 -0,002837 141,000000 26,400000 26,400000 -20,200000
252 1675208288 -0,002837 141,000000 26,000000 26,000000 -20,200000
252 1675208289 -0,002829 141,400000 25,600000 25,600000 -20,200000
252 1675208290 -0,002829 141,400000 25,200000 25,200000 -20,200000
252 1675208291 -0,002829 141,400000 24,800000 24,800000 -20,200000
252 1675208292 -0,002829 141,400000 24,400000 24,400000 -20,200000
252 1675208293 -0,002829 141,400000 24,000000 24,000000 -20,200000
252 1675208294 -0,002813 142,200000 23,600000 23,600000 -20,200000
252 1675208295 -0,002813 142,200000 23,200000 23,200000 -20,200000
252 1675208296 -0,002813 142,200000 22,800000 22,800000 -20,200000
252 1675208297 -0,002813 142,200000 22,400000 22,400000 -20,200000
252 1675208298 -0,002813 142,200000 22,000000 22,000000 -20,200000
252 1675208299 0,001401 142,800000 22,200000 22,200000 -20,200000
252 1675208300 0,001401 142,800000 22,400000 22,400000 -20,200000
252 1675208301 0,001401 142,800000 22,600000 22,600000 -20,200000
252 1675208302 0,001401 142,800000 22,800000 22,800000 -20,200000
252 1675208303 0,001401 142,800000 23,000000 23,000000 -20,200000
252 1675208304 0,001399 143,000000 23,200000 23,200000 -20,200000
252 1675208305 0,001399 143,000000 23,400000 23,400000 -20,200000
252 1675208306 0,001399 143,000000 23,600000 23,600000 -20,200000
252 1675208307 0,001399 143,000000 23,800000 23,800000 -20,200000
252 1675208308 0,001399 143,000000 24,000000 24,000000 -20,200000
252 1675208309 0,006974 143,400000 25,000000 25,000000 -20,200000
252 1675208310 0,006974 143,400000 26,000000 26,000000 -20,200000
252 1675208311 0,006974 143,400000 27,000000 27,000000 -20,200000
252 1675208312 0,006974 143,400000 28,000000 28,000000 -20,200000
252 1675208313 0,006974 143,400000 29,000000 29,000000 -20,200000
252 1675208314 0,004161 144,200000 29,600000 29,600000 -20,200000
252 1675208315 0,004161 144,200000 30,200000 30,200000 -20,200000
252 1675208316 0,004161 144,200000 30,800000 30,800000 -20,200000
252 1675208317 0,004161 144,200000 31,400000 31,400000 -20,200000
252 1675208318 0,004161 144,200000 32,000000 32,000000 -20,200000
252 1675208319 0,002747 145,600000 32,400000 32,400000 -20,200000
252 1675208320 0,002747 145,600000 32,800000 32,800000 -20,200000
252 1675208321 0,002747 145,600000 33,200000 33,200000 -20,200000
252 1675208322 0,002747 145,600000 33,600000 33,600000 -20,200000
252 1675208323 0,002747 145,600000 34,000000 34,000000 -20,200000
252 1675208324 0,001362 146,800000 34,200000 34,200000 -20,200000
252 1675208325 0,001362 146,800000 34,400000 34,400000 -20,200000
252 1675208326 0,001362 146,800000 34,600000 34,600000 -20,200000
252 1675208327 0,001362 146,800000 34,800000 34,800000 -20,200000
252 1675208328 0,001362 146,800000 35,000000 35,000000 -20,200000
252 1675208329 -0,013514 148,000000 33,000000 33,000000 -20,200000
252 1675208330 -0,013514 148,000000 31,000000 31,000000 -20,200000
252 1675208331 -0,013514 148,000000 29,000000 29,000000 -20,200000
252 1675208332 -0,013514 148,000000 27,000000 27,000000 -20,200000
252 1675208333 -0,013514 148,000000 25,000000 25,000000 -20,200000
252 1675208334 -0,009396 149,000000 23,600000 23,600000 -20,200000
252 1675208335 -0,009396 149,000000 22,200000 22,200000 -20,200000
252 1675208336 -0,009396 149,000000 20,800000 20,800000 -20,200000
252 1675208337 -0,009396 149,000000 19,400000 19,400000 -20,200000
252 1675208338 -0,009396 149,000000 18,000000 18,000000 -20,200000
252 1675208339 -0,002670 149,800000 17,600000 17,600000 -20,200000
252 1675208340 -0,002670 149,800000 17,200000 17,200000 -20,200000
252 1675208341 -0,002670 149,800000 16,800000 16,800000 -20,200000
252 1675208342 -0,002670 149,800000 16,400000 16,400000 -20,200000
252 1675208343 -0,002670 149,800000 16,000000 16,000000 -20,200000
252 1675208344 0,003995 150,200000 16,600000 16,600000 -20,200000
252 1675208345 0,003995 150,200000 17,200000 17,200000 -20,200000
252 1675208346 0,003995 150,200000 17,800000 17,800000 -20,200000
252 1675208347 0,003995 150,200000 18,400000 18,400000 -20,200000
252 1675208348 0,003995 150,200000 19,000000 19,000000 -20,200000
252 1675208349 -0,001323 151,200000 18,800000 18,800000 -20,200000
252 1675208350 -0,001323 151,200000 18,600000 18,600000 -20,200000
252 1675208351 -0,001323 151,200000 18,400000 18,400000 -20,200000
252 1675208352 -0,001323 151,200000 18,200000 18,200000 -20,200000
252 1675208353 -0,001323 151,200000 18,000000 18,000000 -20,200000
252 1675208354 0,001318 151,800000 18,200000 18,200000 -20,200000
252 1675208355 0,001318 151,800000 18,400000 18,400000 -20,200000
252 1675208356 0,001318 151,800000 18,600000 18,600000 -20,200000
252 1675208357 0,001318 151,800000 18,800000 18,800000 -20,200000
252 1675208358 0,001318 151,800000 19,000000 19,000000 -20,200000
252 1675208359 0,003947 152,000000 19,600000 19,600000 -20,200000
252 1675208360 0,003947 152,000000 20,200000 20,200000 -20,200000
252 1675208361 0,003947 152,000000 20,800000 20,800000 -20,200000
252 1675208362 0,003947 152,000000 21,400000 21,400000 -20,200000
252 1675208363 0,003947 152,000000 22,000000 22,000000 -20,200000
252 1675208364 -0,002628 152,200000 21,600000 21,600000 -20,200000
252 1675208365 -0,002628 152,200000 21,200000 21,200000 -20,200000
252 1675208366 -0,002628 152,200000 20,800000 20,800000 -20,200000
252 1675208367 -0,002628 152,200000 20,400000 20,400000 -20,200000
252 1675208368 -0,002628 152,200000 20,000000 20,000000 -20,200000
252 1675208369 -0,002621 152,600000 19,600000 19,600000 -20,200000
252 1675208370 -0,002621 152,600000 19,200000 19,200000 -20,200000
252 1675208371 -0,002621 152,600000 18,800000 18,800000 -20,200000
252 1675208372 -0,002621 152,600000 18,400000 18,400000 -20,200000
252 1675208373 -0,002621 152,600000 18,000000 18,000000 -20,200000
252 1675208374 0,005229 153,000000 18,800000 18,800000 -20,200000
252 1675208375 0,005229 153,000000 19,600000 19,600000 -20,200000
252 1675208376 0,005229 153,000000 20,400000 20,400000 -20,200000
252 1675208377 0,005229 153,000000 21,200000 21,200000 -20,200000
252 1675208378 0,005229 153,000000 22,000000 22,000000 -20,200000
252 1675208379 -0,002604 153,600000 21,600000 21,600000 -20,200000
252 1675208380 -0,002604 153,600000 21,200000 21,200000 -20,200000
252 1675208381 -0,002604 153,600000 20,800000 20,800000 -20,200000
252 1675208382 -0,002604 153,600000 20,400000 20,400000 -20,200000
252 1675208383 -0,002604 153,600000 20,000000 20,000000 -20,200000
252 1675208384 0,003881 154,600000 20,600000 20,600000 -20,200000
252 1675208385 0,003881 154,600000 21,200000 21,200000 -20,200000
252 1675208386 0,003881 154,600000 21,800000 21,800000 -20,200000
252 1675208387 0,003881 154,600000 22,400000 22,400000 -20,200000
252 1675208388 0,003881 154,600000 23,000000 23,000000 -20,200000
252 1675208389 0,003861 155,400000 23,600000 23,600000 -20,200000
252 1675208390 0,003861 155,400000 24,200000 24,200000 -20,200000
252 1675208391 0,003861 155,400000 24,800000 24,800000 -20,200000
252 1675208392 0,003861 155,400000 25,400000 25,400000 -20,200000
252 1675208393 0,003861 155,400000 26,000000 26,000000 -20,200000
252 1675208394 0,001279 156,400000 26,200000 26,200000 -20,200000
252 1675208395 0,001279 156,400000 26,400000 26,400000 -20,200000
252 1675208396 0,001279 156,400000 26,600000 26,600000 -20,200000
252 1675208397 0,001279 156,400000 26,800000 26,800000 -20,200000
252 1675208398 0,001279 156,400000 27,000000 27,000000 -20,200000
252 1675208399 -0,007624 157,400000 25,800000 25,800000 -20,200000
252 1675208400 -0,007624 157,400000 24,600000 24,600000 -20,200000
252 1675208401 -0,007624 157,400000 23,400000 23,400000 -20,200000
252 1675208402 -0,007624 157,400000 22,200000 22,200000 -20,200000
252 1675208403 -0,007624 157,400000 21,000000 21,000000 -20,200000
252 1675208404 0,001264 158,200000 21,200000 21,200000 -20,200000
252 1675208405 0,001264 158,200000 21,400000 21,400000 -20,200000
252 1675208406 0,001264 158,200000 21,600000 21,600000 -20,200000
252 1675208407 0,001264 158,200000 21,800000 21,800000 -20,200000
252 1675208408 0,001264 158,200000 22,000000 22,000000 -20,200000
252 1675208409 -0,003764 159,400000 21,400000 21,400000 -20,200000
252 1675208410 -0,003764 159,400000 20,800000 20,800000 -20,200000
252 1675208411 -0,003764 159,400000 20,200000 20,200000 -20,200000
252 1675208412 -0,003764 159,400000 19,600000 19,600000 -20,200000
252 1675208413 -0,003764 159,400000 19,000000 19,000000 -20,200000
252 1675208414 0,003755 159,800000 19,600000 19,600000 -20,200000
252 1675208415 0,003755 159,800000 20,200000 20,200000 -20,200000
252 1675208416 0,003755 159,800000 20,800000 20,800000 -20,200000
252 1675208417 0,003755 159,800000 21,400000 21,400000 -20,200000
252 1675208418 0,003755 159,800000 22,000000 22,000000 -20,200000
252 1675208419 0,000000 160,600000 22,000000 22,000000 -20,200000
252 1675208420 0,000000 160,600000 22,000000 22,000000 -20,200000
252 1675208421 0,000000 160,600000 22,000000 22,000000 -20,200000
252 1675208422 0,000000 160,600000 22,000000 22,000000 -20,200000
252 1675208423 0,000000 160,600000 22,000000 22,000000 -20,200000
252 1675208424 0,003727 161,000000 22,600000 22,600000 -20,200000
252 1675208425 0,003727 161,000000 23,200000 23,200000 -20,200000
252 1675208426 0,003727 161,000000 23,800000 23,800000 -20,200000
252 1675208427 0,003727 161,000000 24,400000 24,400000 -20,200000
252 1675208428 0,003727 161,000000 25,000000 25,000000 -20,200000
252 1675208429 0,000000 162,200000 25,000000 25,000000 -20,200000
252 1675208430 0,000000 162,200000 25,000000 25,000000 -20,200000
252 1675208431 0,000000 162,200000 25,000000 25,000000 -20,200000
252 1675208432 0,000000 162,200000 25,000000 25,000000 -20,200000
252 1675208433 0,000000 162,200000 25,000000 25,000000 -20,200000
252 1675208434 0,006150 162,600000 26,000000 26,000000 -20,200000
252 1675208435 0,006150 162,600000 27,000000 27,000000 -20,200000
252 1675208436 0,006150 162,600000 28,000000 28,000000 -20,200000
252 1675208437 0,006150 162,600000 29,000000 29,000000 -20,200000
252 1675208438 0,006150 162,600000 30,000000 30,000000 -20,200000
252 1675208439 -0,002451 163,200000 29,600000 29,600000 -20,200000
252 1675208440 -0,002451 163,200000 29,200000 29,200000 -20,200000
252 1675208441 -0,002451 163,200000 28,800000 28,800000 -20,200000
252 1675208442 -0,002451 163,200000 28,400000 28,400000 -20,200000
252 1675208443 -0,002451 163,200000 28,000000 28,000000 -20,200000
252 1675208444 0,000000 164,000000 28,000000 28,000000 -20,200000
252 1675208445 0,000000 164,000000 28,000000 28,000000 -20,200000
252 1675208446 0,000000 164,000000 28,000000 28,000000 -20,200000
252 1675208447 0,000000 164,000000 28,000000 28,000000 -20,200000
252 1675208448 0,000000 164,000000 28,000000 28,000000 -20,200000
252 1675208449 0,001214 164,800000 28,200000 28,200000 -20,200000
252 1675208450 0,001214 164,800000 28,400000 28,400000 -20,200000
252 1675208451 0,001214 164,800000 28,600000 28,600000 -20,200000
252 1675208452 0,001214 164,800000 28,800000 28,800000 -20,200000
252 1675208453 0,001214 164,800000 29,000000 29,000000 -20,200000
252 1675208454 -0,006053 165,200000 28,000000 28,000000 -20,200000
252 1675208455 -0,006053 165,200000 27,000000 27,000000 -20,200000
252 1675208456 -0,006053 165,200000 26,000000 26,000000 -20,200000
252 1675208457 -0,006053 165,200000 25,000000 25,000000 -20,200000
252 1675208458 -0,006053 165,200000 24,000000 24,000000 -20,200000
252 1675208459 0,000000 165,200000 24,000000 24,000000 -20,200000
252 1675208460 0,000000 165,200000 24,000000 24,000000 -20,200000
252 1675208461 0,000000 165,200000 24,000000 24,000000 -20,200000
252 1675208462 0,000000 165,200000 24,000000 24,000000 -20,200000
252 1675208463 0,000000 165,200000 24,000000 24,000000 -20,200000
252 1675208464 -0,002415 165,600000 23,600000 23,600000 -20,200000
252 1675208465 -0,002415 165,600000 23,200000 23,200000 -20,200000
252 1675208466 -0,002415 165,600000 22,800000 22,800000 -20,200000
252 1675208467 -0,002415 165,600000 22,400000 22,400000 -20,200000
252 1675208468 -0,002415 165,600000 22,000000 22,000000 -20,200000
252 1675208469 0,006017 166,200000 23,000000 23,000000 -20,200000
252 1675208470 0,006017 166,200000 24,000000 24,000000 -20,200000
252 1675208471 0,006017 166,200000 25,000000 25,000000 -20,200000
252 1675208472 0,006017 166,200000 26,000000 26,000000 -20,200000
252 1675208473 0,006017 166,200000 27,000000 27,000000 -20,200000
252 1675208474 -0,001196 167,200000 26,800000 26,800000 -20,200000
252 1675208475 -0,001196 167,200000 26,600000 26,600000 -20,200000
252 1675208476 -0,001196 167,200000 26,400000 26,400000 -20,200000
252 1675208477 -0,001196 167,200000 26,200000 26,200000 -20,200000
252 1675208478 -0,001196 167,200000 26,000000 26,000000 -20,200000
252 1675208479 0,000000 167,600000 26,000000 26,000000 -20,200000
252 1675208480 0,000000 167,600000 26,000000 26,000000 -20,200000
252 1675208481 0,000000 167,600000 26,000000 26,000000 -20,200000
252 1675208482 0,000000 167,600000 26,000000 26,000000 -20,200000
252 1675208483 0,000000 167,600000 26,000000 26,000000 -20,200000
252 1675208484 -0,005945 168,200000 25,000000 25,000000 -20,200000
252 1675208485 -0,005945 168,200000 24,000000 24,000000 -20,200000
252 1675208486 -0,005945 168,200000 23,000000 23,000000 -20,200000
252 1675208487 -0,005945 168,200000 22,000000 22,000000 -20,200000
252 1675208488 -0,005945 168,200000 21,000000 21,000000 -20,200000
252 1675208489 0,001185 168,800000 21,200000 21,200000 -20,200000
252 1675208490 0,001185 168,800000 21,400000 21,400000 -20,200000
252 1675208491 0,001185 168,800000 21,600000 21,600000 -20,200000
252 1675208492 0,001185 168,800000 21,800000 21,800000 -20,200000
252 1675208493 0,001185 168,800000 22,000000 22,000000 -20,200000
252 1675208494 -0,002361 169,400000 21,600000 21,600000 -20,200000
252 1675208495 -0,002361 169,400000 21,200000 21,200000 -20,200000
252 1675208496 -0,002361 169,400000 20,800000 20,800000 -20,200000
252 1675208497 -0,002361 169,400000 20,400000 20,400000 -20,200000
252 1675208498 -0,002361 169,400000 20,000000 20,000000 -20,200000
252 1675208499 0,001176 170,000000 20,200000 20,200000 -20,200000
252 1675208500 0,001176 170,000000 20,400000 20,400000 -20,200000
252 1675208501 0,001176 170,000000 20,600000 20,600000 -20,200000
252 1675208502 0,001176 170,000000 20,800000 20,800000 -20,200000
252 1675208503 0,001176 170,000000 21,000000 21,000000 -20,200000
252 1675208504 0,000000 170,600000 21,000000 21,000000 -20,200000
252 1675208505 0,000000 170,600000 21,000000 21,000000 -20,200000
252 1675208506 0,000000 170,600000 21,000000 21,000000 -20,200000
252 1675208507 0,000000 170,600000 21,000000 21,000000 -20,200000
252 1675208508 0,000000 170,600000 21,000000 21,000000 -20,200000
252 1675208509 0,005834 171,400000 22,000000 22,000000 -20,200000
252 1675208510 0,005834 171,400000 23,000000 23,000000 -20,200000
252 1675208511 0,005834 171,400000 24,000000 24,000000 -20,200000
252 1675208512 0,005834 171,400000 25,000000 25,000000 -20,200000
252 1675208513 0,005834 171,400000 26,000000 26,000000 -20,200000
252 1675208514 -0,002326 172,000000 25,600000 25,600000 -20,200000
252 1675208515 -0,002326 172,000000 25,200000 25,200000 -20,200000
252 1675208516 -0,002326 172,000000 24,800000 24,800000 -20,200000
252 1675208517 -0,002326 172,000000 24,400000 24,400000 -20,200000
252 1675208518 -0,002326 172,000000 24,000000 24,000000 -20,200000
252 1675208519 -0,008083 173,200000 22,600000 22,600000 -20,200000
252 1675208520 -0,008083 173,200000 21,200000 21,200000 -20,200000
252 1675208521 -0,008083 173,200000 19,800000 19,800000 -20,200000
252 1675208522 -0,008083 173,200000 18,400000 18,400000 -20,200000
252 1675208523 -0,008083 173,200000 17,000000 17,000000 -20,200000
252 1675208524 0,002301 173,800000 17,400000 17,400000 -20,200000
252 1675208525 0,002301 173,800000 17,800000 17,800000 -20,200000
252 1675208526 0,002301 173,800000 18,200000 18,200000 -20,200000
252 1675208527 0,002301 173,800000 18,600000 18,600000 -20,200000
252 1675208528 0,002301 173,800000 19,000000 19,000000 -20,200000
252 1675208529 -0,001145 174,600000 18,800000 18,800000 -20,200000
252 1675208530 -0,001145 174,600000 18,600000 18,600000 -20,200000
252 1675208531 -0,001145 174,600000 18,400000 18,400000 -20,200000
252 1675208532 -0,001145 174,600000 18,200000 18,200000 -20,200000
252 1675208533 -0,001145 174,600000 18,000000 18,000000 -20,200000
252 1675208534 0,000000 175,000000 18,000000 18,000000 -20,200000
252 1675208535 0,000000 175,000000 18,000000 18,000000 -20,200000
252 1675208536 0,000000 175,000000 18,000000 18,000000 -20,200000
252 1675208537 0,000000 175,000000 18,000000 18,000000 -20,200000
252 1675208538 0,000000 175,000000 18,000000 18,000000 -20,200000
252 1675208539 0,001142 175,200000 18,200000 18,200000 -20,200000
252 1675208540 0,001142 175,200000 18,400000 18,400000 -20,200000
252 1675208541 0,001142 175,200000 18,600000 18,600000 -20,200000
252 1675208542 0,001142 175,200000 18,800000 18,800000 -20,200000
252 1675208543 0,001142 175,200000 19,000000 19,000000 -20,200000
252 1675208544 0,004556 175,600000 19,800000 19,800000 -20,200000
252 1675208545 0,004556 175,600000 20,600000 20,600000 -20,200000
252 1675208546 0,004556 175,600000 21,400000 21,400000 -20,200000
252 1675208547 0,004556 175,600000 22,200000 22,200000 -20,200000
252 1675208548 0,004556 175,600000 23,000000 23,000000 -20,200000
252 1675208549 -0,001135 176,200000 22,800000 22,800000 -20,200000
252 1675208550 -0,001135 176,200000 22,600000 22,600000 -20,200000
252 1675208551 -0,001135 176,200000 22,400000 22,400000 -20,200000
252 1675208552 -0,001135 176,200000 22,200000 22,200000 -20,200000
252 1675208553 -0,001135 176,200000 22,000000 22,000000 -20,200000
252 1675208554 0,001131 176,800000 22,200000 22,200000 -20,200000
252 1675208555 0,001131 176,800000 22,400000 22,400000 -20,200000
252 1675208556 0,001131 176,800000 22,600000 22,600000 -20,200000
252 1675208557 0,001131 176,800000 22,800000 22,800000 -20,200000
252 1675208558 0,001131 176,800000 23,000000 23,000000 -20,200000
252 1675208559 -0,003378 177,600000 22,400000 22,400000 -20,200000
252 1675208560 -0,003378 177,600000 21,800000 21,800000 -20,200000
252 1675208561 -0,003378 177,600000 21,200000 21,200000 -20,200000
252 1675208562 -0,003378 177,600000 20,600000 20,600000 -20,200000
252 1675208563 -0,003378 177,600000 20,000000 20,000000 -20,200000
252 1675208564 0,001122 178,200000 20,200000 20,200000 -20,200000
252 1675208565 0,001122 178,200000 20,400000 20,400000 -20,200000
252 1675208566 0,001122 178,200000 20,600000 20,600000 -20,200000
252 1675208567 0,001122 178,200000 20,800000 20,800000 -20,200000
252 1675208568 0,001122 178,200000 21,000000 21,000000 -20,200000
252 1675208569 0,002237 178,800000 21,400000 21,400000 -20,200000
252 1675208570 0,002237 178,800000 21,800000 21,800000 -20,200000
252 1675208571 0,002237 178,800000 22,200000 22,200000 -20,200000
252 1675208572 0,002237 178,800000 22,600000 22,600000 -20,200000
252 1675208573 0,002237 178,800000 23,000000 23,000000 -20,200000
252 1675208574 -0,001114 179,600000 22,800000 22,800000 -20,200000
252 1675208575 -0,001114 179,600000 22,600000 22,600000 -20,200000
252 1675208576 -0,001114 179,600000 22,400000 22,400000 -20,200000
252 1675208577 -0,001114 179,600000 22,200000 22,200000 -20,200000
252 1675208578 -0,001114 179,600000 22,000000 22,000000 -20,200000
252 1675208579 -0,002220 180,200000 21,600000 21,600000 -20,200000
252 1675208580 -0,002220 180,200000 21,200000 21,200000 -20,200000
252 1675208581 -0,002220 180,200000 20,800000 20,800000 -20,200000
252 1675208582 -0,002220 180,200000 20,400000 20,400000 -20,200000
252 1675208583 -0,002220 180,200000 20,000000 20,000000 -20,200000
252 1675208584 0,003319 180,800000 20,600000 20,600000 -20,200000
252 1675208585 0,003319 180,800000 21,200000 21,200000 -20,200000
252 1675208586 0,003319 180,800000 21,800000 21,800000 -20,200000
252 1675208587 0,003319 180,800000 22,400000 22,400000 -20,200000
252 1675208588 0,003319 180,800000 23,000000 23,000000 -20,200000
252 1675208589 0,002205 181,400000 23,400000 23,400000 -20,200000
252 1675208590 0,002205 181,400000 23,800000 23,800000 -20,200000
252 1675208591 0,002205 181,400000 24,200000 24,200000 -20,200000
252 1675208592 0,002205 181,400000 24,600000 24,600000 -20,200000
252 1675208593 0,002205 181,400000 25,000000 25,000000 -20,200000
252 1675208594 -0,004396 182,000000 24,200000 24,200000 -20,200000
252 1675208595 -0,004396 182,000000 23,400000 23,400000 -20,200000
252 1675208596 -0,004396 182,000000 22,600000 22,600000 -20,200000
252 1675208597 -0,004396 182,000000 21,800000 21,800000 -20,200000
252 1675208598 -0,004396 182,000000 21,000000 21,000000 -20,200000
252 1675208599 -0,005476 182,600000 20,000000 20,000000 -20,200000
252 1675208600 -0,005476 182,600000 19,000000 19,000000 -20,200000
252 1675208601 -0,005476 182,600000 18,000000 18,000000 -20,200000
252 1675208602 -0,005476 182,600000 17,000000 17,000000 -20,200000
252 1675208603 -0,005476 182,600000 16,000000 16,000000 -20,200000
252 1675208604 0,003272 183,400000 16,600000 16,600000 -20,200000
252 1675208605 0,003272 183,400000 17,200000 17,200000 -20,200000
252 1675208606 0,003272 183,400000 17,800000 17,800000 -20,200000
252 1675208607 0,003272 183,400000 18,400000 18,400000 -20,200000
252 1675208608 0,003272 183,400000 19,000000 19,000000 -20,200000
252 1675208609 0,002174 184,000000 19,400000 19,400000 -20,200000
252 1675208610 0,002174 184,000000 19,800000 19,800000 -20,200000
252 1675208611 0,002174 184,000000 20,200000 20,200000 -20,200000
252 1675208612 0,002174 184,000000 20,600000 20,600000 -20,200000
