243 1675207184 0,800000 -1,000000 -101,000000 0,000000 0,000000
243 1675207185 0,800000 -1,000000 -101,000000 0,000000 0,000000
243 1675207186 0,800000 -1,000000 -101,000000 0,000000 0,000000
243 1675207187 0,800000 -1,000000 -101,000000 0,000000 0,000000
243 1675207184 0,200000 -1,000000 0,200000 0,200000 0,008000
243 1675207185 0,200000 -1,000000 0,200000 0,200000 0,008000
243 1675207186 0,200000 -1,000000 0,200000 0,200000 0,008000
243 1675207187 0,200000 -1,000000 0,200000 0,200000 0,008000
243 1675207188 1,000000 -1,000000 -101,000000 0,000000 0,000000
243 1675207199 0,200000 -1,000000 -101,000000 0,000000 0,000000
243 1675207200 0,200000 -1,000000 -101,000000 0,000000 0,000000
243 1675207201 0,200000 -1,000000 -101,000000 0,000000 0,000000
243 1675207202 0,200000 -1,000000 -101,000000 0,000000 0,000000
243 1675207179 0,200000 -1,000000 0,200000 0,200000 0,008000
243 1675207180 0,200000 -1,000000 0,200000 0,200000 0,008000
243 1675207181 0,200000 -1,000000 0,200000 0,200000 0,008000
243 1675207182 0,200000 -1,000000 0,200000 0,200000 0,008000
243 1675207183 0,200000 -1,000000 0,200000 0,200000 0,008000
243 1675207203 0,200000 -1,000000 -101,000000 0,000000 0,000000
243 1675207204 0,200000 -1,000000 -101,000000 0,000000 0,000000
243 1675207205 0,200000 -1,000000 -101,000000 0,000000 0,000000
243 1675207206 0,200000 -1,000000 -101,000000 0,000000 0,000000
243 1675207207 0,200000 -1,000000 -101,000000 0,000000 0,000000
243 1675207208 0,200000 -1,000000 -101,000000 0,000000 0,000000
243 1675207214 0,200000 -1,000000 -101,000000 0,000000 0,000000
243 1675207215 0,200000 -1,000000 -101,000000 0,000000 0,000000
243 1675207216 0,200000 -1,000000 -101,000000 0,000000 0,000000
243 1675207217 0,200000 -1,000000 -101,000000 0,000000 0,000000
243 1675207184 0,200000 -1,000000 0,200000 0,200000 0,008000
243 1675207185 0,200000 -1,000000 0,200000 0,200000 0,008000
243 1675207186 0,200000 -1,000000 0,200000 0,200000 0,008000
243 1675207187 0,200000 -1,000000 0,200000 0,200000 0,008000
243 1675207188 0,200000 -1,000000 0,200000 0,200000 0,008000
243 1675207218 0,200000 -1,000000 -101,000000 0,000000 0,000000
243 1675207219 0,200000 -1,000000 -101,000000 0,000000 0,000000
243 1675207220 0,200000 -1,000000 -101,000000 0,000000 0,000000
243 1675207221 0,200000 -1,000000 -101,000000 0,000000 0,000000
243 1675207222 0,200000 -1,000000 -101,000000 0,000000 0,000000
243 1675207223 0,200000 -1,000000 -101,000000 0,000000 0,000000
243 1675207224 0,200000 -1,000000 -101,000000 0,000000 0,000000
243 1675207225 0,200000 -1,000000 -101,000000 0,000000 0,000000
243 1675207226 0,200000 -1,000000 -101,000000 0,000000 0,000000
243 1675207227 0,200000 -1,000000 -101,000000 0,000000 0,000000
243 1675207228 0,200000 -1,000000 -101,000000 0,000000 0,000000
243 1675207229 0,800000 -1,000000 -101,000000 0,000000 0,000000
243 1675207230 0,800000 -1,000000 -101,000000 0,000000 0,000000
243 1675207231 0,800000 -1,000000 -101,000000 0,000000 0,000000
243 1675207232 0,800000 -1,000000 -101,000000 0,000000 0,000000
243 1675207184 0,200000 -1,000000 0,200000 0,200000 0,008000
243 1675207185 0,200000 -1,000000 0,200000 0,200000 0,008000
243 1675207186 0,200000 -1,000000 0,200000 0,200000 0,008000
243 1675207187 0,200000 -1,000000 0,200000 0,200000 0,008000
243 1675207188 0,200000 -1,000000 0,200000 0,200000 0,008000
243 1675207233 0,800000 -1,000000 -101,000000 0,000000 0,000000
243 1675207234 0,200000 -1,000000 -101,000000 0,000000 0,000000
243 1675207235 0,200000 -1,000000 -101,000000 0,000000 0,000000
243 1675207236 0,200000 -1,000000 -101,000000 0,000000 0,000000
243 1675207237 0,200000 -1,000000 -101,000000 0,000000 0,000000
243 1675207238 0,200000 -1,000000 -101,000000 0,000000 0,000000
243 1675207239 0,200000 -1,000000 -101,000000 0,000000 0,000000
243 1675207240 0,200000 -1,000000 -101,000000 0,000000 0,000000
243 1675207241 0,200000 -1,000000 -101,000000 0,000000 0,000000
243 1675207242 0,200000 -1,000000 -101,000000 0,000000 0,000000
243 1675207243 0,200000 -1,000000 -101,000000 0,000000 0,000000
243 1675207244 0,600000 -1,000000 -101,000000 0,000000 0,000000
243 1675207245 0,600000 -1,000000 -101,000000 0,000000 0,000000
243 1675207246 0,600000 -1,000000 -101,000000 0,000000 0,000000
243 1675207247 0,600000 -1,000000 -101,000000 0,000000 0,000000
243 1675207184 0,200000 -1,000000 0,200000 0,200000 0,008000
243 1675207185 0,200000 -1,000000 0,200000 0,200000 0,008000
243 1675207186 0,200000 -1,000000 0,200000 0,200000 0,008000
243 1675207187 0,200000 -1,000000 0,200000 0,200000 0,008000
243 1675207188 0,200000 -1,000000 0,200000 0,200000 0,008000
243 1675207248 0,600000 -1,000000 -101,000000 0,000000 0,000000
243 1675207249 0,400000 -1,000000 -101,000000 0,000000 0,000000
243 1675207250 0,400000 -1,000000 -101,000000 0,000000 0,000000
243 1675207251 0,400000 -1,000000 -101,000000 0,000000 0,000000
243 1675207252 0,400000 -1,000000 -101,000000 0,000000 0,000000
243 1675207253 0,400000 -1,000000 -101,000000 0,000000 0,000000
243 1675207254 1,000000 -1,000000 -101,000000 0,000000 0,000000
243 1675207255 1,000000 -1,000000 -101,000000 0,000000 0,000000
243 1675207256 1,000000 -1,000000 -101,000000 0,000000 0,000000
243 1675207257 1,000000 -1,000000 -101,000000 0,000000 0,000000
243 1675207258 1,000000 -1,000000 -101,000000 0,000000 0,000000
243 1675207259 0,600000 -1,000000 -101,000000 0,000000 0,000000
243 1675207260 0,600000 -1,000000 -101,000000 0,000000 0,000000
243 1675207261 0,600000 -1,000000 -101,000000 0,000000 0,000000
243 1675207262 0,600000 -1,000000 -101,000000 0,000000 0,000000
243 1675207184 0,200000 -1,000000 0,200000 0,200000 0,008000
243 1675207185 0,200000 -1,000000 0,200000 0,200000 0,008000
243 1675207186 0,200000 -1,000000 0,200000 0,200000 0,008000
243 1675207187 0,200000 -1,000000 0,200000 0,200000 0,008000
243 1675207188 0,200000 -1,000000 0,200000 0,200000 0,008000
243 1675207263 0,600000 -1,000000 -101,000000 0,000000 0,000000
243 1675207264 0,600000 -1,000000 -101,000000 0,000000 0,000000
243 1675207265 0,600000 -1,000000 -101,000000 0,000000 0,000000
243 1675207266 0,600000 -1,000000 -101,000000 0,000000 0,000000
243 1675207267 0,600000 -1,000000 -101,000000 0,000000 0,000000
243 1675207268 0,600000 -1,000000 -101,000000 0,000000 0,000000
243 1675207269 0,800000 -1,000000 -101,000000 0,000000 0,000000
243 1675207270 0,800000 -1,000000 -101,000000 0,000000 0,000000
243 1675207271 0,800000 -1,000000 -101,000000 0,000000 0,000000
243 1675207272 0,800000 -1,000000 -101,000000 0,000000 0,000000
243 1675207273 0,800000 -1,000000 -101,000000 0,000000 0,000000
243 1675207274 1,600000 -1,000000 -101,000000 0,000000 0,000000
243 1675207275 1,600000 -1,000000 -101,000000 0,000000 0,000000
243 1675207276 1,600000 -1,000000 -101,000000 0,000000 0,000000
243 1675207277 1,600000 -1,000000 -101,000000 0,000000 0,000000
243 1675207278 1,600000 -1,000000 -101,000000 0,000000 0,000000
243 1675207279 1,400000 -1,000000 -101,000000 0,000000 0,000000
243 1675207280 1,400000 -1,000000 -101,000000 0,000000 0,000000
243 1675207281 1,400000 -1,000000 -101,000000 0,000000 0,000000
243 1675207282 1,400000 -1,000000 -101,000000 0,000000 0,000000
243 1675207283 1,400000 -1,000000 -101,000000 0,000000 0,000000
243 1675207284 1,400000 -1,000000 -101,000000 0,000000 0,000000
243 1675207285 1,400000 -1,000000 -101,000000 0,000000 0,000000
243 1675207286 1,400000 -1,000000 -101,000000 0,000000 0,000000
243 1675207287 1,400000 -1,000000 -101,000000 0,000000 0,000000
243 1675207288 1,400000 -1,000000 -101,000000 0,000000 0,000000
243 1675207289 0,400000 -1,000000 -101,000000 0,000000 0,000000
243 1675207290 0,400000 -1,000000 -101,000000 0,000000 0,000000
243 1675207291 0,400000 -1,000000 -101,000000 0,000000 0,000000
243 1675207292 0,400000 -1,000000 -101,000000 0,000000 0,000000
243 1675207293 0,400000 -1,000000 -101,000000 0,000000 0,000000
243 1675207294 0,800000 -1,000000 -101,000000 0,000000 0,000000
243 1675207295 0,800000 -1,000000 -101,000000 0,000000 0,000000
243 1675207296 0,800000 -1,000000 -101,000000 0,000000 0,000000
243 1675207297 0,800000 -1,000000 -101,000000 0,000000 0,000000
243 1675207298 0,800000 -1,000000 -101,000000 0,000000 0,000000
243 1675207304 0,600000 -1,000000 -101,000000 0,000000 0,000000
243 1675207305 0,600000 -1,000000 -101,000000 0,000000 0,000000
243 1675207306 0,600000 -1,000000 -101,000000 0,000000 0,000000
243 1675207307 0,600000 -1,000000 -101,000000 0,000000 0,000000
243 1675207308 0,600000 -1,000000 -101,000000 0,000000 0,000000
243 1675207309 0,600000 -1,000000 -101,000000 0,000000 0,000000
243 1675207310 0,600000 -1,000000 -101,000000 0,000000 0,000000
243 1675207311 0,600000 -1,000000 -101,000000 0,000000 0,000000
243 1675207312 0,600000 -1,000000 -101,000000 0,000000 0,000000
243 1675207313 0,600000 -1,000000 -101,000000 0,000000 0,000000
243 1675207314 1,000000 -1,000000 -101,000000 0,000000 0,000000
243 1675207315 1,000000 -1,000000 -101,000000 0,000000 0,000000
243 1675207316 1,000000 -1,000000 -101,000000 0,000000 0,000000
243 1675207317 1,000000 -1,000000 -101,000000 0,000000 0,000000
243 1675207318 1,000000 -1,000000 -101,000000 0,000000 0,000000
243 1675207319 1,600000 -1,000000 -101,000000 0,000000 0,000000
243 1675207320 1,600000 -1,000000 -101,000000 0,000000 0,000000
243 1675207321 1,600000 -1,000000 -101,000000 0,000000 0,000000
243 1675207322 1,600000 -1,000000 -101,000000 0,000000 0,000000
243 1675207323 1,600000 -1,000000 -101,000000 0,000000 0,000000
243 1675207324 1,000000 -1,000000 -101,000000 0,000000 0,000000
243 1675207325 1,000000 -1,000000 -101,000000 0,000000 0,000000
243 1675207326 1,000000 -1,000000 -101,000000 0,000000 0,000000
243 1675207327 1,000000 -1,000000 -101,000000 0,000000 0,000000
243 1675207328 1,000000 -1,000000 -101,000000 0,000000 0,000000
243 1675207329 1,200000 -1,000000 -101,000000 0,000000 0,000000
243 1675207330 1,200000 -1,000000 -101,000000 0,000000 0,000000
243 1675207331 1,200000 -1,000000 -101,000000 0,000000 0,000000
243 1675207332 1,200000 -1,000000 -101,000000 0,000000 0,000000
243 1675207333 1,200000 -1,000000 -101,000000 0,000000 0,000000
243 1675207334 1,400000 -1,000000 -101,000000 0,000000 0,000000
243 1675207335 1,400000 -1,000000 -101,000000 0,000000 0,000000
243 1675207336 1,400000 -1,000000 -101,000000 0,000000 0,000000
243 1675207337 1,400000 -1,000000 -101,000000 0,000000 0,000000
243 1675207338 1,400000 -1,000000 -101,000000 0,000000 0,000000
243 1675207339 0,800000 -1,000000 -101,000000 0,000000 0,000000
243 1675207340 0,800000 -1,000000 -101,000000 0,000000 0,000000
243 1675207341 0,800000 -1,000000 -101,000000 0,000000 0,000000
243 1675207342 0,800000 -1,000000 -101,000000 0,000000 0,000000
243 1675207343 0,800000 -1,000000 -101,000000 0,000000 0,000000
243 1675207344 1,800000 -1,000000 -101,000000 0,000000 0,000000
243 1675207345 1,800000 -1,000000 -101,000000 0,000000 0,000000
243 1675207346 1,800000 -1,000000 -101,000000 0,000000 0,000000
243 1675207347 1,800000 -1,000000 -101,000000 0,000000 0,000000
243 1675207348 1,800000 -1,000000 -101,000000 0,000000 0,000000
243 1675207349 1,200000 -1,000000 -101,000000 0,000000 0,000000
243 1675207350 1,200000 -1,000000 -101,000000 0,000000 0,000000
243 1675207351 1,200000 -1,000000 -101,000000 0,000000 0,000000
243 1675207352 1,200000 -1,000000 -101,000000 0,000000 0,000000
243 1675207353 1,200000 -1,000000 -101,000000 0,000000 0,000000
243 1675207354 1,000000 -1,000000 -101,000000 0,000000 0,000000
243 1675207355 1,000000 -1,000000 -101,000000 0,000000 0,000000
243 1675207356 1,000000 -1,000000 -101,000000 0,000000 0,000000
243 1675207357 1,000000 -1,000000 -101,000000 0,000000 0,000000
243 1675207358 1,000000 -1,000000 -101,000000 0,000000 0,000000
243 1675207359 0,200000 -1,000000 -101,000000 0,000000 0,000000
243 1675207360 0,200000 -1,000000 -101,000000 0,000000 0,000000
243 1675207361 0,200000 -1,000000 -101,000000 0,000000 0,000000
243 1675207362 0,200000 -1,000000 -101,000000 0,000000 0,000000
243 1675207363 0,200000 -1,000000 -101,000000 0,000000 0,000000
243 1675207364 0,400000 -1,000000 -101,000000 0,000000 0,000000
243 1675207365 0,400000 -1,000000 -101,000000 0,000000 0,000000
243 1675207366 0,400000 -1,000000 -101,000000 0,000000 0,000000
243 1675207367 0,400000 -1,000000 -101,000000 0,000000 0,000000
243 1675207368 0,400000 -1,000000 -101,000000 0,000000 0,000000
243 1675207369 1,200000 -1,000000 -101,000000 0,000000 0,000000
243 1675207370 1,200000 -1,000000 -101,000000 0,000000 0,000000
243 1675207371 1,200000 -1,000000 -101,000000 0,000000 0,000000
243 1675207372 1,200000 -1,000000 -101,000000 0,000000 0,000000
243 1675207373 1,200000 -1,000000 -101,000000 0,000000 0,000000
243 1675207374 0,600000 -1,000000 -101,000000 0,000000 0,000000
243 1675207375 0,600000 -1,000000 -101,000000 0,000000 0,000000
243 1675207376 0,600000 -1,000000 -101,000000 0,000000 0,000000
243 1675207377 0,600000 -1,000000 -101,000000 0,000000 0,000000
243 1675207378 0,600000 -1,000000 -101,000000 0,000000 0,000000
243 1675207379 1,000000 -1,000000 -101,000000 0,000000 0,000000
243 1675207380 1,000000 -1,000000 -101,000000 0,000000 0,000000
243 1675207381 1,000000 -1,000000 -101,000000 0,000000 0,000000
243 1675207382 1,000000 -1,000000 -101,000000 0,000000 0,000000
243 1675207383 1,000000 -1,000000 -101,000000 0,000000 0,000000
243 1675207384 1,000000 -1,000000 -101,000000 0,000000 0,000000
243 1675207385 1,000000 -1,000000 -101,000000 0,000000 0,000000
243 1675207386 1,000000 -1,000000 -101,000000 0,000000 0,000000
243 1675207387 1,000000 -1,000000 -101,000000 0,000000 0,000000
243 1675207388 1,000000 -1,000000 -101,000000 0,000000 0,000000
243 1675207389 1,000000 -1,000000 -101,000000 0,000000 0,000000
243 1675207390 1,000000 -1,000000 -101,000000 0,000000 0,000000
243 1675207391 1,000000 -1,000000 -101,000000 0,000000 0,000000
243 1675207392 1,000000 -1,000000 -101,000000 0,000000 0,000000
243 1675207393 1,000000 -1,000000 -101,000000 0,000000 0,000000
243 1675207394 1,400000 -1,000000 -101,000000 0,000000 0,000000
243 1675207395 1,400000 -1,000000 -101,000000 0,000000 0,000000
243 1675207396 1,400000 -1,000000 -101,000000 0,000000 0,000000
243 1675207397 1,400000 -1,000000 -101,000000 0,000000 0,000000
243 1675207398 1,400000 -1,000000 -101,000000 0,000000 0,000000
243 1675207399 0,600000 -1,000000 -101,000000 0,000000 0,000000
243 1675207400 0,600000 -1,000000 -101,000000 0,000000 0,000000
243 1675207401 0,600000 -1,000000 -101,000000 0,000000 0,000000
243 1675207402 0,600000 -1,000000 -101,000000 0,000000 0,000000
243 1675207403 0,600000 -1,000000 -101,000000 0,000000 0,000000
243 1675207404 1,400000 -1,000000 -101,000000 0,000000 0,000000
243 1675207405 1,400000 -1,000000 -101,000000 0,000000 0,000000
243 1675207406 1,400000 -1,000000 -101,000000 0,000000 0,000000
243 1675207407 1,400000 -1,000000 -101,000000 0,000000 0,000000
243 1675207408 1,400000 -1,000000 -101,000000 0,000000 0,000000
243 1675207409 1,800000 -1,000000 -101,000000 0,000000 0,000000
243 1675207410 1,800000 -1,000000 -101,000000 0,000000 0,000000
243 1675207411 1,800000 -1,000000 -101,000000 0,000000 0,000000
243 1675207412 1,800000 -1,000000 -101,000000 0,000000 0,000000
243 1675207413 1,800000 -1,000000 -101,000000 0,000000 0,000000
243 1675207414 0,800000 -1,000000 -101,000000 0,000000 0,000000
243 1675207415 0,800000 -1,000000 -101,000000 0,000000 0,000000
243 1675207416 0,800000 -1,000000 -101,000000 0,000000 0,000000
243 1675207417 0,800000 -1,000000 -101,000000 0,000000 0,000000
243 1675207418 0,800000 -1,000000 -101,000000 0,000000 0,000000
243 1675207419 1,800000 -1,000000 -101,000000 0,000000 0,000000
243 1675207420 1,800000 -1,000000 -101,000000 0,000000 0,000000
243 1675207421 1,800000 -1,000000 -101,000000 0,000000 0,000000
243 1675207422 1,800000 -1,000000 -101,000000 0,000000 0,000000
243 1675207423 1,800000 -1,000000 -101,000000 0,000000 0,000000
243 1675207424 1,200000 -1,000000 -101,000000 0,000000 0,000000
243 1675207425 1,200000 -1,000000 -101,000000 0,000000 0,000000
243 1675207426 1,200000 -1,000000 -101,000000 0,000000 0,000000
243 1675207427 1,200000 -1,000000 -101,000000 0,000000 0,000000
243 1675207428 1,200000 -1,000000 -101,000000 0,000000 0,000000
243 1675207429 1,200000 -1,000000 -101,000000 0,000000 0,000000
243 1675207430 1,200000 -1,000000 -101,000000 0,000000 0,000000
243 1675207431 1,200000 -1,000000 -101,000000 0,000000 0,000000
243 1675207432 1,200000 -1,000000 -101,000000 0,000000 0,000000
243 1675207433 1,200000 -1,000000 -101,000000 0,000000 0,000000
243 1675207434 0,800000 -1,000000 -101,000000 0,000000 0,000000
243 1675207435 0,800000 -1,000000 -101,000000 0,000000 0,000000
243 1675207436 0,800000 -1,000000 -101,000000 0,000000 0,000000
243 1675207437 0,800000 -1,000000 -101,000000 0,000000 0,000000
243 1675207438 0,800000 -1,000000 -101,000000 0,000000 0,000000
243 1675207439 1,400000 -1,000000 -101,000000 0,000000 0,000000
243 1675207440 1,400000 -1,000000 -101,000000 0,000000 0,000000
243 1675207441 1,400000 -1,000000 -101,000000 0,000000 0,000000
243 1675207442 1,400000 -1,000000 -101,000000 0,000000 0,000000
243 1675207443 1,400000 -1,000000 -101,000000 0,000000 0,000000
243 1675207444 1,200000 -1,000000 -101,000000 0,000000 0,000000
243 1675207445 1,200000 -1,000000 -101,000000 0,000000 0,000000
243 1675207446 1,200000 -1,000000 -101,000000 0,000000 0,000000
243 1675207447 1,200000 -1,000000 -101,000000 0,000000 0,000000
243 1675207448 1,200000 -1,000000 -101,000000 0,000000 0,000000
243 1675207449 0,400000 -1,000000 -101,000000 0,000000 0,000000
243 1675207450 0,400000 -1,000000 -101,000000 0,000000 0,000000
243 1675207451 0,400000 -1,000000 -101,000000 0,000000 0,000000
243 1675207452 0,400000 -1,000000 -101,000000 0,000000 0,000000
243 1675207453 0,400000 -1,000000 -101,000000 0,000000 0,000000
243 1675207459 0,400000 -1,000000 -101,000000 0,000000 0,000000
243 1675207460 0,400000 -1,000000 -101,000000 0,000000 0,000000
243 1675207461 0,400000 -1,000000 -101,000000 0,000000 0,000000
243 1675207462 0,400000 -1,000000 -101,000000 0,000000 0,000000
243 1675207463 0,400000 -1,000000 -101,000000 0,000000 0,000000
243 1675207464 0,400000 -1,000000 -101,000000 0,000000 0,000000
243 1675207465 0,400000 -1,000000 -101,000000 0,000000 0,000000
243 1675207466 0,400000 -1,000000 -101,000000 0,000000 0,000000
243 1675207467 0,400000 -1,000000 -101,000000 0,000000 0,000000
243 1675207468 0,400000 -1,000000 -101,000000 0,000000 0,000000
243 1675207469 0,600000 -1,000000 -101,000000 0,000000 0,000000
243 1675207470 0,600000 -1,000000 -101,000000 0,000000 0,000000
243 1675207471 0,600000 -1,000000 -101,000000 0,000000 0,000000
243 1675207472 0,600000 -1,000000 -101,000000 0,000000 0,000000
243 1675207473 0,600000 -1,000000 -101,000000 0,000000 0,000000
243 1675207484 0,200000 -1,000000 -101,000000 0,000000 0,000000
243 1675207485 0,200000 -1,000000 -101,000000 0,000000 0,000000
243 1675207486 0,200000 -1,000000 -101,000000 0,000000 0,000000
243 1675207487 0,200000 -1,000000 -101,000000 0,000000 0,000000
243 1675207488 0,200000 -1,000000 -101,000000 0,000000 0,000000
243 1675207489 0,200000 -1,000000 -101,000000 0,000000 0,000000
243 1675207490 0,200000 -1,000000 -101,000000 0,000000 0,000000
243 1675207491 0,200000 -1,000000 -101,000000 0,000000 0,000000
243 1675207492 0,200000 -1,000000 -101,000000 0,000000 0,000000
243 1675207493 0,200000 -1,000000 -101,000000 0,000000 0,000000
243 1675207494 1,000000 -1,000000 -101,000000 0,000000 0,000000
243 1675207495 1,000000 -1,000000 -101,000000 0,000000 0,000000
243 1675207496 1,000000 -1,000000 -101,000000 0,000000 0,000000
243 1675207497 1,000000 -1,000000 -101,000000 0,000000 0,000000
243 1675207498 1,000000 -1,000000 -101,000000 0,000000 0,000000
243 1675207499 1,600000 -1,000000 -101,000000 0,000000 0,000000
243 1675207500 1,600000 -1,000000 -101,000000 0,000000 0,000000
243 1675207501 1,600000 -1,000000 -101,000000 0,000000 0,000000
243 1675207502 1,600000 -1,000000 -101,000000 0,000000 0,000000
243 1675207503 1,600000 -1,000000 -101,000000 0,000000 0,000000
243 1675207504 1,600000 -1,000000 -101,000000 0,000000 0,000000
243 1675207505 1,600000 -1,000000 -101,000000 0,000000 0,000000
243 1675207506 1,600000 -1,000000 -101,000000 0,000000 0,000000
243 1675207507 1,600000 -1,000000 -101,000000 0,000000 0,000000
243 1675207508 1,600000 -1,000000 -101,000000 0,000000 0,000000
243 1675207509 1,000000 -1,000000 -101,000000 0,000000 0,000000
243 1675207510 1,000000 -1,000000 -101,000000 0,000000 0,000000
243 1675207511 1,000000 -1,000000 -101,000000 0,000000 0,000000
243 1675207512 1,000000 -1,000000 -101,000000 0,000000 0,000000
243 1675207513 1,000000 -1,000000 -101,000000 0,000000 0,000000
243 1675207514 1,400000 -1,000000 -101,000000 0,000000 0,000000
243 1675207515 1,400000 -1,000000 -101,000000 0,000000 0,000000
243 1675207516 1,400000 -1,000000 -101,000000 0,000000 0,000000
243 1675207517 1,400000 -1,000000 -101,000000 0,000000 0,000000
243 1675207518 1,400000 -1,000000 -101,000000 0,000000 0,000000
243 1675207519 1,400000 -1,000000 -101,000000 0,000000 0,000000
243 1675207520 1,400000 -1,000000 -101,000000 0,000000 0,000000
243 1675207521 1,400000 -1,000000 -101,000000 0,000000 0,000000
243 1675207522 1,400000 -1,000000 -101,000000 0,000000 0,000000
243 1675207523 1,400000 -1,000000 -101,000000 0,000000 0,000000
243 1675207524 1,000000 -1,000000 -101,000000 0,000000 0,000000
243 1675207525 1,000000 -1,000000 -101,000000 0,000000 0,000000
243 1675207526 1,000000 -1,000000 -101,000000 0,000000 0,000000
243 1675207527 1,000000 -1,000000 -101,000000 0,000000 0,000000
243 1675207528 1,000000 -1,000000 -101,000000 0,000000 0,000000
243 1675207529 1,400000 -1,000000 -101,000000 0,000000 0,000000
243 1675207530 1,400000 -1,000000 -101,000000 0,000000 0,000000
243 1675207531 1,400000 -1,000000 -101,000000 0,000000 0,000000
243 1675207532 1,400000 -1,000000 -101,000000 0,000000 0,000000
243 1675207533 1,400000 -1,000000 -101,000000 0,000000 0,000000
243 1675207534 0,400000 -1,000000 -101,000000 0,000000 0,000000
243 1675207535 0,400000 -1,000000 -101,000000 0,000000 0,000000
243 1675207536 0,400000 -1,000000 -101,000000 0,000000 0,000000
243 1675207537 0,400000 -1,000000 -101,000000 0,000000 0,000000
243 1675207538 0,400000 -1,000000 -101,000000 0,000000 0,000000
243 1675207539 0,400000 -1,000000 -101,000000 0,000000 0,000000
243 1675207540 0,400000 -1,000000 -101,000000 0,000000 0,000000
243 1675207541 0,400000 -1,000000 -101,000000 0,000000 0,000000
243 1675207542 0,400000 -1,000000 -101,000000 0,000000 0,000000
243 1675207543 0,400000 -1,000000 -101,000000 0,000000 0,000000
243 1675207544 0,800000 -1,000000 -101,000000 0,000000 0,000000
243 1675207545 0,800000 -1,000000 -101,000000 0,000000 0,000000
243 1675207546 0,800000 -1,000000 -101,000000 0,000000 0,000000
243 1675207547 0,800000 -1,000000 -101,000000 0,000000 0,000000
243 1675207548 0,800000 -1,000000 -101,000000 0,000000 0,000000
243 1675207549 0,200000 -1,000000 -101,000000 0,000000 0,000000
243 1675207550 0,200000 -1,000000 -101,000000 0,000000 0,000000
243 1675207551 0,200000 -1,000000 -101,000000 0,000000 0,000000
243 1675207552 0,200000 -1,000000 -101,000000 0,000000 0,000000
243 1675207553 0,200000 -1,000000 -101,000000 0,000000 0,000000
243 1675207554 0,600000 -1,000000 -101,000000 0,000000 0,000000
243 1675207555 0,600000 -1,000000 -101,000000 0,000000 0,000000
243 1675207556 0,600000 -1,000000 -101,000000 0,000000 0,000000
243 1675207557 0,600000 -1,000000 -101,000000 0,000000 0,000000
243 1675207558 0,600000 -1,000000 -101,000000 0,000000 0,000000
243 1675207559 1,000000 -1,000000 -101,000000 0,000000 0,000000
243 1675207560 1,000000 -1,000000 -101,000000 0,000000 0,000000
243 1675207561 1,000000 -1,000000 -101,000000 0,000000 0,000000
243 1675207562 1,000000 -1,000000 -101,000000 0,000000 0,000000
243 1675207563 1,000000 -1,000000 -101,000000 0,000000 0,000000
243 1675207564 0,600000 -1,000000 -101,000000 0,000000 0,000000
243 1675207565 0,600000 -1,000000 -101,000000 0,000000 0,000000
243 1675207566 0,600000 -1,000000 -101,000000 0,000000 0,000000
243 1675207567 0,600000 -1,000000 -101,000000 0,000000 0,000000
243 1675207568 0,600000 -1,000000 -101,000000 0,000000 0,000000
243 1675207569 0,800000 -1,000000 -101,000000 0,000000 0,000000
243 1675207570 0,800000 -1,000000 -101,000000 0,000000 0,000000
243 1675207571 0,800000 -1,000000 -101,000000 0,000000 0,000000
243 1675207572 0,800000 -1,000000 -101,000000 0,000000 0,000000
243 1675207573 0,800000 -1,000000 -101,000000 0,000000 0,000000
243 1675207574 1,600000 -1,000000 -101,000000 0,000000 0,000000
243 1675207575 1,600000 -1,000000 -101,000000 0,000000 0,000000
243 1675207576 1,600000 -1,000000 -101,000000 0,000000 0,000000
243 1675207577 1,600000 -1,000000 -101,000000 0,000000 0,000000
243 1675207578 1,600000 -1,000000 -101,000000 0,000000 0,000000
243 1675207579 1,000000 -1,000000 -101,000000 0,000000 0,000000
243 1675207580 1,000000 -1,000000 -101,000000 0,000000 0,000000
243 1675207581 1,000000 -1,000000 -101,000000 0,000000 0,000000
243 1675207582 1,000000 -1,000000 -101,000000 0,000000 0,000000
243 1675207583 1,000000 -1,000000 -101,000000 0,000000 0,000000
243 1675207584 0,800000 -1,000000 -101,000000 0,000000 0,000000
243 1675207585 0,800000 -1,000000 -101,000000 0,000000 0,000000
243 1675207586 0,800000 -1,000000 -101,000000 0,000000 0,000000
243 1675207587 0,800000 -1,000000 -101,000000 0,000000 0,000000
243 1675207588 0,800000 -1,000000 -101,000000 0,000000 0,000000
243 1675207589 1,400000 -1,000000 -101,000000 0,000000 0,000000
243 1675207590 1,400000 -1,000000 -101,000000 0,000000 0,000000
243 1675207591 1,400000 -1,000000 -101,000000 0,000000 0,000000
243 1675207592 1,400000 -1,000000 -101,000000 0,000000 0,000000
243 1675207593 1,400000 -1,000000 -101,000000 0,000000 0,000000
243 1675207594 1,200000 -1,000000 -101,000000 0,000000 0,000000
243 1675207595 1,200000 -1,000000 -101,000000 0,000000 0,000000
243 1675207596 1,200000 -1,000000 -101,000000 0,000000 0,000000
243 1675207597 1,200000 -1,000000 -101,000000 0,000000 0,000000
243 1675207598 1,200000 -1,000000 -101,000000 0,000000 0,000000
243 1675207599 0,800000 -1,000000 -101,000000 0,000000 0,000000
243 1675207600 0,800000 -1,000000 -101,000000 0,000000 0,000000
243 1675207601 0,800000 -1,000000 -101,000000 0,000000 0,000000
243 1675207602 0,800000 -1,000000 -101,000000 0,000000 0,000000
243 1675207603 0,800000 -1,000000 -101,000000 0,000000 0,000000
243 1675207604 1,000000 -1,000000 -101,000000 0,000000 0,000000
243 1675207605 1,000000 -1,000000 -101,000000 0,000000 0,000000
243 1675207606 1,000000 -1,000000 -101,000000 0,000000 0,000000
243 1675207607 1,000000 -1,000000 -101,000000 0,000000 0,000000
243 1675207608 1,000000 -1,000000 -101,000000 0,000000 0,000000
243 1675207609 0,600000 -1,000000 -101,000000 0,000000 0,000000
243 1675207610 0,600000 -1,000000 -101,000000 0,000000 0,000000
243 1675207611 0,600000 -1,000000 -101,000000 0,000000 0,000000
243 1675207612 0,600000 -1,000000 -101,000000 0,000000 0,000000
243 1675207613 0,600000 -1,000000 -101,000000 0,000000 0,000000
243 1675207614 0,600000 -1,000000 -101,000000 0,000000 0,000000
243 1675207615 0,600000 -1,000000 -101,000000 0,000000 0,000000
243 1675207616 0,600000 -1,000000 -101,000000 0,000000 0,000000
243 1675207617 0,600000 -1,000000 -101,000000 0,000000 0,000000
243 1675207618 0,600000 -1,000000 -101,000000 0,000000 0,000000
243 1675207619 1,400000 -1,000000 -101,000000 0,000000 0,000000
243 1675207620 1,400000 -1,000000 -101,000000 0,000000 0,000000
243 1675207621 1,400000 -1,000000 -101,000000 0,000000 0,000000
243 1675207622 1,400000 -1,000000 -101,000000 0,000000 0,000000
243 1675207623 1,400000 -1,000000 -101,000000 0,000000 0,000000
243 1675207624 0,800000 -1,000000 -101,000000 0,000000 0,000000
243 1675207625 0,800000 -1,000000 -101,000000 0,000000 0,000000
243 1675207626 0,800000 -1,000000 -101,000000 0,000000 0,000000
243 1675207627 0,800000 -1,000000 -101,000000 0,000000 0,000000
243 1675207628 0,800000 -1,000000 -101,000000 0,000000 0,000000
243 1675207629 1,400000 -1,000000 -101,000000 0,000000 0,000000
243 1675207630 1,400000 -1,000000 -101,000000 0,000000 0,000000
243 1675207631 1,400000 -1,000000 -101,000000 0,000000 0,000000
243 1675207632 1,400000 -1,000000 -101,000000 0,000000 0,000000
243 1675207633 1,400000 -1,000000 -101,000000 0,000000 0,000000
243 1675207634 1,400000 -1,000000 -101,000000 0,000000 0,000000
243 1675207635 1,400000 -1,000000 -101,000000 0,000000 0,000000
243 1675207636 1,400000 -1,000000 -101,000000 0,000000 0,000000
243 1675207637 1,400000 -1,000000 -101,000000 0,000000 0,000000
243 1675207638 1,400000 -1,000000 -101,000000 0,000000 0,000000
243 1675207639 0,800000 -1,000000 -101,000000 0,000000 0,000000
243 1675207640 0,800000 -1,000000 -101,000000 0,000000 0,000000
243 1675207641 0,800000 -1,000000 -101,000000 0,000000 0,000000
243 1675207642 0,800000 -1,000000 -101,000000 0,000000 0,000000
243 1675207643 0,800000 -1,000000 -101,000000 0,000000 0,000000
243 1675207644 0,800000 -1,000000 -101,000000 0,000000 0,000000
243 1675207645 0,800000 -1,000000 -101,000000 0,000000 0,000000
243 1675207646 0,800000 -1,000000 -101,000000 0,000000 0,000000
243 1675207647 0,800000 -1,000000 -101,000000 0,000000 0,000000
243 1675207648 0,800000 -1,000000 -101,000000 0,000000 0,000000
243 1675207649 1,600000 -1,000000 -101,000000 0,000000 0,000000
243 1675207650 1,600000 -1,000000 -101,000000 0,000000 0,000000
243 1675207651 1,600000 -1,000000 -101,000000 0,000000 0,000000
243 1675207652 1,600000 -1,000000 -101,000000 0,000000 0,000000
243 1675207653 1,600000 -1,000000 -101,000000 0,000000 0,000000
243 1675207654 1,800000 -1,000000 -101,000000 0,000000 0,000000
243 1675207655 1,800000 -1,000000 -101,000000 0,000000 0,000000
243 1675207656 1,800000 -1,000000 -101,000000 0,000000 0,000000
243 1675207657 1,800000 -1,000000 -101,000000 0,000000 0,000000
243 1675207658 1,800000 -1,000000 -101,000000 0,000000 0,000000
243 1675207659 0,400000 -1,000000 -101,000000 0,000000 0,000000
243 1675207660 0,400000 -1,000000 -101,000000 0,000000 0,000000
243 1675207661 0,400000 -1,000000 -101,000000 0,000000 0,000000
243 1675207662 0,400000 -1,000000 -101,000000 0,000000 0,000000
243 1675207663 0,400000 -1,000000 -101,000000 0,000000 0,000000
243 1675207664 1,000000 -1,000000 -101,000000 0,000000 0,000000
243 1675207665 1,000000 -1,000000 -101,000000 0,000000 0,000000
243 1675207666 1,000000 -1,000000 -101,000000 0,000000 0,000000
243 1675207667 1,000000 -1,000000 -101,000000 0,000000 0,000000
243 1675207668 1,000000 -1,000000 -101,000000 0,000000 0,000000
243 1675207669 0,400000 -1,000000 -101,000000 0,000000 0,000000
243 1675207670 0,400000 -1,000000 -101,000000 0,000000 0,000000
243 1675207671 0,400000 -1,000000 -101,000000 0,000000 0,000000
243 1675207672 0,400000 -1,000000 -101,000000 0,000000 0,000000
243 1675207673 0,400000 -1,000000 -101,000000 0,000000 0,000000
243 1675207674 0,600000 -1,000000 -101,000000 0,000000 0,000000
243 1675207675 0,600000 -1,000000 -101,000000 0,000000 0,000000
243 1675207676 0,600000 -1,000000 -101,000000 0,000000 0,000000
243 1675207677 0,600000 -1,000000 -101,000000 0,000000 0,000000
243 1675207678 0,600000 -1,000000 -101,000000 0,000000 0,000000
243 1675207679 0,400000 -1,000000 -101,000000 0,000000 0,000000
243 1675207680 0,400000 -1,000000 -101,000000 0,000000 0,000000
243 1675207681 0,400000 -1,000000 -101,000000 0,000000 0,000000
243 1675207682 0,400000 -1,000000 -101,000000 0,000000 0,000000
243 1675207683 0,400000 -1,000000 -101,000000 0,000000 0,000000
243 1675207684 0,600000 -1,000000 -101,000000 0,000000 0,000000
243 1675207685 0,600000 -1,000000 -101,000000 0,000000 0,000000
243 1675207686 0,600000 -1,000000 -101,000000 0,000000 0,000000
243 1675207687 0,600000 -1,000000 -101,000000 0,000000 0,000000
243 1675207688 0,600000 -1,000000 -101,000000 0,000000 0,000000
243 1675207689 0,600000 -1,000000 -101,000000 0,000000 0,000000
243 1675207690 0,600000 -1,000000 -101,000000 0,000000 0,000000
243 1675207691 0,600000 -1,000000 -101,000000 0,000000 0,000000
243 1675207692 0,600000 -1,000000 -101,000000 0,000000 0,000000
243 1675207693 0,600000 -1,000000 -101,000000 0,000000 0,000000
243 1675207694 0,800000 -1,000000 -101,000000 0,000000 0,000000
243 1675207695 0,800000 -1,000000 -101,000000 0,000000 0,000000
243 1675207696 0,800000 -1,000000 -101,000000 0,000000 0,000000
243 1675207697 0,800000 -1,000000 -101,000000 0,000000 0,000000
243 1675207698 0,800000 -1,000000 -101,000000 0,000000 0,000000
243 1675207699 0,800000 -1,000000 -101,000000 0,000000 0,000000
243 1675207700 0,800000 -1,000000 -101,000000 0,000000 0,000000
243 1675207701 0,800000 -1,000000 -101,000000 0,000000 0,000000
243 1675207702 0,800000 -1,000000 -101,000000 0,000000 0,000000
243 1675207703 0,800000 -1,000000 -101,000000 0,000000 0,000000
243 1675207704 0,800000 -1,000000 -101,000000 0,000000 0,000000
243 1675207705 0,800000 -1,000000 -101,000000 0,000000 0,000000
243 1675207706 0,800000 -1,000000 -101,000000 0,000000 0,000000
243 1675207707 0,800000 -1,000000 -101,000000 0,000000 0,000000
243 1675207708 0,800000 -1,000000 -101,000000 0,000000 0,000000
243 1675207768 0,600000 -1,000000 0,600000 0,600000 0,072000
243 1675207767 0,600000 -1,000000 0,600000 0,600000 0,072000
243 1675207766 0,600000 -1,000000 0,600000 0,600000 0,072000
243 1675207765 0,600000 -1,000000 0,600000 0,600000 0,072000
243 1675207764 0,600000 -1,000000 0,600000 0,600000 0,072000
243 1675207763 0,600000 -1,000000 0,600000 0,600000 0,072000
243 1675207762 0,600000 -1,000000 0,600000 0,600000 0,072000
243 1675207761 0,600000 -1,000000 0,600000 0,600000 0,072000
243 1675207760 0,600000 -1,000000 0,600000 0,600000 0,072000
243 1675207759 0,600000 -1,000000 0,600000 0,600000 0,072000
243 1675207758 1,200000 -1,000000 1,200000 1,200000 0,288000
243 1675207757 1,200000 -1,000000 1,200000 1,200000 0,288000
243 1675207756 1,200000 -1,000000 1,200000 1,200000 0,288000
243 1675207755 1,200000 -1,000000 1,200000 1,200000 0,288000
243 1675207754 1,200000 -1,000000 1,200000 1,200000 0,288000
243 1675207753 1,200000 -1,000000 1,200000 1,200000 0,288000
243 1675207752 1,200000 -1,000000 1,200000 1,200000 0,288000
243 1675207751 1,200000 -1,000000 1,200000 1,200000 0,288000
243 1675207750 1,200000 -1,000000 1,200000 1,200000 0,288000
243 1675207749 1,200000 -1,000000 1,200000 1,200000 0,288000
243 1675207748 0,800000 -1,000000 0,800000 0,800000 0,128000
243 1675207747 0,800000 -1,000000 0,800000 0,800000 0,128000
243 1675207746 0,800000 -1,000000 0,800000 0,800000 0,128000
243 1675207745 0,800000 -1,000000 0,800000 0,800000 0,128000
243 1675207744 0,800000 -1,000000 0,800000 0,800000 0,128000
243 1675207743 0,600000 -1,000000 0,600000 0,600000 0,072000
243 1675207742 0,600000 -1,000000 0,600000 0,600000 0,072000
243 1675207741 0,600000 -1,000000 0,600000 0,600000 0,072000
243 1675207740 0,600000 -1,000000 0,600000 0,600000 0,072000
243 1675207739 0,600000 -1,000000 0,600000 0,600000 0,072000
243 1675207738 0,200000 -1,000000 0,200000 0,200000 0,008000
243 1675207737 0,200000 -1,000000 0,200000 0,200000 0,008000
243 1675207736 0,200000 -1,000000 0,200000 0,200000 0,008000
243 1675207735 0,200000 -1,000000 0,200000 0,200000 0,008000
243 1675207734 0,200000 -1,000000 0,200000 0,200000 0,008000
243 1675207733 1,600000 -1,000000 1,600000 1,600000 0,512000
243 1675207732 1,600000 -1,000000 1,600000 1,600000 0,512000
243 1675207731 1,600000 -1,000000 1,600000 1,600000 0,512000
243 1675207730 1,600000 -1,000000 1,600000 1,600000 0,512000
243 1675207729 1,600000 -1,000000 1,600000 1,600000 0,512000
243 1675207728 2,000000 -1,000000 2,000000 2,000000 0,800000
243 1675207727 2,000000 -1,000000 2,000000 2,000000 0,800000
243 1675207726 2,000000 -1,000000 2,000000 2,000000 0,800000
243 1675207725 2,000000 -1,000000 2,000000 2,000000 0,800000
243 1675207724 2,000000 -1,000000 2,000000 2,000000 0,800000
243 1675207723 2,000000 -1,000000 2,000000 2,000000 0,800000
243 1675207722 2,000000 -1,000000 2,000000 2,000000 0,800000
243 1675207721 2,000000 -1,000000 2,000000 2,000000 0,800000
243 1675207720 2,000000 -1,000000 2,000000 2,000000 0,800000
243 1675207719 2,000000 -1,000000 2,000000 2,000000 0,800000
243 1675207718 2,400000 -1,000000 2,400000 2,400000 1,152000
243 1675207717 2,400000 -1,000000 2,400000 2,400000 1,152000
243 1675207716 2,400000 -1,000000 2,400000 2,400000 1,152000
243 1675207715 2,400000 -1,000000 2,400000 2,400000 1,152000
243 1675207714 2,400000 -1,000000 2,400000 2,400000 1,152000
243 1675207713 1,000000 -1,000000 1,000000 1,000000 0,200000
243 1675207712 1,000000 -1,000000 1,000000 1,000000 0,200000
243 1675207711 1,000000 -1,000000 1,000000 1,000000 0,200000
243 1675207710 1,000000 -1,000000 1,000000 1,000000 0,200000
243 1675207709 1,000000 -1,000000 1,000000 1,000000 0,200000
243 1675207709 1,000000 -1,000000 -101,000000 0,000000 0,000000
243 1675207710 1,000000 -1,000000 -101,000000 0,000000 0,000000
243 1675207711 1,000000 -1,000000 -101,000000 0,000000 0,000000
243 1675207712 1,000000 -1,000000 -101,000000 0,000000 0,000000
243 1675207713 1,000000 -1,000000 -101,000000 0,000000 0,000000
243 1675207714 2,400000 -1,000000 -101,000000 0,000000 0,000000
243 1675207715 2,400000 -1,000000 -101,000000 0,000000 0,000000
243 1675207716 2,400000 -1,000000 -101,000000 0,000000 0,000000
243 1675207717 2,400000 -1,000000 -101,000000 0,000000 0,000000
243 1675207718 2,400000 -1,000000 -101,000000 0,000000 0,000000
243 1675207719 2,000000 -1,000000 -101,000000 0,000000 0,000000
243 1675207720 2,000000 -1,000000 -101,000000 0,000000 0,000000
243 1675207721 2,000000 -1,000000 -101,000000 0,000000 0,000000
243 1675207722 2,000000 -1,000000 -101,000000 0,000000 0,000000
243 1675207723 2,000000 -1,000000 -101,000000 0,000000 0,000000
243 1675207724 2,000000 -1,000000 -101,000000 0,000000 0,000000
243 1675207725 2,000000 -1,000000 -101,000000 0,000000 0,000000
243 1675207726 2,000000 -1,000000 -101,000000 0,000000 0,000000
243 1675207727 2,000000 -1,000000 -101,000000 0,000000 0,000000
243 1675207728 2,000000 -1,000000 -101,000000 0,000000 0,000000
243 1675207729 1,600000 -1,000000 -101,000000 0,000000 0,000000
243 1675207730 1,600000 -1,000000 -101,000000 0,000000 0,000000
243 1675207731 1,600000 -1,000000 -101,000000 0,000000 0,000000
243 1675207732 1,600000 -1,000000 -101,000000 0,000000 0,000000
243 1675207733 1,600000 -1,000000 -101,000000 0,000000 0,000000
243 1675207734 0,200000 -1,000000 -101,000000 0,000000 0,000000
243 1675207735 0,200000 -1,000000 -101,000000 0,000000 0,000000
243 1675207736 0,200000 -1,000000 -101,000000 0,000000 0,000000
243 1675207737 0,200000 -1,000000 -101,000000 0,000000 0,000000
243 1675207738 0,200000 -1,000000 -101,000000 0,000000 0,000000
243 1675207739 0,600000 -1,000000 -101,000000 0,000000 0,000000
243 1675207740 0,600000 -1,000000 -101,000000 0,000000 0,000000
243 1675207741 0,600000 -1,000000 -101,000000 0,000000 0,000000
243 1675207742 0,600000 -1,000000 -101,000000 0,000000 0,000000
243 1675207743 0,600000 -1,000000 -101,000000 0,000000 0,000000
243 1675207744 0,800000 -1,000000 -101,000000 0,000000 0,000000
243 1675207745 0,800000 -1,000000 -101,000000 0,000000 0,000000
243 1675207746 0,800000 -1,000000 -101,000000 0,000000 0,000000
243 1675207747 0,800000 -1,000000 -101,000000 0,000000 0,000000
243 1675207748 0,800000 -1,000000 -101,000000 0,000000 0,000000
243 1675207749 1,200000 -1,000000 -101,000000 0,000000 0,000000
243 1675207750 1,200000 -1,000000 -101,000000 0,000000 0,000000
243 1675207751 1,200000 -1,000000 -101,000000 0,000000 0,000000
243 1675207752 1,200000 -1,000000 -101,000000 0,000000 0,000000
243 1675207753 1,200000 -1,000000 -101,000000 0,000000 0,000000
243 1675207754 1,200000 -1,000000 -101,000000 0,000000 0,000000
243 1675207755 1,200000 -1,000000 -101,000000 0,000000 0,000000
243 1675207756 1,200000 -1,000000 -101,000000 0,000000 0,000000
243 1675207757 1,200000 -1,000000 -101,000000 0,000000 0,000000
243 1675207758 1,200000 -1,000000 -101,000000 0,000000 0,000000
243 1675207759 0,600000 -1,000000 -101,000000 0,000000 0,000000
243 1675207760 0,600000 -1,000000 -101,000000 0,000000 0,000000
243 1675207761 0,600000 -1,000000 -101,000000 0,000000 0,000000
243 1675207762 0,600000 -1,000000 -101,000000 0,000000 0,000000
243 1675207763 0,600000 -1,000000 -101,000000 0,000000 0,000000
243 1675207764 0,600000 -1,000000 -101,000000 0,000000 0,000000
243 1675207765 0,600000 -1,000000 -101,000000 0,000000 0,000000
243 1675207766 0,600000 -1,000000 -101,000000 0,000000 0,000000
243 1675207767 0,600000 -1,000000 -101,000000 0,000000 0,000000
243 1675207768 0,600000 -1,000000 -101,000000 0,000000 0,000000
243 1675207769 0,800000 -1,000000 -101,000000 0,000000 0,000000
243 1675207770 0,800000 -1,000000 -101,000000 0,000000 0,000000
243 1675207771 0,800000 -1,000000 -101,000000 0,000000 0,000000
243 1675207772 0,800000 -1,000000 -101,000000 0,000000 0,000000
243 1675207773 0,800000 -1,000000 -101,000000 0,000000 0,000000
243 1675207774 0,800000 -1,000000 -101,000000 0,000000 0,000000
243 1675207775 0,800000 -1,000000 -101,000000 0,000000 0,000000
243 1675207776 0,800000 -1,000000 -101,000000 0,000000 0,000000
243 1675207777 0,800000 -1,000000 -101,000000 0,000000 0,000000
243 1675207778 0,800000 -1,000000 -101,000000 0,000000 0,000000
243 1675207779 1,600000 -1,000000 -101,000000 0,000000 0,000000
243 1675207780 1,600000 -1,000000 -101,000000 0,000000 0,000000
243 1675207781 1,600000 -1,000000 -101,000000 0,000000 0,000000
243 1675207782 1,600000 -1,000000 -101,000000 0,000000 0,000000
243 1675207783 1,600000 -1,000000 -101,000000 0,000000 0,000000
243 1675207784 0,600000 -1,000000 -101,000000 0,000000 0,000000
243 1675207785 0,600000 -1,000000 -101,000000 0,000000 0,000000
243 1675207786 0,600000 -1,000000 -101,000000 0,000000 0,000000
243 1675207787 0,600000 -1,000000 -101,000000 0,000000 0,000000
243 1675207788 0,600000 -1,000000 -101,000000 0,000000 0,000000
243 1675207789 1,400000 -1,000000 -101,000000 0,000000 0,000000
243 1675207790 1,400000 -1,000000 -101,000000 0,000000 0,000000
243 1675207791 1,400000 -1,000000 -101,000000 0,000000 0,000000
243 1675207792 1,400000 -1,000000 -101,000000 0,000000 0,000000
243 1675207793 1,400000 -1,000000 -101,000000 0,000000 0,000000
243 1675207794 0,200000 -1,000000 -101,000000 0,000000 0,000000
243 1675207795 0,200000 -1,000000 -101,000000 0,000000 0,000000
243 1675207796 0,200000 -1,000000 -101,000000 0,000000 0,000000
243 1675207797 0,200000 -1,000000 -101,000000 0,000000 0,000000
243 1675207798 0,200000 -1,000000 -101,000000 0,000000 0,000000
243 1675207799 1,000000 -1,000000 -101,000000 0,000000 0,000000
243 1675207800 1,000000 -1,000000 -101,000000 0,000000 0,000000
243 1675207801 1,000000 -1,000000 -101,000000 0,000000 0,000000
243 1675207802 1,000000 -1,000000 -101,000000 0,000000 0,000000
243 1675207803 1,000000 -1,000000 -101,000000 0,000000 0,000000
243 1675207804 1,000000 -1,000000 -101,000000 0,000000 0,000000
243 1675207805 1,000000 -1,000000 -101,000000 0,000000 0,000000
243 1675207806 1,000000 -1,000000 -101,000000 0,000000 0,000000
243 1675207807 1,000000 -1,000000 -101,000000 0,000000 0,000000
243 1675207808 1,000000 -1,000000 -101,000000 0,000000 0,000000
243 1675207809 0,800000 -1,000000 -101,000000 0,000000 0,000000
243 1675207810 0,800000 -1,000000 -101,000000 0,000000 0,000000
243 1675207811 0,800000 -1,000000 -101,000000 0,000000 0,000000
243 1675207812 0,800000 -1,000000 -101,000000 0,000000 0,000000
243 1675207813 0,800000 -1,000000 -101,000000 0,000000 0,000000
243 1675207814 1,400000 -1,000000 -101,000000 0,000000 0,000000
243 1675207815 1,400000 -1,000000 -101,000000 0,000000 0,000000
243 1675207816 1,400000 -1,000000 -101,000000 0,000000 0,000000
243 1675207817 1,400000 -1,000000 -101,000000 0,000000 0,000000
243 1675207818 1,400000 -1,000000 -101,000000 0,000000 0,000000
243 1675207819 1,600000 -1,000000 -101,000000 0,000000 0,000000
243 1675207820 1,600000 -1,000000 -101,000000 0,000000 0,000000
243 1675207821 1,600000 -1,000000 -101,000000 0,000000 0,000000
243 1675207822 1,600000 -1,000000 -101,000000 0,000000 0,000000
243 1675207823 1,600000 -1,000000 -101,000000 0,000000 0,000000
243 1675207824 1,400000 -1,000000 -101,000000 0,000000 0,000000
243 1675207825 1,400000 -1,000000 -101,000000 0,000000 0,000000
243 1675207826 1,400000 -1,000000 -101,000000 0,000000 0,000000
243 1675207827 1,400000 -1,000000 -101,000000 0,000000 0,000000
243 1675207828 1,400000 -1,000000 -101,000000 0,000000 0,000000
243 1675207829 1,200000 -1,000000 -101,000000 0,000000 0,000000
243 1675207830 1,200000 -1,000000 -101,000000 0,000000 0,000000
243 1675207831 1,200000 -1,000000 -101,000000 0,000000 0,000000
243 1675207832 1,200000 -1,000000 -101,000000 0,000000 0,000000
243 1675207833 1,200000 -1,000000 -101,000000 0,000000 0,000000
243 1675207834 0,800000 -1,000000 -101,000000 0,000000 0,000000
243 1675207835 0,800000 -1,000000 -101,000000 0,000000 0,000000
243 1675207836 0,800000 -1,000000 -101,000000 0,000000 0,000000
243 1675207837 0,800000 -1,000000 -101,000000 0,000000 0,000000
243 1675207838 0,800000 -1,000000 -101,000000 0,000000 0,000000
243 1675207839 1,000000 -1,000000 -101,000000 0,000000 0,000000
243 1675207840 1,000000 -1,000000 -101,000000 0,000000 0,000000
243 1675207841 1,000000 -1,000000 -101,000000 0,000000 0,000000
243 1675207842 1,000000 -1,000000 -101,000000 0,000000 0,000000
243 1675207843 1,000000 -1,000000 -101,000000 0,000000 0,000000
243 1675207844 0,400000 -1,000000 -101,000000 0,000000 0,000000
243 1675207845 0,400000 -1,000000 -101,000000 0,000000 0,000000
243 1675207846 0,400000 -1,000000 -101,000000 0,000000 0,000000
243 1675207847 0,400000 -1,000000 -101,000000 0,000000 0,000000
243 1675207848 0,400000 -1,000000 -101,000000 0,000000 0,000000
243 1675207849 0,400000 -1,000000 -101,000000 0,000000 0,000000
243 1675207850 0,400000 -1,000000 -101,000000 0,000000 0,000000
243 1675207851 0,400000 -1,000000 -101,000000 0,000000 0,000000
243 1675207852 0,400000 -1,000000 -101,000000 0,000000 0,000000
243 1675207853 0,400000 -1,000000 -101,000000 0,000000 0,000000
243 1675207854 0,800000 -1,000000 -101,000000 0,000000 0,000000
243 1675207855 0,800000 -1,000000 -101,000000 0,000000 0,000000
243 1675207856 0,800000 -1,000000 -101,000000 0,000000 0,000000
243 1675207857 0,800000 -1,000000 -101,000000 0,000000 0,000000
243 1675207858 0,800000 -1,000000 -101,000000 0,000000 0,000000
243 1675207859 0,400000 -1,000000 -101,000000 0,000000 0,000000
243 1675207860 0,400000 -1,000000 -101,000000 0,000000 0,000000
243 1675207861 0,400000 -1,000000 -101,000000 0,000000 0,000000
243 1675207862 0,400000 -1,000000 -101,000000 0,000000 0,000000
243 1675207863 0,400000 -1,000000 -101,000000 0,000000 0,000000
243 1675207864 1,200000 -1,000000 -101,000000 0,000000 0,000000
243 1675207865 1,200000 -1,000000 -101,000000 0,000000 0,000000
243 1675207866 1,200000 -1,000000 -101,000000 0,000000 0,000000
243 1675207867 1,200000 -1,000000 -101,000000 0,000000 0,000000
243 1675207868 1,200000 -1,000000 -101,000000 0,000000 0,000000
243 1675207869 0,400000 -1,000000 -101,000000 0,000000 0,000000
243 1675207870 0,400000 -1,000000 -101,000000 0,000000 0,000000
243 1675207871 0,400000 -1,000000 -101,000000 0,000000 0,000000
243 1675207872 0,400000 -1,000000 -101,000000 0,000000 0,000000
243 1675207873 0,400000 -1,000000 -101,000000 0,000000 0,000000
243 1675207874 1,400000 -1,000000 -101,000000 0,000000 0,000000
243 1675207875 1,400000 -1,000000 -101,000000 0,000000 0,000000
243 1675207876 1,400000 -1,000000 -101,000000 0,000000 0,000000
243 1675207877 1,400000 -1,000000 -101,000000 0,000000 0,000000
243 1675207878 1,400000 -1,000000 -101,000000 0,000000 0,000000
243 1675207879 1,000000 -1,000000 -101,000000 0,000000 0,000000
243 1675207880 1,000000 -1,000000 -101,000000 0,000000 0,000000
243 1675207881 1,000000 -1,000000 -101,000000 0,000000 0,000000
243 1675207882 1,000000 -1,000000 -101,000000 0,000000 0,000000
243 1675207883 1,000000 -1,000000 -101,000000 0,000000 0,000000
243 1675207884 1,000000 -1,000000 -101,000000 0,000000 0,000000
243 1675207885 1,000000 -1,000000 -101,000000 0,000000 0,000000
243 1675207886 1,000000 -1,000000 -101,000000 0,000000 0,000000
243 1675207887 1,000000 -1,000000 -101,000000 0,000000 0,000000
243 1675207888 1,000000 -1,000000 -101,000000 0,000000 0,000000
243 1675207889 1,400000 -1,000000 -101,000000 0,000000 0,000000
243 1675207890 1,400000 -1,000000 -101,000000 0,000000 0,000000
243 1675207891 1,400000 -1,000000 -101,000000 0,000000 0,000000
243 1675207892 1,400000 -1,000000 -101,000000 0,000000 0,000000
243 1675207893 1,400000 -1,000000 -101,000000 0,000000 0,000000
243 1675207894 0,600000 -1,000000 -101,000000 0,000000 0,000000
243 1675207895 0,600000 -1,000000 -101,000000 0,000000 0,000000
243 1675207896 0,600000 -1,000000 -101,000000 0,000000 0,000000
243 1675207897 0,600000 -1,000000 -101,000000 0,000000 0,000000
243 1675207898 0,600000 -1,000000 -101,000000 0,000000 0,000000
243 1675207899 0,600000 -1,000000 -101,000000 0,000000 0,000000
243 1675207900 0,600000 -1,000000 -101,000000 0,000000 0,000000
243 1675207901 0,600000 -1,000000 -101,000000 0,000000 0,000000
243 1675207902 0,600000 -1,000000 -101,000000 0,000000 0,000000
243 1675207903 0,600000 -1,000000 -101,000000 0,000000 0,000000
243 1675207904 1,600000 -1,000000 -101,000000 0,000000 0,000000
243 1675207905 1,600000 -1,000000 -101,000000 0,000000 0,000000
243 1675207906 1,600000 -1,000000 -101,000000 0,000000 0,000000
243 1675207907 1,600000 -1,000000 -101,000000 0,000000 0,000000
243 1675207908 1,600000 -1,000000 -101,000000 0,000000 0,000000
243 1675207909 0,400000 -1,000000 -101,000000 0,000000 0,000000
243 1675207910 0,400000 -1,000000 -101,000000 0,000000 0,000000
243 1675207911 0,400000 -1,000000 -101,000000 0,000000 0,000000
243 1675207912 0,400000 -1,000000 -101,000000 0,000000 0,000000
243 1675207913 0,400000 -1,000000 -101,000000 0,000000 0,000000
243 1675207914 1,200000 -1,000000 -101,000000 0,000000 0,000000
243 1675207915 1,200000 -1,000000 -101,000000 0,000000 0,000000
243 1675207916 1,200000 -1,000000 -101,000000 0,000000 0,000000
243 1675207917 1,200000 -1,000000 -101,000000 0,000000 0,000000
243 1675207918 1,200000 -1,000000 -101,000000 0,000000 0,000000
243 1675207919 1,000000 -1,000000 -101,000000 0,000000 0,000000
243 1675207920 1,000000 -1,000000 -101,000000 0,000000 0,000000
243 1675207921 1,000000 -1,000000 -101,000000 0,000000 0,000000
243 1675207922 1,000000 -1,000000 -101,000000 0,000000 0,000000
243 1675207923 1,000000 -1,000000 -101,000000 0,000000 0,000000
243 1675207924 0,400000 -1,000000 -101,000000 0,000000 0,000000
243 1675207925 0,400000 -1,000000 -101,000000 0,000000 0,000000
243 1675207926 0,400000 -1,000000 -101,000000 0,000000 0,000000
243 1675207927 0,400000 -1,000000 -101,000000 0,000000 0,000000
243 1675207928 0,400000 -1,000000 -101,000000 0,000000 0,000000
243 1675207929 1,000000 -1,000000 -101,000000 0,000000 0,000000
243 1675207930 1,000000 -1,000000 -101,000000 0,000000 0,000000
243 1675207931 1,000000 -1,000000 -101,000000 0,000000 0,000000
243 1675207932 1,000000 -1,000000 -101,000000 0,000000 0,000000
243 1675207933 1,000000 -1,000000 -101,000000 0,000000 0,000000
243 1675207934 0,800000 -1,000000 -101,000000 0,000000 0,000000
243 1675207935 0,800000 -1,000000 -101,000000 0,000000 0,000000
243 1675207936 0,800000 -1,000000 -101,000000 0,000000 0,000000
243 1675207937 0,800000 -1,000000 -101,000000 0,000000 0,000000
243 1675207938 0,800000 -1,000000 -101,000000 0,000000 0,000000
243 1675207939 1,400000 -1,000000 -101,000000 0,000000 0,000000
243 1675207940 1,400000 -1,000000 -101,000000 0,000000 0,000000
243 1675207941 1,400000 -1,000000 -101,000000 0,000000 0,000000
243 1675207942 1,400000 -1,000000 -101,000000 0,000000 0,000000
243 1675207943 1,400000 -1,000000 -101,000000 0,000000 0,000000
243 1675207944 1,200000 -1,000000 -101,000000 0,000000 0,000000
243 1675207945 1,200000 -1,000000 -101,000000 0,000000 0,000000
243 1675207946 1,200000 -1,000000 -101,000000 0,000000 0,000000
243 1675207947 1,200000 -1,000000 -101,000000 0,000000 0,000000
243 1675207948 1,200000 -1,000000 -101,000000 0,000000 0,000000
243 1675207949 1,200000 -1,000000 -101,000000 0,000000 0,000000
243 1675207950 1,200000 -1,000000 -101,000000 0,000000 0,000000
243 1675207951 1,200000 -1,000000 -101,000000 0,000000 0,000000
243 1675207952 1,200000 -1,000000 -101,000000 0,000000 0,000000
243 1675207953 1,200000 -1,000000 -101,000000 0,000000 0,000000
243 1675207954 0,800000 -1,000000 -101,000000 0,000000 0,000000
243 1675207955 0,800000 -1,000000 -101,000000 0,000000 0,000000
243 1675207956 0,800000 -1,000000 -101,000000 0,000000 0,000000
243 1675207957 0,800000 -1,000000 -101,000000 0,000000 0,000000
243 1675207958 0,800000 -1,000000 -101,000000 0,000000 0,000000
243 1675207959 0,600000 -1,000000 -101,000000 0,000000 0,000000
243 1675207960 0,600000 -1,000000 -101,000000 0,000000 0,000000
243 1675207961 0,600000 -1,000000 -101,000000 0,000000 0,000000
243 1675207962 0,600000 -1,000000 -101,000000 0,000000 0,000000
243 1675207963 0,600000 -1,000000 -101,000000 0,000000 0,000000
243 1675207964 1,200000 -1,000000 -101,000000 0,000000 0,000000
243 1675207965 1,200000 -1,000000 -101,000000 0,000000 0,000000
243 1675207966 1,200000 -1,000000 -101,000000 0,000000 0,000000
243 1675207967 1,200000 -1,000000 -101,000000 0,000000 0,000000
243 1675207968 1,200000 -1,000000 -101,000000 0,000000 0,000000
243 1675207969 0,600000 -1,000000 -101,000000 0,000000 0,000000
243 1675207970 0,600000 -1,000000 -101,000000 0,000000 0,000000
243 1675207971 0,600000 -1,000000 -101,000000 0,000000 0,000000
243 1675207972 0,600000 -1,000000 -101,000000 0,000000 0,000000
243 1675207973 0,600000 -1,000000 -101,000000 0,000000 0,000000
243 1675207974 1,000000 -1,000000 -101,000000 0,000000 0,000000
243 1675207975 1,000000 -1,000000 -101,000000 0,000000 0,000000
243 1675207976 1,000000 -1,000000 -101,000000 0,000000 0,000000
243 1675207977 1,000000 -1,000000 -101,000000 0,000000 0,000000
243 1675207978 1,000000 -1,000000 -101,000000 0,000000 0,000000
243 1675207979 1,200000 -1,000000 -101,000000 0,000000 0,000000
243 1675207980 1,200000 -1,000000 -101,000000 0,000000 0,000000
243 1675207981 1,200000 -1,000000 -101,000000 0,000000 0,000000
243 1675207982 1,200000 -1,000000 -101,000000 0,000000 0,000000
243 1675207983 1,200000 -1,000000 -101,000000 0,000000 0,000000
243 1675207989 0,400000 -1,000000 -101,000000 0,000000 0,000000
243 1675207990 0,400000 -1,000000 -101,000000 0,000000 0,000000
243 1675207991 0,400000 -1,000000 -101,000000 0,000000 0,000000
243 1675207992 0,400000 -1,000000 -101,000000 0,000000 0,000000
243 1675207993 0,400000 -1,000000 -101,000000 0,000000 0,000000
243 1675207994 0,400000 -1,000000 -101,000000 0,000000 0,000000
243 1675207995 0,400000 -1,000000 -101,000000 0,000000 0,000000
243 1675207996 0,400000 -1,000000 -101,000000 0,000000 0,000000
243 1675207997 0,400000 -1,000000 -101,000000 0,000000 0,000000
243 1675207998 0,400000 -1,000000 -101,000000 0,000000 0,000000
243 1675207999 0,400000 -1,000000 -101,000000 0,000000 0,000000
243 1675208000 0,400000 -1,000000 -101,000000 0,000000 0,000000
243 1675208001 0,400000 -1,000000 -101,000000 0,000000 0,000000
243 1675208002 0,400000 -1,000000 -101,000000 0,000000 0,000000
243 1675208003 0,400000 -1,000000 -101,000000 0,000000 0,000000
243 1675208004 0,800000 -1,000000 -101,000000 0,000000 0,000000
243 1675208005 0,800000 -1,000000 -101,000000 0,000000 0,000000
243 1675208006 0,800000 -1,000000 -101,000000 0,000000 0,000000
243 1675208007 0,800000 -1,000000 -101,000000 0,000000 0,000000
243 1675208008 0,800000 -1,000000 -101,000000 0,000000 0,000000
243 1675208009 1,200000 -1,000000 -101,000000 0,000000 0,000000
243 1675208010 1,200000 -1,000000 -101,000000 0,000000 0,000000
243 1675208011 1,200000 -1,000000 -101,000000 0,000000 0,000000
243 1675208012 1,200000 -1,000000 -101,000000 0,000000 0,000000
243 1675208013 1,200000 -1,000000 -101,000000 0,000000 0,000000
243 1675208014 1,800000 -1,000000 -101,000000 0,000000 0,000000
243 1675208015 1,800000 -1,000000 -101,000000 0,000000 0,000000
243 1675208016 1,800000 -1,000000 -101,000000 0,000000 0,000000
243 1675208017 1,800000 -1,000000 -101,000000 0,000000 0,000000
243 1675208018 1,800000 -1,000000 -101,000000 0,000000 0,000000
243 1675208019 1,400000 -1,000000 -101,000000 0,000000 0,000000
243 1675208020 1,400000 -1,000000 -101,000000 0,000000 0,000000
243 1675208021 1,400000 -1,000000 -101,000000 0,000000 0,000000
243 1675208022 1,400000 -1,000000 -101,000000 0,000000 0,000000
243 1675208023 1,400000 -1,000000 -101,000000 0,000000 0,000000
243 1675208024 1,400000 -1,000000 -101,000000 0,000000 0,000000
243 1675208025 1,400000 -1,000000 -101,000000 0,000000 0,000000
243 1675208026 1,400000 -1,000000 -101,000000 0,000000 0,000000
243 1675208027 1,400000 -1,000000 -101,000000 0,000000 0,000000
243 1675208028 1,400000 -1,000000 -101,000000 0,000000 0,000000
243 1675208029 2,000000 -1,000000 -101,000000 0,000000 0,000000
243 1675208030 2,000000 -1,000000 -101,000000 0,000000 0,000000
243 1675208031 2,000000 -1,000000 -101,000000 0,000000 0,000000
243 1675208032 2,000000 -1,000000 -101,000000 0,000000 0,000000
243 1675208033 2,000000 -1,000000 -101,000000 0,000000 0,000000
243 1675208034 0,600000 -1,000000 -101,000000 0,000000 0,000000
243 1675208035 0,600000 -1,000000 -101,000000 0,000000 0,000000
243 1675208036 0,600000 -1,000000 -101,000000 0,000000 0,000000
243 1675208037 0,600000 -1,000000 -101,000000 0,000000 0,000000
243 1675208038 0,600000 -1,000000 -101,000000 0,000000 0,000000
243 1675208039 1,200000 -1,000000 -101,000000 0,000000 0,000000
243 1675208040 1,200000 -1,000000 -101,000000 0,000000 0,000000
243 1675208041 1,200000 -1,000000 -101,000000 0,000000 0,000000
243 1675208042 1,200000 -1,000000 -101,000000 0,000000 0,000000
243 1675208043 1,200000 -1,000000 -101,000000 0,000000 0,000000
243 1675208044 0,800000 -1,000000 -101,000000 0,000000 0,000000
243 1675208045 0,800000 -1,000000 -101,000000 0,000000 0,000000
243 1675208046 0,800000 -1,000000 -101,000000 0,000000 0,000000
243 1675208047 0,800000 -1,000000 -101,000000 0,000000 0,000000
243 1675208048 0,800000 -1,000000 -101,000000 0,000000 0,000000
243 1675208049 1,200000 -1,000000 -101,000000 0,000000 0,000000
243 1675208050 1,200000 -1,000000 -101,000000 0,000000 0,000000
243 1675208051 1,200000 -1,000000 -101,000000 0,000000 0,000000
243 1675208052 1,200000 -1,000000 -101,000000 0,000000 0,000000
243 1675208053 1,200000 -1,000000 -101,000000 0,000000 0,000000
243 1675208054 2,000000 -1,000000 -101,000000 0,000000 0,000000
243 1675208055 2,000000 -1,000000 -101,000000 0,000000 0,000000
243 1675208056 2,000000 -1,000000 -101,000000 0,000000 0,000000
243 1675208057 2,000000 -1,000000 -101,000000 0,000000 0,000000
243 1675208058 2,000000 -1,000000 -101,000000 0,000000 0,000000
243 1675208059 0,200000 -1,000000 -101,000000 0,000000 0,000000
243 1675208060 0,200000 -1,000000 -101,000000 0,000000 0,000000
243 1675208061 0,200000 -1,000000 -101,000000 0,000000 0,000000
243 1675208062 0,200000 -1,000000 -101,000000 0,000000 0,000000
243 1675208063 0,200000 -1,000000 -101,000000 0,000000 0,000000
243 1675208064 0,600000 -1,000000 -101,000000 0,000000 0,000000
243 1675208065 0,600000 -1,000000 -101,000000 0,000000 0,000000
243 1675208066 0,600000 -1,000000 -101,000000 0,000000 0,000000
243 1675208067 0,600000 -1,000000 -101,000000 0,000000 0,000000
243 1675208068 0,600000 -1,000000 -101,000000 0,000000 0,000000
243 1675208069 0,600000 -1,000000 -101,000000 0,000000 0,000000
243 1675208070 0,600000 -1,000000 -101,000000 0,000000 0,000000
243 1675208071 0,600000 -1,000000 -101,000000 0,000000 0,000000
243 1675208072 0,600000 -1,000000 -101,000000 0,000000 0,000000
243 1675208073 0,600000 -1,000000 -101,000000 0,000000 0,000000
243 1675208074 0,800000 -1,000000 -101,000000 0,000000 0,000000
243 1675208075 0,800000 -1,000000 -101,000000 0,000000 0,000000
243 1675208076 0,800000 -1,000000 -101,000000 0,000000 0,000000
243 1675208077 0,800000 -1,000000 -101,000000 0,000000 0,000000
243 1675208078 0,800000 -1,000000 -101,000000 0,000000 0,000000
243 1675208079 0,800000 -1,000000 -101,000000 0,000000 0,000000
243 1675208080 0,800000 -1,000000 -101,000000 0,000000 0,000000
243 1675208081 0,800000 -1,000000 -101,000000 0,000000 0,000000
243 1675208082 0,800000 -1,000000 -101,000000 0,000000 0,000000
243 1675208083 0,800000 -1,000000 -101,000000 0,000000 0,000000
243 1675208084 0,800000 -1,000000 -101,000000 0,000000 0,000000
243 1675208085 0,800000 -1,000000 -101,000000 0,000000 0,000000
243 1675208086 0,800000 -1,000000 -101,000000 0,000000 0,000000
243 1675208087 0,800000 -1,000000 -101,000000 0,000000 0,000000
243 1675208088 0,800000 -1,000000 -101,000000 0,000000 0,000000
243 1675208089 1,400000 -1,000000 -101,000000 0,000000 0,000000
243 1675208090 1,400000 -1,000000 -101,000000 0,000000 0,000000
243 1675208091 1,400000 -1,000000 -101,000000 0,000000 0,000000
243 1675208092 1,400000 -1,000000 -101,000000 0,000000 0,000000
243 1675208093 1,400000 -1,000000 -101,000000 0,000000 0,000000
243 1675208094 1,200000 -1,000000 -101,000000 0,000000 0,000000
243 1675208095 1,200000 -1,000000 -101,000000 0,000000 0,000000
243 1675208096 1,200000 -1,000000 -101,000000 0,000000 0,000000
243 1675208097 1,200000 -1,000000 -101,000000 0,000000 0,000000
243 1675208098 1,200000 -1,000000 -101,000000 0,000000 0,000000
243 1675208099 1,600000 -1,000000 -101,000000 0,000000 0,000000
243 1675208100 1,600000 -1,000000 -101,000000 0,000000 0,000000
243 1675208101 1,600000 -1,000000 -101,000000 0,000000 0,000000
243 1675208102 1,600000 -1,000000 -101,000000 0,000000 0,000000
243 1675208103 1,600000 -1,000000 -101,000000 0,000000 0,000000
243 1675208104 0,800000 -1,000000 -101,000000 0,000000 0,000000
243 1675208105 0,800000 -1,000000 -101,000000 0,000000 0,000000
243 1675208106 0,800000 -1,000000 -101,000000 0,000000 0,000000
243 1675208107 0,800000 -1,000000 -101,000000 0,000000 0,000000
243 1675208108 0,800000 -1,000000 -101,000000 0,000000 0,000000
243 1675208109 1,000000 -1,000000 -101,000000 0,000000 0,000000
243 1675208110 1,000000 -1,000000 -101,000000 0,000000 0,000000
243 1675208111 1,000000 -1,000000 -101,000000 0,000000 0,000000
243 1675208112 1,000000 -1,000000 -101,000000 0,000000 0,000000
243 1675208113 1,000000 -1,000000 -101,000000 0,000000 0,000000
243 1675208114 1,000000 -1,000000 -101,000000 0,000000 0,000000
243 1675208115 1,000000 -1,000000 -101,000000 0,000000 0,000000
243 1675208116 1,000000 -1,000000 -101,000000 0,000000 0,000000
243 1675208117 1,000000 -1,000000 -101,000000 0,000000 0,000000
243 1675208118 1,000000 -1,000000 -101,000000 0,000000 0,000000
243 1675208119 1,400000 -1,000000 -101,000000 0,000000 0,000000
243 1675208120 1,400000 -1,000000 -101,000000 0,000000 0,000000
243 1675208121 1,400000 -1,000000 -101,000000 0,000000 0,000000
243 1675208122 1,400000 -1,000000 -101,000000 0,000000 0,000000
243 1675208123 1,400000 -1,000000 -101,000000 0,000000 0,000000
243 1675208124 0,800000 -1,000000 -101,000000 0,000000 0,000000
243 1675208125 0,800000 -1,000000 -101,000000 0,000000 0,000000
243 1675208126 0,800000 -1,000000 -101,000000 0,000000 0,000000
243 1675208127 0,800000 -1,000000 -101,000000 0,000000 0,000000
243 1675208128 0,800000 -1,000000 -101,000000 0,000000 0,000000
243 1675208129 1,600000 -1,000000 -101,000000 0,000000 0,000000
243 1675208130 1,600000 -1,000000 -101,000000 0,000000 0,000000
243 1675208131 1,600000 -1,000000 -101,000000 0,000000 0,000000
243 1675208132 1,600000 -1,000000 -101,000000 0,000000 0,000000
243 1675208133 1,600000 -1,000000 -101,000000 0,000000 0,000000
243 1675208134 0,400000 -1,000000 -101,000000 0,000000 0,000000
243 1675208135 0,400000 -1,000000 -101,000000 0,000000 0,000000
243 1675208136 0,400000 -1,000000 -101,000000 0,000000 0,000000
243 1675208137 0,400000 -1,000000 -101,000000 0,000000 0,000000
243 1675208138 0,400000 -1,000000 -101,000000 0,000000 0,000000
243 1675208139 0,200000 -1,000000 -101,000000 0,000000 0,000000
243 1675208140 0,200000 -1,000000 -101,000000 0,000000 0,000000
243 1675208141 0,200000 -1,000000 -101,000000 0,000000 0,000000
243 1675208142 0,200000 -1,000000 -101,000000 0,000000 0,000000
243 1675208143 0,200000 -1,000000 -101,000000 0,000000 0,000000
243 1675208144 0,600000 -1,000000 -101,000000 0,000000 0,000000
243 1675208145 0,600000 -1,000000 -101,000000 0,000000 0,000000
243 1675208146 0,600000 -1,000000 -101,000000 0,000000 0,000000
243 1675208147 0,600000 -1,000000 -101,000000 0,000000 0,000000
243 1675208148 0,600000 -1,000000 -101,000000 0,000000 0,000000
243 1675208149 1,000000 -1,000000 -101,000000 0,000000 0,000000
243 1675208150 1,000000 -1,000000 -101,000000 0,000000 0,000000
243 1675208151 1,000000 -1,000000 -101,000000 0,000000 0,000000
243 1675208152 1,000000 -1,000000 -101,000000 0,000000 0,000000
243 1675208153 1,000000 -1,000000 -101,000000 0,000000 0,000000
243 1675208154 0,400000 -1,000000 -101,000000 0,000000 0,000000
243 1675208155 0,400000 -1,000000 -101,000000 0,000000 0,000000
243 1675208156 0,400000 -1,000000 -101,000000 0,000000 0,000000
243 1675208157 0,400000 -1,000000 -101,000000 0,000000 0,000000
243 1675208158 0,400000 -1,000000 -101,000000 0,000000 0,000000
243 1675208159 0,600000 -1,000000 -101,000000 0,000000 0,000000
243 1675208160 0,600000 -1,000000 -101,000000 0,000000 0,000000
243 1675208161 0,600000 -1,000000 -101,000000 0,000000 0,000000
243 1675208162 0,600000 -1,000000 -101,000000 0,000000 0,000000
243 1675208163 0,600000 -1,000000 -101,000000 0,000000 0,000000
243 1675208164 1,400000 -1,000000 -101,000000 0,000000 0,000000
243 1675208165 1,400000 -1,000000 -101,000000 0,000000 0,000000
243 1675208166 1,400000 -1,000000 -101,000000 0,000000 0,000000
243 1675208167 1,400000 -1,000000 -101,000000 0,000000 0,000000
243 1675208168 1,400000 -1,000000 -101,000000 0,000000 0,000000
243 1675208169 0,200000 -1,000000 -101,000000 0,000000 0,000000
243 1675208170 0,200000 -1,000000 -101,000000 0,000000 0,000000
243 1675208171 0,200000 -1,000000 -101,000000 0,000000 0,000000
243 1675208172 0,200000 -1,000000 -101,000000 0,000000 0,000000
243 1675208173 0,200000 -1,000000 -101,000000 0,000000 0,000000
243 1675208174 0,800000 -1,000000 -101,000000 0,000000 0,000000
243 1675208175 0,800000 -1,000000 -101,000000 0,000000 0,000000
243 1675208176 0,800000 -1,000000 -101,000000 0,000000 0,000000
243 1675208177 0,800000 -1,000000 -101,000000 0,000000 0,000000
243 1675208178 0,800000 -1,000000 -101,000000 0,000000 0,000000
243 1675208179 0,400000 -1,000000 -101,000000 0,000000 0,000000
243 1675208180 0,400000 -1,000000 -101,000000 0,000000 0,000000
243 1675208181 0,400000 -1,000000 -101,000000 0,000000 0,000000
243 1675208182 0,400000 -1,000000 -101,000000 0,000000 0,000000
243 1675208183 0,400000 -1,000000 -101,000000 0,000000 0,000000
243 1675208184 0,400000 -1,000000 -101,000000 0,000000 0,000000
243 1675208185 0,400000 -1,000000 -101,000000 0,000000 0,000000
243 1675208186 0,400000 -1,000000 -101,000000 0,000000 0,000000
243 1675208187 0,400000 -1,000000 -101,000000 0,000000 0,000000
243 1675208188 0,400000 -1,000000 -101,000000 0,000000 0,000000
243 1675208189 1,200000 -1,000000 -101,000000 0,000000 0,000000
243 1675208190 1,200000 -1,000000 -101,000000 0,000000 0,000000
243 1675208191 1,200000 -1,000000 -101,000000 0,000000 0,000000
243 1675208192 1,200000 -1,000000 -101,000000 0,000000 0,000000
243 1675208193 1,200000 -1,000000 -101,000000 0,000000 0,000000
243 1675208194 0,600000 -1,000000 -101,000000 0,000000 0,000000
243 1675208195 0,600000 -1,000000 -101,000000 0,000000 0,000000
243 1675208196 0,600000 -1,000000 -101,000000 0,000000 0,000000
243 1675208197 0,600000 -1,000000 -101,000000 0,000000 0,000000
243 1675208198 0,600000 -1,000000 -101,000000 0,000000 0,000000
243 1675208199 0,400000 -1,000000 -101,000000 0,000000 0,000000
243 1675208200 0,400000 -1,000000 -101,000000 0,000000 0,000000
243 1675208201 0,400000 -1,000000 -101,000000 0,000000 0,000000
243 1675208202 0,400000 -1,000000 -101,000000 0,000000 0,000000
243 1675208203 0,400000 -1,000000 -101,000000 0,000000 0,000000
243 1675208204 0,600000 -1,000000 -101,000000 0,000000 0,000000
243 1675208205 0,600000 -1,000000 -101,000000 0,000000 0,000000
243 1675208206 0,600000 -1,000000 -101,000000 0,000000 0,000000
243 1675208207 0,600000 -1,000000 -101,000000 0,000000 0,000000
243 1675208208 0,600000 -1,000000 -101,000000 0,000000 0,000000
243 1675208209 0,600000 -1,000000 -101,000000 0,000000 0,000000
243 1675208210 0,600000 -1,000000 -101,000000 0,000000 0,000000
243 1675208211 0,600000 -1,000000 -101,000000 0,000000 0,000000
243 1675208212 0,600000 -1,000000 -101,000000 0,000000 0,000000
243 1675208213 0,600000 -1,000000 -101,000000 0,000000 0,000000
243 1675208214 1,200000 -1,000000 -101,000000 0,000000 0,000000
243 1675208215 1,200000 -1,000000 -101,000000 0,000000 0,000000
243 1675208216 1,200000 -1,000000 -101,000000 0,000000 0,000000
243 1675208217 1,200000 -1,000000 -101,000000 0,000000 0,000000
243 1675208218 1,200000 -1,000000 -101,000000 0,000000 0,000000
243 1675208219 1,000000 -1,000000 -101,000000 0,000000 0,000000
243 1675208220 1,000000 -1,000000 -101,000000 0,000000 0,000000
243 1675208221 1,000000 -1,000000 -101,000000 0,000000 0,000000
243 1675208222 1,000000 -1,000000 -101,000000 0,000000 0,000000
243 1675208223 1,000000 -1,000000 -101,000000 0,000000 0,000000
243 1675208224 0,800000 -1,000000 -101,000000 0,000000 0,000000
243 1675208225 0,800000 -1,000000 -101,000000 0,000000 0,000000
243 1675208226 0,800000 -1,000000 -101,000000 0,000000 0,000000
243 1675208227 0,800000 -1,000000 -101,000000 0,000000 0,000000
243 1675208228 0,800000 -1,000000 -101,000000 0,000000 0,000000
243 1675208229 0,600000 -1,000000 -101,000000 0,000000 0,000000
243 1675208230 0,600000 -1,000000 -101,000000 0,000000 0,000000
243 1675208231 0,600000 -1,000000 -101,000000 0,000000 0,000000
243 1675208232 0,600000 -1,000000 -101,000000 0,000000 0,000000
243 1675208233 0,600000 -1,000000 -101,000000 0,000000 0,000000
243 1675208234 0,200000 -1,000000 -101,000000 0,000000 0,000000
243 1675208235 0,200000 -1,000000 -101,000000 0,000000 0,000000
243 1675208236 0,200000 -1,000000 -101,000000 0,000000 0,000000
243 1675208237 0,200000 -1,000000 -101,000000 0,000000 0,000000
243 1675208238 0,200000 -1,000000 -101,000000 0,000000 0,000000
243 1675208239 0,400000 -1,000000 -101,000000 0,000000 0,000000
243 1675208240 0,400000 -1,000000 -101,000000 0,000000 0,000000
243 1675208241 0,400000 -1,000000 -101,000000 0,000000 0,000000
243 1675208242 0,400000 -1,000000 -101,000000 0,000000 0,000000
243 1675208243 0,400000 -1,000000 -101,000000 0,000000 0,000000
243 1675208244 0,400000 -1,000000 -101,000000 0,000000 0,000000
243 1675208245 0,400000 -1,000000 -101,000000 0,000000 0,000000
243 1675208246 0,400000 -1,000000 -101,000000 0,000000 0,000000
243 1675208247 0,400000 -1,000000 -101,000000 0,000000 0,000000
243 1675208248 0,400000 -1,000000 -101,000000 0,000000 0,000000
243 1675208249 1,200000 -1,000000 -101,000000 0,000000 0,000000
243 1675208250 1,200000 -1,000000 -101,000000 0,000000 0,000000
243 1675208251 1,200000 -1,000000 -101,000000 0,000000 0,000000
243 1675208252 1,200000 -1,000000 -101,000000 0,000000 0,000000
243 1675208253 1,200000 -1,000000 -101,000000 0,000000 0,000000
243 1675208254 0,800000 -1,000000 -101,000000 0,000000 0,000000
243 1675208255 0,800000 -1,000000 -101,000000 0,000000 0,000000
243 1675208256 0,800000 -1,000000 -101,000000 0,000000 0,000000
243 1675208257 0,800000 -1,000000 -101,000000 0,000000 0,000000
243 1675208258 0,800000 -1,000000 -101,000000 0,000000 0,000000
243 1675208264 0,800000 -1,000000 -101,000000 0,000000 0,000000
243 1675208265 0,800000 -1,000000 -101,000000 0,000000 0,000000
243 1675208266 0,800000 -1,000000 -101,000000 0,000000 0,000000
243 1675208267 0,800000 -1,000000 -101,000000 0,000000 0,000000
243 1675208268 0,800000 -1,000000 -101,000000 0,000000 0,000000
243 1675208269 0,600000 -1,000000 -101,000000 0,000000 0,000000
243 1675208270 0,600000 -1,000000 -101,000000 0,000000 0,000000
243 1675208271 0,600000 -1,000000 -101,000000 0,000000 0,000000
243 1675208272 0,600000 -1,000000 -101,000000 0,000000 0,000000
243 1675208273 0,600000 -1,000000 -101,000000 0,000000 0,000000
243 1675208274 1,600000 -1,000000 -101,000000 0,000000 0,000000
243 1675208275 1,600000 -1,000000 -101,000000 0,000000 0,000000
243 1675208276 1,600000 -1,000000 -101,000000 0,000000 0,000000
243 1675208277 1,600000 -1,000000 -101,000000 0,000000 0,000000
243 1675208278 1,600000 -1,000000 -101,000000 0,000000 0,000000
243 1675208279 1,400000 -1,000000 -101,000000 0,000000 0,000000
243 1675208280 1,400000 -1,000000 -101,000000 0,000000 0,000000
243 1675208281 1,400000 -1,000000 -101,000000 0,000000 0,000000
243 1675208282 1,400000 -1,000000 -101,000000 0,000000 0,000000
243 1675208283 1,400000 -1,000000 -101,000000 0,000000 0,000000
243 1675208284 1,200000 -1,000000 -101,000000 0,000000 0,000000
243 1675208285 1,200000 -1,000000 -101,000000 0,000000 0,000000
243 1675208286 1,200000 -1,000000 -101,000000 0,000000 0,000000
243 1675208287 1,200000 -1,000000 -101,000000 0,000000 0,000000
243 1675208288 1,200000 -1,000000 -101,000000 0,000000 0,000000
243 1675208289 0,600000 -1,000000 -101,000000 0,000000 0,000000
243 1675208290 0,600000 -1,000000 -101,000000 0,000000 0,000000
243 1675208291 0,600000 -1,000000 -101,000000 0,000000 0,000000
243 1675208292 0,600000 -1,000000 -101,000000 0,000000 0,000000
243 1675208293 0,600000 -1,000000 -101,000000 0,000000 0,000000
243 1675208294 1,000000 -1,000000 -101,000000 0,000000 0,000000
243 1675208295 1,000000 -1,000000 -101,000000 0,000000 0,000000
243 1675208296 1,000000 -1,000000 -101,000000 0,000000 0,000000
243 1675208297 1,000000 -1,000000 -101,000000 0,000000 0,000000
243 1675208298 1,000000 -1,000000 -101,000000 0,000000 0,000000
243 1675208299 1,400000 -1,000000 -101,000000 0,000000 0,000000
243 1675208300 1,400000 -1,000000 -101,000000 0,000000 0,000000
243 1675208301 1,400000 -1,000000 -101,000000 0,000000 0,000000
243 1675208302 1,400000 -1,000000 -101,000000 0,000000 0,000000
243 1675208303 1,400000 -1,000000 -101,000000 0,000000 0,000000
243 1675208304 0,400000 -1,000000 -101,000000 0,000000 0,000000
243 1675208305 0,400000 -1,000000 -101,000000 0,000000 0,000000
243 1675208306 0,400000 -1,000000 -101,000000 0,000000 0,000000
243 1675208307 0,400000 -1,000000 -101,000000 0,000000 0,000000
243 1675208308 0,400000 -1,000000 -101,000000 0,000000 0,000000
243 1675208309 0,800000 -1,000000 -101,000000 0,000000 0,000000
243 1675208310 0,800000 -1,000000 -101,000000 0,000000 0,000000
243 1675208311 0,800000 -1,000000 -101,000000 0,000000 0,000000
243 1675208312 0,800000 -1,000000 -101,000000 0,000000 0,000000
243 1675208313 0,800000 -1,000000 -101,000000 0,000000 0,000000
243 1675208314 1,000000 -1,000000 -101,000000 0,000000 0,000000
243 1675208315 1,000000 -1,000000 -101,000000 0,000000 0,000000
243 1675208316 1,000000 -1,000000 -101,000000 0,000000 0,000000
243 1675208317 1,000000 -1,000000 -101,000000 0,000000 0,000000
243 1675208318 1,000000 -1,000000 -101,000000 0,000000 0,000000
243 1675208319 1,800000 -1,000000 -101,000000 0,000000 0,000000
243 1675208320 1,800000 -1,000000 -101,000000 0,000000 0,000000
243 1675208321 1,800000 -1,000000 -101,000000 0,000000 0,000000
243 1675208322 1,800000 -1,000000 -101,000000 0,000000 0,000000
243 1675208323 1,800000 -1,000000 -101,000000 0,000000 0,000000
243 1675208324 1,800000 -1,000000 -101,000000 0,000000 0,000000
243 1675208325 1,800000 -1,000000 -101,000000 0,000000 0,000000
243 1675208326 1,800000 -1,000000 -101,000000 0,000000 0,000000
243 1675208327 1,800000 -1,000000 -101,000000 0,000000 0,000000
243 1675208328 1,800000 -1,000000 -101,000000 0,000000 0,000000
243 1675208329 1,600000 -1,000000 -101,000000 0,000000 0,000000
243 1675208330 1,600000 -1,000000 -101,000000 0,000000 0,000000
243 1675208331 1,600000 -1,000000 -101,000000 0,000000 0,000000
243 1675208332 1,600000 -1,000000 -101,000000 0,000000 0,000000
243 1675208333 1,600000 -1,000000 -101,000000 0,000000 0,000000
243 1675208334 0,600000 -1,000000 -101,000000 0,000000 0,000000
243 1675208335 0,600000 -1,000000 -101,000000 0,000000 0,000000
243 1675208336 0,600000 -1,000000 -101,000000 0,000000 0,000000
243 1675208337 0,600000 -1,000000 -101,000000 0,000000 0,000000
243 1675208338 0,600000 -1,000000 -101,000000 0,000000 0,000000
243 1675208339 1,800000 -1,000000 -101,000000 0,000000 0,000000
243 1675208340 1,800000 -1,000000 -101,000000 0,000000 0,000000
243 1675208341 1,800000 -1,000000 -101,000000 0,000000 0,000000
243 1675208342 1,800000 -1,000000 -101,000000 0,000000 0,000000
243 1675208343 1,800000 -1,000000 -101,000000 0,000000 0,000000
243 1675208344 0,600000 -1,000000 -101,000000 0,000000 0,000000
243 1675208345 0,600000 -1,000000 -101,000000 0,000000 0,000000
243 1675208346 0,600000 -1,000000 -101,000000 0,000000 0,000000
243 1675208347 0,600000 -1,000000 -101,000000 0,000000 0,000000
243 1675208348 0,600000 -1,000000 -101,000000 0,000000 0,000000
243 1675208349 1,000000 -1,000000 -101,000000 0,000000 0,000000
243 1675208350 1,000000 -1,000000 -101,000000 0,000000 0,000000
243 1675208351 1,000000 -1,000000 -101,000000 0,000000 0,000000
243 1675208352 1,000000 -1,000000 -101,000000 0,000000 0,000000
243 1675208353 1,000000 -1,000000 -101,000000 0,000000 0,000000
243 1675208354 0,800000 -1,000000 -101,000000 0,000000 0,000000
243 1675208355 0,800000 -1,000000 -101,000000 0,000000 0,000000
243 1675208356 0,800000 -1,000000 -101,000000 0,000000 0,000000
243 1675208357 0,800000 -1,000000 -101,000000 0,000000 0,000000
243 1675208358 0,800000 -1,000000 -101,000000 0,000000 0,000000
243 1675208359 0,200000 -1,000000 -101,000000 0,000000 0,000000
243 1675208360 0,200000 -1,000000 -101,000000 0,000000 0,000000
243 1675208361 0,200000 -1,000000 -101,000000 0,000000 0,000000
243 1675208362 0,200000 -1,000000 -101,000000 0,000000 0,000000
243 1675208363 0,200000 -1,000000 -101,000000 0,000000 0,000000
243 1675208364 0,400000 -1,000000 -101,000000 0,000000 0,000000
243 1675208365 0,400000 -1,000000 -101,000000 0,000000 0,000000
243 1675208366 0,400000 -1,000000 -101,000000 0,000000 0,000000
243 1675208367 0,400000 -1,000000 -101,000000 0,000000 0,000000
243 1675208368 0,400000 -1,000000 -101,000000 0,000000 0,000000
243 1675208369 0,400000 -1,000000 -101,000000 0,000000 0,000000
243 1675208370 0,400000 -1,000000 -101,000000 0,000000 0,000000
243 1675208371 0,400000 -1,000000 -101,000000 0,000000 0,000000
243 1675208372 0,400000 -1,000000 -101,000000 0,000000 0,000000
243 1675208373 0,400000 -1,000000 -101,000000 0,000000 0,000000
243 1675208374 1,200000 -1,000000 -101,000000 0,000000 0,000000
243 1675208375 1,200000 -1,000000 -101,000000 0,000000 0,000000
243 1675208376 1,200000 -1,000000 -101,000000 0,000000 0,000000
243 1675208377 1,200000 -1,000000 -101,000000 0,000000 0,000000
243 1675208378 1,200000 -1,000000 -101,000000 0,000000 0,000000
243 1675208379 0,800000 -1,000000 -101,000000 0,000000 0,000000
243 1675208380 0,800000 -1,000000 -101,000000 0,000000 0,000000
243 1675208381 0,800000 -1,000000 -101,000000 0,000000 0,000000
243 1675208382 0,800000 -1,000000 -101,000000 0,000000 0,000000
243 1675208383 0,800000 -1,000000 -101,000000 0,000000 0,000000
243 1675208384 1,600000 -1,000000 -101,000000 0,000000 0,000000
243 1675208385 1,600000 -1,000000 -101,000000 0,000000 0,000000
243 1675208386 1,600000 -1,000000 -101,000000 0,000000 0,000000
243 1675208387 1,600000 -1,000000 -101,000000 0,000000 0,000000
243 1675208388 1,600000 -1,000000 -101,000000 0,000000 0,000000
243 1675208389 0,800000 -1,000000 -101,000000 0,000000 0,000000
243 1675208390 0,800000 -1,000000 -101,000000 0,000000 0,000000
243 1675208391 0,800000 -1,000000 -101,000000 0,000000 0,000000
243 1675208392 0,800000 -1,000000 -101,000000 0,000000 0,000000
243 1675208393 0,800000 -1,000000 -101,000000 0,000000 0,000000
243 1675208394 1,000000 -1,000000 -101,000000 0,000000 0,000000
243 1675208395 1,000000 -1,000000 -101,000000 0,000000 0,000000
243 1675208396 1,000000 -1,000000 -101,000000 0,000000 0,000000
243 1675208397 1,000000 -1,000000 -101,000000 0,000000 0,000000
243 1675208398 1,000000 -1,000000 -101,000000 0,000000 0,000000
243 1675208399 2,000000 -1,000000 -101,000000 0,000000 0,000000
243 1675208400 2,000000 -1,000000 -101,000000 0,000000 0,000000
243 1675208401 2,000000 -1,000000 -101,000000 0,000000 0,000000
243 1675208402 2,000000 -1,000000 -101,000000 0,000000 0,000000
243 1675208403 2,000000 -1,000000 -101,000000 0,000000 0,000000
243 1675208404 0,800000 -1,000000 -101,000000 0,000000 0,000000
243 1675208405 0,800000 -1,000000 -101,000000 0,000000 0,000000
243 1675208406 0,800000 -1,000000 -101,000000 0,000000 0,000000
243 1675208407 0,800000 -1,000000 -101,000000 0,000000 0,000000
243 1675208408 0,800000 -1,000000 -101,000000 0,000000 0,000000
243 1675208409 1,000000 -1,000000 -101,000000 0,000000 0,000000
243 1675208410 1,000000 -1,000000 -101,000000 0,000000 0,000000
243 1675208411 1,000000 -1,000000 -101,000000 0,000000 0,000000
243 1675208412 1,000000 -1,000000 -101,000000 0,000000 0,000000
243 1675208413 1,000000 -1,000000 -101,000000 0,000000 0,000000
243 1675208414 1,200000 -1,000000 -101,000000 0,000000 0,000000
243 1675208415 1,200000 -1,000000 -101,000000 0,000000 0,000000
243 1675208416 1,200000 -1,000000 -101,000000 0,000000 0,000000
243 1675208417 1,200000 -1,000000 -101,000000 0,000000 0,000000
243 1675208418 1,200000 -1,000000 -101,000000 0,000000 0,000000
243 1675208419 1,000000 -1,000000 -101,000000 0,000000 0,000000
243 1675208420 1,000000 -1,000000 -101,000000 0,000000 0,000000
243 1675208421 1,000000 -1,000000 -101,000000 0,000000 0,000000
243 1675208422 1,000000 -1,000000 -101,000000 0,000000 0,000000
243 1675208423 1,000000 -1,000000 -101,000000 0,000000 0,000000
243 1675208424 0,800000 -1,000000 -101,000000 0,000000 0,000000
243 1675208425 0,800000 -1,000000 -101,000000 0,000000 0,000000
243 1675208426 0,800000 -1,000000 -101,000000 0,000000 0,000000
243 1675208427 0,800000 -1,000000 -101,000000 0,000000 0,000000
243 1675208428 0,800000 -1,000000 -101,000000 0,000000 0,000000
243 1675208429 1,600000 -1,000000 -101,000000 0,000000 0,000000
243 1675208430 1,600000 -1,000000 -101,000000 0,000000 0,000000
243 1675208431 1,600000 -1,000000 -101,000000 0,000000 0,000000
243 1675208432 1,600000 -1,000000 -101,000000 0,000000 0,000000
243 1675208433 1,600000 -1,000000 -101,000000 0,000000 0,000000
243 1675208434 0,600000 -1,000000 -101,000000 0,000000 0,000000
243 1675208435 0,600000 -1,000000 -101,000000 0,000000 0,000000
243 1675208436 0,600000 -1,000000 -101,000000 0,000000 0,000000
243 1675208437 0,600000 -1,000000 -101,000000 0,000000 0,000000
243 1675208438 0,600000 -1,000000 -101,000000 0,000000 0,000000
243 1675208439 0,800000 -1,000000 -101,000000 0,000000 0,000000
243 1675208440 0,800000 -1,000000 -101,000000 0,000000 0,000000
243 1675208441 0,800000 -1,000000 -101,000000 0,000000 0,000000
243 1675208442 0,800000 -1,000000 -101,000000 0,000000 0,000000
243 1675208443 0,800000 -1,000000 -101,000000 0,000000 0,000000
243 1675208444 0,800000 -1,000000 -101,000000 0,000000 0,000000
243 1675208445 0,800000 -1,000000 -101,000000 0,000000 0,000000
243 1675208446 0,800000 -1,000000 -101,000000 0,000000 0,000000
243 1675208447 0,800000 -1,000000 -101,000000 0,000000 0,000000
243 1675208448 0,800000 -1,000000 -101,000000 0,000000 0,000000
243 1675208449 0,600000 -1,000000 -101,000000 0,000000 0,000000
243 1675208450 0,600000 -1,000000 -101,000000 0,000000 0,000000
243 1675208451 0,600000 -1,000000 -101,000000 0,000000 0,000000
243 1675208452 0,600000 -1,000000 -101,000000 0,000000 0,000000
243 1675208453 0,600000 -1,000000 -101,000000 0,000000 0,000000
243 1675208454 0,200000 -1,000000 -101,000000 0,000000 0,000000
243 1675208455 0,200000 -1,000000 -101,000000 0,000000 0,000000
243 1675208456 0,200000 -1,000000 -101,000000 0,000000 0,000000
243 1675208457 0,200000 -1,000000 -101,000000 0,000000 0,000000
243 1675208458 0,200000 -1,000000 -101,000000 0,000000 0,000000
243 1675208459 0,400000 -1,000000 -101,000000 0,000000 0,000000
243 1675208460 0,400000 -1,000000 -101,000000 0,000000 0,000000
243 1675208461 0,400000 -1,000000 -101,000000 0,000000 0,000000
243 1675208462 0,400000 -1,000000 -101,000000 0,000000 0,000000
243 1675208463 0,400000 -1,000000 -101,000000 0,000000 0,000000
243 1675208464 0,600000 -1,000000 -101,000000 0,000000 0,000000
243 1675208465 0,600000 -1,000000 -101,000000 0,000000 0,000000
243 1675208466 0,600000 -1,000000 -101,000000 0,000000 0,000000
243 1675208467 0,600000 -1,000000 -101,000000 0,000000 0,000000
243 1675208468 0,600000 -1,000000 -101,000000 0,000000 0,000000
243 1675208469 0,600000 -1,000000 -101,000000 0,000000 0,000000
243 1675208470 0,600000 -1,000000 -101,000000 0,000000 0,000000
243 1675208471 0,600000 -1,000000 -101,000000 0,000000 0,000000
243 1675208472 0,600000 -1,000000 -101,000000 0,000000 0,000000
243 1675208473 0,600000 -1,000000 -101,000000 0,000000 0,000000
243 1675208474 1,600000 -1,000000 -101,000000 0,000000 0,000000
243 1675208475 1,600000 -1,000000 -101,000000 0,000000 0,000000
243 1675208476 1,600000 -1,000000 -101,000000 0,000000 0,000000
243 1675208477 1,600000 -1,000000 -101,000000 0,000000 0,000000
243 1675208478 1,600000 -1,000000 -101,000000 0,000000 0,000000
243 1675208479 0,400000 -1,000000 -101,000000 0,000000 0,000000
243 1675208480 0,400000 -1,000000 -101,000000 0,000000 0,000000
243 1675208481 0,400000 -1,000000 -101,000000 0,000000 0,000000
243 1675208482 0,400000 -1,000000 -101,000000 0,000000 0,000000
243 1675208483 0,400000 -1,000000 -101,000000 0,000000 0,000000
243 1675208484 0,400000 -1,000000 -101,000000 0,000000 0,000000
243 1675208485 0,400000 -1,000000 -101,000000 0,000000 0,000000
243 1675208486 0,400000 -1,000000 -101,000000 0,000000 0,000000
243 1675208487 0,400000 -1,000000 -101,000000 0,000000 0,000000
243 1675208488 0,400000 -1,000000 -101,000000 0,000000 0,000000
243 1675208489 1,200000 -1,000000 -101,000000 0,000000 0,000000
243 1675208490 1,200000 -1,000000 -101,000000 0,000000 0,000000
243 1675208491 1,200000 -1,000000 -101,000000 0,000000 0,000000
243 1675208492 1,200000 -1,000000 -101,000000 0,000000 0,000000
243 1675208493 1,200000 -1,000000 -101,000000 0,000000 0,000000
243 1675208494 1,000000 -1,000000 -101,000000 0,000000 0,000000
243 1675208495 1,000000 -1,000000 -101,000000 0,000000 0,000000
243 1675208496 1,000000 -1,000000 -101,000000 0,000000 0,000000
243 1675208497 1,000000 -1,000000 -101,000000 0,000000 0,000000
243 1675208498 1,000000 -1,000000 -101,000000 0,000000 0,000000
243 1675208499 0,600000 -1,000000 -101,000000 0,000000 0,000000
243 1675208500 0,600000 -1,000000 -101,000000 0,000000 0,000000
243 1675208501 0,600000 -1,000000 -101,000000 0,000000 0,000000
243 1675208502 0,600000 -1,000000 -101,000000 0,000000 0,000000
243 1675208503 0,600000 -1,000000 -101,000000 0,000000 0,000000
243 1675208504 0,800000 -1,000000 -101,000000 0,000000 0,000000
243 1675208505 0,800000 -1,000000 -101,000000 0,000000 0,000000
243 1675208506 0,800000 -1,000000 -101,000000 0,000000 0,000000
243 1675208507 0,800000 -1,000000 -101,000000 0,000000 0,000000
243 1675208508 0,800000 -1,000000 -101,000000 0,000000 0,000000
243 1675208509 0,800000 -1,000000 -101,000000 0,000000 0,000000
243 1675208510 0,800000 -1,000000 -101,000000 0,000000 0,000000
243 1675208511 0,800000 -1,000000 -101,000000 0,000000 0,000000
243 1675208512 0,800000 -1,000000 -101,000000 0,000000 0,000000
243 1675208513 0,800000 -1,000000 -101,000000 0,000000 0,000000
243 1675208514 1,000000 -1,000000 -101,000000 0,000000 0,000000
243 1675208515 1,000000 -1,000000 -101,000000 0,000000 0,000000
243 1675208516 1,000000 -1,000000 -101,000000 0,000000 0,000000
243 1675208517 1,000000 -1,000000 -101,000000 0,000000 0,000000
243 1675208518 1,000000 -1,000000 -101,000000 0,000000 0,000000
243 1675208519 1,200000 -1,000000 -101,000000 0,000000 0,000000
243 1675208520 1,200000 -1,000000 -101,000000 0,000000 0,000000
243 1675208521 1,200000 -1,000000 -101,000000 0,000000 0,000000
243 1675208522 1,200000 -1,000000 -101,000000 0,000000 0,000000
243 1675208523 1,200000 -1,000000 -101,000000 0,000000 0,000000
243 1675208524 1,200000 -1,000000 -101,000000 0,000000 0,000000
243 1675208525 1,200000 -1,000000 -101,000000 0,000000 0,000000
243 1675208526 1,200000 -1,000000 -101,000000 0,000000 0,000000
243 1675208527 1,200000 -1,000000 -101,000000 0,000000 0,000000
243 1675208528 1,200000 -1,000000 -101,000000 0,000000 0,000000
243 1675208529 1,400000 -1,000000 -101,000000 0,000000 0,000000
243 1675208530 1,400000 -1,000000 -101,000000 0,000000 0,000000
243 1675208531 1,400000 -1,000000 -101,000000 0,000000 0,000000
243 1675208532 1,400000 -1,000000 -101,000000 0,000000 0,000000
243 1675208533 1,400000 -1,000000 -101,000000 0,000000 0,000000
243 1675208534 0,800000 -1,000000 -101,000000 0,000000 0,000000
243 1675208535 0,800000 -1,000000 -101,000000 0,000000 0,000000
243 1675208536 0,800000 -1,000000 -101,000000 0,000000 0,000000
243 1675208537 0,800000 -1,000000 -101,000000 0,000000 0,000000
243 1675208538 0,800000 -1,000000 -101,000000 0,000000 0,000000
243 1675208539 0,400000 -1,000000 -101,000000 0,000000 0,000000
243 1675208540 0,400000 -1,000000 -101,000000 0,000000 0,000000
243 1675208541 0,400000 -1,000000 -101,000000 0,000000 0,000000
243 1675208542 0,400000 -1,000000 -101,000000 0,000000 0,000000
243 1675208543 0,400000 -1,000000 -101,000000 0,000000 0,000000
243 1675208544 0,400000 -1,000000 -101,000000 0,000000 0,000000
243 1675208545 0,400000 -1,000000 -101,000000 0,000000 0,000000
243 1675208546 0,400000 -1,000000 -101,000000 0,000000 0,000000
243 1675208547 0,400000 -1,000000 -101,000000 0,000000 0,000000
243 1675208548 0,400000 -1,000000 -101,000000 0,000000 0,000000
243 1675208549 1,200000 -1,000000 -101,000000 0,000000 0,000000
243 1675208550 1,200000 -1,000000 -101,000000 0,000000 0,000000
243 1675208551 1,200000 -1,000000 -101,000000 0,000000 0,000000
243 1675208552 1,200000 -1,000000 -101,000000 0,000000 0,000000
243 1675208553 1,200000 -1,000000 -101,000000 0,000000 0,000000
243 1675208554 0,600000 -1,000000 -101,000000 0,000000 0,000000
243 1675208555 0,600000 -1,000000 -101,000000 0,000000 0,000000
243 1675208556 0,600000 -1,000000 -101,000000 0,000000 0,000000
243 1675208557 0,600000 -1,000000 -101,000000 0,000000 0,000000
243 1675208558 0,600000 -1,000000 -101,000000 0,000000 0,000000
243 1675208559 0,600000 -1,000000 -101,000000 0,000000 0,000000
243 1675208560 0,600000 -1,000000 -101,000000 0,000000 0,000000
243 1675208561 0,600000 -1,000000 -101,000000 0,000000 0,000000
243 1675208562 0,600000 -1,000000 -101,000000 0,000000 0,000000
243 1675208563 0,600000 -1,000000 -101,000000 0,000000 0,000000
243 1675208564 1,200000 -1,000000 -101,000000 0,000000 0,000000
243 1675208565 1,200000 -1,000000 -101,000000 0,000000 0,000000
243 1675208566 1,200000 -1,000000 -101,000000 0,000000 0,000000
243 1675208567 1,200000 -1,000000 -101,000000 0,000000 0,000000
243 1675208568 1,200000 -1,000000 -101,000000 0,000000 0,000000
243 1675208569 0,600000 -1,000000 -101,000000 0,000000 0,000000
243 1675208570 0,600000 -1,000000 -101,000000 0,000000 0,000000
243 1675208571 0,600000 -1,000000 -101,000000 0,000000 0,000000
243 1675208572 0,600000 -1,000000 -101,000000 0,000000 0,000000
243 1675208573 0,600000 -1,000000 -101,000000 0,000000 0,000000
243 1675208574 0,600000 -1,000000 -101,000000 0,000000 0,000000
243 1675208575 0,600000 -1,000000 -101,000000 0,000000 0,000000
243 1675208576 0,600000 -1,000000 -101,000000 0,000000 0,000000
243 1675208577 0,600000 -1,000000 -101,000000 0,000000 0,000000
243 1675208578 0,600000 -1,000000 -101,000000 0,000000 0,000000
243 1675208579 0,800000 -1,000000 -101,000000 0,000000 0,000000
243 1675208580 0,800000 -1,000000 -101,000000 0,000000 0,000000
243 1675208581 0,800000 -1,000000 -101,000000 0,000000 0,000000
243 1675208582 0,800000 -1,000000 -101,000000 0,000000 0,000000
243 1675208583 0,800000 -1,000000 -101,000000 0,000000 0,000000
243 1675208584 1,200000 -1,000000 -101,000000 0,000000 0,000000
243 1675208585 1,200000 -1,000000 -101,000000 0,000000 0,000000
243 1675208586 1,200000 -1,000000 -101,000000 0,000000 0,000000
243 1675208587 1,200000 -1,000000 -101,000000 0,000000 0,000000
243 1675208588 1,200000 -1,000000 -101,000000 0,000000 0,000000
243 1675208589 0,600000 -1,000000 -101,000000 0,000000 0,000000
243 1675208590 0,600000 -1,000000 -101,000000 0,000000 0,000000
243 1675208591 0,600000 -1,000000 -101,000000 0,000000 0,000000
243 1675208592 0,600000 -1,000000 -101,000000 0,000000 0,000000
243 1675208593 0,600000 -1,000000 -101,000000 0,000000 0,000000
243 1675208594 0,600000 -1,000000 -101,000000 0,000000 0,000000
243 1675208595 0,600000 -1,000000 -101,000000 0,000000 0,000000
243 1675208596 0,600000 -1,000000 -101,000000 0,000000 0,000000
243 1675208597 0,600000 -1,000000 -101,000000 0,000000 0,000000
243 1675208598 0,600000 -1,000000 -101,000000 0,000000 0,000000
243 1675208599 1,200000 -1,000000 -101,000000 0,000000 0,000000
243 1675208600 1,200000 -1,000000 -101,000000 0,000000 0,000000
243 1675208601 1,200000 -1,000000 -101,000000 0,000000 0,000000
243 1675208602 1,200000 -1,000000 -101,000000 0,000000 0,000000
243 1675208603 1,200000 -1,000000 -101,000000 0,000000 0,000000
243 1675208604 1,600000 -1,000000 -101,000000 0,000000 0,000000
243 1675208605 1,600000 -1,000000 -101,000000 0,000000 0,000000
243 1675208606 1,600000 -1,000000 -101,000000 0,000000 0,000000
243 1675208607 1,600000 -1,000000 -101,000000 0,000000 0,000000
243 1675208608 1,600000 -1,000000 -101,000000 0,000000 0,000000
243 1675208609 1,200000 -1,000000 -101,000000 0,000000 0,000000
243 1675208610 1,200000 -1,000000 -101,000000 0,000000 0,000000
243 1675208611 1,200000 -1,000000 -101,000000 0,000000 0,000000
