272 1675207199 145,200000 -1,000000 -101,000000 0,000000 0,000000
272 1675207200 145,200000 -1,000000 -101,000000 0,000000 0,000000
272 1675207201 145,200000 -1,000000 -101,000000 0,000000 0,000000
272 1675207202 145,200000 -1,000000 -101,000000 0,000000 0,000000
272 1675207203 145,200000 -1,000000 -101,000000 0,000000 0,000000
272 1675207204 1084,400000 -1,000000 -101,000000 0,000000 0,000000
272 1675207205 1084,400000 -1,000000 -101,000000 0,000000 0,000000
272 1675207206 1084,400000 -1,000000 -101,000000 0,000000 0,000000
272 1675207207 1084,400000 -1,000000 -101,000000 0,000000 0,000000
272 1675207208 1084,400000 -1,000000 -101,000000 0,000000 0,000000
272 1675207209 3066,000000 -1,000000 -101,000000 0,000000 0,000000
272 1675207210 3066,000000 -1,000000 -101,000000 0,000000 0,000000
272 1675207211 3066,000000 -1,000000 -101,000000 0,000000 0,000000
272 1675207212 3066,000000 -1,000000 -101,000000 0,000000 0,000000
272 1675207213 3066,000000 -1,000000 -101,000000 0,000000 0,000000
272 1675207214 589,200000 -1,000000 -101,000000 0,000000 0,000000
272 1675207215 589,200000 -1,000000 -101,000000 0,000000 0,000000
272 1675207216 589,200000 -1,000000 -101,000000 0,000000 0,000000
272 1675207217 589,200000 -1,000000 -101,000000 0,000000 0,000000
272 1675207218 589,200000 -1,000000 -101,000000 0,000000 0,000000
272 1675207219 1084,000000 -1,000000 -101,000000 0,000000 0,000000
272 1675207220 1084,000000 -1,000000 -101,000000 0,000000 0,000000
272 1675207221 1084,000000 -1,000000 -101,000000 0,000000 0,000000
272 1675207222 1084,000000 -1,000000 -101,000000 0,000000 0,000000
272 1675207223 1084,000000 -1,000000 -101,000000 0,000000 0,000000
272 1675207224 1570,800000 -1,000000 -101,000000 0,000000 0,000000
272 1675207225 1570,800000 -1,000000 -101,000000 0,000000 0,000000
272 1675207226 1570,800000 -1,000000 -101,000000 0,000000 0,000000
272 1675207227 1570,800000 -1,000000 -101,000000 0,000000 0,000000
272 1675207228 1570,800000 -1,000000 -101,000000 0,000000 0,000000
272 1675207229 15962,200000 -1,000000 -101,000000 0,000000 0,000000
272 1675207230 15962,200000 -1,000000 -101,000000 0,000000 0,000000
272 1675207231 15962,200000 -1,000000 -101,000000 0,000000 0,000000
272 1675207232 15962,200000 -1,000000 -101,000000 0,000000 0,000000
272 1675207233 15962,200000 -1,000000 -101,000000 0,000000 0,000000
272 1675207234 15457,600000 -1,000000 -101,000000 0,000000 0,000000
272 1675207235 15457,600000 -1,000000 -101,000000 0,000000 0,000000
272 1675207236 15457,600000 -1,000000 -101,000000 0,000000 0,000000
272 1675207237 15457,600000 -1,000000 -101,000000 0,000000 0,000000
272 1675207238 15457,600000 -1,000000 -101,000000 0,000000 0,000000
272 1675207239 1571,000000 -1,000000 -101,000000 0,000000 0,000000
272 1675207240 1571,000000 -1,000000 -101,000000 0,000000 0,000000
272 1675207241 1571,000000 -1,000000 -101,000000 0,000000 0,000000
272 1675207242 1571,000000 -1,000000 -101,000000 0,000000 0,000000
272 1675207243 1571,000000 -1,000000 -101,000000 0,000000 0,000000
272 1675207244 2036,400000 -1,000000 -101,000000 0,000000 0,000000
272 1675207245 2036,400000 -1,000000 -101,000000 0,000000 0,000000
272 1675207246 2036,400000 -1,000000 -101,000000 0,000000 0,000000
272 1675207247 2036,400000 -1,000000 -101,000000 0,000000 0,000000
272 1675207248 2036,400000 -1,000000 -101,000000 0,000000 0,000000
272 1675207249 2930,000000 -1,000000 -101,000000 0,000000 0,000000
272 1675207250 2930,000000 -1,000000 -101,000000 0,000000 0,000000
272 1675207251 2930,000000 -1,000000 -101,000000 0,000000 0,000000
272 1675207252 2930,000000 -1,000000 -101,000000 0,000000 0,000000
272 1675207253 2930,000000 -1,000000 -101,000000 0,000000 0,000000
272 1675207254 2167,600000 -1,000000 -101,000000 0,000000 0,000000
272 1675207255 2167,600000 -1,000000 -101,000000 0,000000 0,000000
272 1675207256 2167,600000 -1,000000 -101,000000 0,000000 0,000000
272 1675207257 2167,600000 -1,000000 -101,000000 0,000000 0,000000
272 1675207258 2167,600000 -1,000000 -101,000000 0,000000 0,000000
272 1675207259 4165,200000 -1,000000 -101,000000 0,000000 0,000000
272 1675207260 4165,200000 -1,000000 -101,000000 0,000000 0,000000
272 1675207261 4165,200000 -1,000000 -101,000000 0,000000 0,000000
272 1675207262 4165,200000 -1,000000 -101,000000 0,000000 0,000000
272 1675207263 4165,200000 -1,000000 -101,000000 0,000000 0,000000
272 1675207264 3891,000000 -1,000000 -101,000000 0,000000 0,000000
272 1675207265 3891,000000 -1,000000 -101,000000 0,000000 0,000000
272 1675207266 3891,000000 -1,000000 -101,000000 0,000000 0,000000
272 1675207267 3891,000000 -1,000000 -101,000000 0,000000 0,000000
272 1675207268 3891,000000 -1,000000 -101,000000 0,000000 0,000000
272 1675207269 2943,400000 -1,000000 -101,000000 0,000000 0,000000
272 1675207270 2943,400000 -1,000000 -101,000000 0,000000 0,000000
272 1675207271 2943,400000 -1,000000 -101,000000 0,000000 0,000000
272 1675207272 2943,400000 -1,000000 -101,000000 0,000000 0,000000
272 1675207273 2943,400000 -1,000000 -101,000000 0,000000 0,000000
272 1675207274 4532,400000 -1,000000 -101,000000 0,000000 0,000000
272 1675207275 4532,400000 -1,000000 -101,000000 0,000000 0,000000
272 1675207276 4532,400000 -1,000000 -101,000000 0,000000 0,000000
272 1675207277 4532,400000 -1,000000 -101,000000 0,000000 0,000000
272 1675207278 4532,400000 -1,000000 -101,000000 0,000000 0,000000
272 1675207279 14982,800000 -1,000000 -101,000000 0,000000 0,000000
272 1675207280 14982,800000 -1,000000 -101,000000 0,000000 0,000000
272 1675207281 14982,800000 -1,000000 -101,000000 0,000000 0,000000
272 1675207282 14982,800000 -1,000000 -101,000000 0,000000 0,000000
272 1675207283 14982,800000 -1,000000 -101,000000 0,000000 0,000000
272 1675207284 16631,600000 -1,000000 -101,000000 0,000000 0,000000
272 1675207285 16631,600000 -1,000000 -101,000000 0,000000 0,000000
272 1675207286 16631,600000 -1,000000 -101,000000 0,000000 0,000000
272 1675207287 16631,600000 -1,000000 -101,000000 0,000000 0,000000
272 1675207288 16631,600000 -1,000000 -101,000000 0,000000 0,000000
272 1675207289 17676,400000 -1,000000 -101,000000 0,000000 0,000000
272 1675207290 17676,400000 -1,000000 -101,000000 0,000000 0,000000
272 1675207291 17676,400000 -1,000000 -101,000000 0,000000 0,000000
272 1675207292 17676,400000 -1,000000 -101,000000 0,000000 0,000000
272 1675207293 17676,400000 -1,000000 -101,000000 0,000000 0,000000
272 1675207294 1681,800000 -1,000000 -101,000000 0,000000 0,000000
272 1675207295 1681,800000 -1,000000 -101,000000 0,000000 0,000000
272 1675207296 1681,800000 -1,000000 -101,000000 0,000000 0,000000
272 1675207297 1681,800000 -1,000000 -101,000000 0,000000 0,000000
272 1675207298 1681,800000 -1,000000 -101,000000 0,000000 0,000000
272 1675207299 3620,800000 -1,000000 -101,000000 0,000000 0,000000
272 1675207300 3620,800000 -1,000000 -101,000000 0,000000 0,000000
272 1675207301 3620,800000 -1,000000 -101,000000 0,000000 0,000000
272 1675207302 3620,800000 -1,000000 -101,000000 0,000000 0,000000
272 1675207303 3620,800000 -1,000000 -101,000000 0,000000 0,000000
272 1675207304 589,200000 -1,000000 -101,000000 0,000000 0,000000
272 1675207305 589,200000 -1,000000 -101,000000 0,000000 0,000000
272 1675207306 589,200000 -1,000000 -101,000000 0,000000 0,000000
272 1675207307 589,200000 -1,000000 -101,000000 0,000000 0,000000
272 1675207308 589,200000 -1,000000 -101,000000 0,000000 0,000000
272 1675207309 3251,400000 -1,000000 -101,000000 0,000000 0,000000
272 1675207310 3251,400000 -1,000000 -101,000000 0,000000 0,000000
272 1675207311 3251,400000 -1,000000 -101,000000 0,000000 0,000000
272 1675207312 3251,400000 -1,000000 -101,000000 0,000000 0,000000
272 1675207313 3251,400000 -1,000000 -101,000000 0,000000 0,000000
272 1675207314 4226,000000 -1,000000 -101,000000 0,000000 0,000000
272 1675207315 4226,000000 -1,000000 -101,000000 0,000000 0,000000
272 1675207316 4226,000000 -1,000000 -101,000000 0,000000 0,000000
272 1675207317 4226,000000 -1,000000 -101,000000 0,000000 0,000000
272 1675207318 4226,000000 -1,000000 -101,000000 0,000000 0,000000
272 1675207319 21984,800000 -1,000000 -101,000000 0,000000 0,000000
272 1675207320 21984,800000 -1,000000 -101,000000 0,000000 0,000000
272 1675207321 21984,800000 -1,000000 -101,000000 0,000000 0,000000
272 1675207322 21984,800000 -1,000000 -101,000000 0,000000 0,000000
272 1675207323 21984,800000 -1,000000 -101,000000 0,000000 0,000000
272 1675207324 21641,000000 -1,000000 -101,000000 0,000000 0,000000
272 1675207325 21641,000000 -1,000000 -101,000000 0,000000 0,000000
272 1675207326 21641,000000 -1,000000 -101,000000 0,000000 0,000000
272 1675207327 21641,000000 -1,000000 -101,000000 0,000000 0,000000
272 1675207328 21641,000000 -1,000000 -101,000000 0,000000 0,000000
272 1675207329 13314,400000 -1,000000 -101,000000 0,000000 0,000000
272 1675207330 13314,400000 -1,000000 -101,000000 0,000000 0,000000
272 1675207331 13314,400000 -1,000000 -101,000000 0,000000 0,000000
272 1675207332 13314,400000 -1,000000 -101,000000 0,000000 0,000000
272 1675207333 13314,400000 -1,000000 -101,000000 0,000000 0,000000
272 1675207334 11791,800000 -1,000000 -101,000000 0,000000 0,000000
272 1675207335 11791,800000 -1,000000 -101,000000 0,000000 0,000000
272 1675207336 11791,800000 -1,000000 -101,000000 0,000000 0,000000
272 1675207337 11791,800000 -1,000000 -101,000000 0,000000 0,000000
272 1675207338 11791,800000 -1,000000 -101,000000 0,000000 0,000000
272 1675207339 3483,000000 -1,000000 -101,000000 0,000000 0,000000
272 1675207340 3483,000000 -1,000000 -101,000000 0,000000 0,000000
272 1675207341 3483,000000 -1,000000 -101,000000 0,000000 0,000000
272 1675207342 3483,000000 -1,000000 -101,000000 0,000000 0,000000
272 1675207343 3483,000000 -1,000000 -101,000000 0,000000 0,000000
272 1675207344 24111,600000 -1,000000 -101,000000 0,000000 0,000000
272 1675207345 24111,600000 -1,000000 -101,000000 0,000000 0,000000
272 1675207346 24111,600000 -1,000000 -101,000000 0,000000 0,000000
272 1675207347 24111,600000 -1,000000 -101,000000 0,000000 0,000000
272 1675207348 24111,600000 -1,000000 -101,000000 0,000000 0,000000
272 1675207349 5048,400000 -1,000000 -101,000000 0,000000 0,000000
272 1675207350 5048,400000 -1,000000 -101,000000 0,000000 0,000000
272 1675207351 5048,400000 -1,000000 -101,000000 0,000000 0,000000
272 1675207352 5048,400000 -1,000000 -101,000000 0,000000 0,000000
272 1675207353 5048,400000 -1,000000 -101,000000 0,000000 0,000000
272 1675207354 15973,600000 -1,000000 -101,000000 0,000000 0,000000
272 1675207355 15973,600000 -1,000000 -101,000000 0,000000 0,000000
272 1675207356 15973,600000 -1,000000 -101,000000 0,000000 0,000000
272 1675207357 15973,600000 -1,000000 -101,000000 0,000000 0,000000
272 1675207358 15973,600000 -1,000000 -101,000000 0,000000 0,000000
272 1675207359 5658,800000 -1,000000 -101,000000 0,000000 0,000000
272 1675207360 5658,800000 -1,000000 -101,000000 0,000000 0,000000
272 1675207361 5658,800000 -1,000000 -101,000000 0,000000 0,000000
272 1675207362 5658,800000 -1,000000 -101,000000 0,000000 0,000000
272 1675207363 5658,800000 -1,000000 -101,000000 0,000000 0,000000
272 1675207364 1364,600000 -1,000000 -101,000000 0,000000 0,000000
272 1675207365 1364,600000 -1,000000 -101,000000 0,000000 0,000000
272 1675207366 1364,600000 -1,000000 -101,000000 0,000000 0,000000
272 1675207367 1364,600000 -1,000000 -101,000000 0,000000 0,000000
272 1675207368 1364,600000 -1,000000 -101,000000 0,000000 0,000000
272 1675207369 1682,800000 -1,000000 -101,000000 0,000000 0,000000
272 1675207370 1682,800000 -1,000000 -101,000000 0,000000 0,000000
272 1675207371 1682,800000 -1,000000 -101,000000 0,000000 0,000000
272 1675207372 1682,800000 -1,000000 -101,000000 0,000000 0,000000
272 1675207373 1682,800000 -1,000000 -101,000000 0,000000 0,000000
272 1675207374 5790,400000 -1,000000 -101,000000 0,000000 0,000000
272 1675207375 5790,400000 -1,000000 -101,000000 0,000000 0,000000
272 1675207376 5790,400000 -1,000000 -101,000000 0,000000 0,000000
272 1675207377 5790,400000 -1,000000 -101,000000 0,000000 0,000000
272 1675207378 5790,400000 -1,000000 -101,000000 0,000000 0,000000
272 1675207379 3431,000000 -1,000000 -101,000000 0,000000 0,000000
272 1675207380 3431,000000 -1,000000 -101,000000 0,000000 0,000000
272 1675207381 3431,000000 -1,000000 -101,000000 0,000000 0,000000
272 1675207382 3431,000000 -1,000000 -101,000000 0,000000 0,000000
272 1675207383 3431,000000 -1,000000 -101,000000 0,000000 0,000000
272 1675207384 7805,400000 -1,000000 -101,000000 0,000000 0,000000
272 1675207385 7805,400000 -1,000000 -101,000000 0,000000 0,000000
272 1675207386 7805,400000 -1,000000 -101,000000 0,000000 0,000000
272 1675207387 7805,400000 -1,000000 -101,000000 0,000000 0,000000
272 1675207388 7805,400000 -1,000000 -101,000000 0,000000 0,000000
272 1675207389 2633,000000 -1,000000 -101,000000 0,000000 0,000000
272 1675207390 2633,000000 -1,000000 -101,000000 0,000000 0,000000
272 1675207391 2633,000000 -1,000000 -101,000000 0,000000 0,000000
272 1675207392 2633,000000 -1,000000 -101,000000 0,000000 0,000000
272 1675207393 2633,000000 -1,000000 -101,000000 0,000000 0,000000
272 1675207394 5906,400000 -1,000000 -101,000000 0,000000 0,000000
272 1675207395 5906,400000 -1,000000 -101,000000 0,000000 0,000000
272 1675207396 5906,400000 -1,000000 -101,000000 0,000000 0,000000
272 1675207397 5906,400000 -1,000000 -101,000000 0,000000 0,000000
272 1675207398 5906,400000 -1,000000 -101,000000 0,000000 0,000000
272 1675207399 15978,000000 -1,000000 -101,000000 0,000000 0,000000
272 1675207400 15978,000000 -1,000000 -101,000000 0,000000 0,000000
272 1675207401 15978,000000 -1,000000 -101,000000 0,000000 0,000000
272 1675207402 15978,000000 -1,000000 -101,000000 0,000000 0,000000
272 1675207403 15978,000000 -1,000000 -101,000000 0,000000 0,000000
272 1675207404 17078,200000 -1,000000 -101,000000 0,000000 0,000000
272 1675207405 17078,200000 -1,000000 -101,000000 0,000000 0,000000
272 1675207406 17078,200000 -1,000000 -101,000000 0,000000 0,000000
272 1675207407 17078,200000 -1,000000 -101,000000 0,000000 0,000000
272 1675207408 17078,200000 -1,000000 -101,000000 0,000000 0,000000
272 1675207409 13643,600000 -1,000000 -101,000000 0,000000 0,000000
272 1675207410 13643,600000 -1,000000 -101,000000 0,000000 0,000000
272 1675207411 13643,600000 -1,000000 -101,000000 0,000000 0,000000
272 1675207412 13643,600000 -1,000000 -101,000000 0,000000 0,000000
272 1675207413 13643,600000 -1,000000 -101,000000 0,000000 0,000000
272 1675207414 4583,000000 -1,000000 -101,000000 0,000000 0,000000
272 1675207415 4583,000000 -1,000000 -101,000000 0,000000 0,000000
272 1675207416 4583,000000 -1,000000 -101,000000 0,000000 0,000000
272 1675207417 4583,000000 -1,000000 -101,000000 0,000000 0,000000
272 1675207418 4583,000000 -1,000000 -101,000000 0,000000 0,000000
272 1675207419 23221,800000 -1,000000 -101,000000 0,000000 0,000000
272 1675207420 23221,800000 -1,000000 -101,000000 0,000000 0,000000
272 1675207421 23221,800000 -1,000000 -101,000000 0,000000 0,000000
272 1675207422 23221,800000 -1,000000 -101,000000 0,000000 0,000000
272 1675207423 23221,800000 -1,000000 -101,000000 0,000000 0,000000
272 1675207424 13015,200000 -1,000000 -101,000000 0,000000 0,000000
272 1675207425 13015,200000 -1,000000 -101,000000 0,000000 0,000000
272 1675207426 13015,200000 -1,000000 -101,000000 0,000000 0,000000
272 1675207427 13015,200000 -1,000000 -101,000000 0,000000 0,000000
272 1675207428 13015,200000 -1,000000 -101,000000 0,000000 0,000000
272 1675207429 13280,800000 -1,000000 -101,000000 0,000000 0,000000
272 1675207430 13280,800000 -1,000000 -101,000000 0,000000 0,000000
272 1675207431 13280,800000 -1,000000 -101,000000 0,000000 0,000000
272 1675207432 13280,800000 -1,000000 -101,000000 0,000000 0,000000
272 1675207433 13280,800000 -1,000000 -101,000000 0,000000 0,000000
272 1675207434 14659,600000 -1,000000 -101,000000 0,000000 0,000000
272 1675207435 14659,600000 -1,000000 -101,000000 0,000000 0,000000
272 1675207436 14659,600000 -1,000000 -101,000000 0,000000 0,000000
272 1675207437 14659,600000 -1,000000 -101,000000 0,000000 0,000000
272 1675207438 14659,600000 -1,000000 -101,000000 0,000000 0,000000
272 1675207439 3715,200000 -1,000000 -101,000000 0,000000 0,000000
272 1675207440 3715,200000 -1,000000 -101,000000 0,000000 0,000000
272 1675207441 3715,200000 -1,000000 -101,000000 0,000000 0,000000
272 1675207442 3715,200000 -1,000000 -101,000000 0,000000 0,000000
272 1675207443 3715,200000 -1,000000 -101,000000 0,000000 0,000000
272 1675207444 6855,600000 -1,000000 -101,000000 0,000000 0,000000
272 1675207445 6855,600000 -1,000000 -101,000000 0,000000 0,000000
272 1675207446 6855,600000 -1,000000 -101,000000 0,000000 0,000000
272 1675207447 6855,600000 -1,000000 -101,000000 0,000000 0,000000
272 1675207448 6855,600000 -1,000000 -101,000000 0,000000 0,000000
272 1675207449 5481,600000 -1,000000 -101,000000 0,000000 0,000000
272 1675207450 5481,600000 -1,000000 -101,000000 0,000000 0,000000
272 1675207451 5481,600000 -1,000000 -101,000000 0,000000 0,000000
272 1675207452 5481,600000 -1,000000 -101,000000 0,000000 0,000000
272 1675207453 5481,600000 -1,000000 -101,000000 0,000000 0,000000
272 1675207454 2902,000000 -1,000000 -101,000000 0,000000 0,000000
272 1675207455 2902,000000 -1,000000 -101,000000 0,000000 0,000000
272 1675207456 2902,000000 -1,000000 -101,000000 0,000000 0,000000
272 1675207457 2902,000000 -1,000000 -101,000000 0,000000 0,000000
272 1675207458 2902,000000 -1,000000 -101,000000 0,000000 0,000000
272 1675207459 1429,400000 -1,000000 -101,000000 0,000000 0,000000
272 1675207460 1429,400000 -1,000000 -101,000000 0,000000 0,000000
272 1675207461 1429,400000 -1,000000 -101,000000 0,000000 0,000000
272 1675207462 1429,400000 -1,000000 -101,000000 0,000000 0,000000
272 1675207463 1429,400000 -1,000000 -101,000000 0,000000 0,000000
272 1675207464 1898,400000 -1,000000 -101,000000 0,000000 0,000000
272 1675207465 1898,400000 -1,000000 -101,000000 0,000000 0,000000
272 1675207466 1898,400000 -1,000000 -101,000000 0,000000 0,000000
272 1675207467 1898,400000 -1,000000 -101,000000 0,000000 0,000000
272 1675207468 1898,400000 -1,000000 -101,000000 0,000000 0,000000
272 1675207469 14501,200000 -1,000000 -101,000000 0,000000 0,000000
272 1675207470 14501,200000 -1,000000 -101,000000 0,000000 0,000000
272 1675207471 14501,200000 -1,000000 -101,000000 0,000000 0,000000
272 1675207472 14501,200000 -1,000000 -101,000000 0,000000 0,000000
272 1675207473 14501,200000 -1,000000 -101,000000 0,000000 0,000000
272 1675207474 1623,000000 -1,000000 -101,000000 0,000000 0,000000
272 1675207475 1623,000000 -1,000000 -101,000000 0,000000 0,000000
272 1675207476 1623,000000 -1,000000 -101,000000 0,000000 0,000000
272 1675207477 1623,000000 -1,000000 -101,000000 0,000000 0,000000
272 1675207478 1623,000000 -1,000000 -101,000000 0,000000 0,000000
272 1675207489 1084,000000 -1,000000 -101,000000 0,000000 0,000000
272 1675207490 1084,000000 -1,000000 -101,000000 0,000000 0,000000
272 1675207491 1084,000000 -1,000000 -101,000000 0,000000 0,000000
272 1675207492 1084,000000 -1,000000 -101,000000 0,000000 0,000000
272 1675207493 1084,000000 -1,000000 -101,000000 0,000000 0,000000
272 1675207494 1570,800000 -1,000000 -101,000000 0,000000 0,000000
272 1675207495 1570,800000 -1,000000 -101,000000 0,000000 0,000000
272 1675207496 1570,800000 -1,000000 -101,000000 0,000000 0,000000
272 1675207497 1570,800000 -1,000000 -101,000000 0,000000 0,000000
272 1675207498 1570,800000 -1,000000 -101,000000 0,000000 0,000000
272 1675207499 6371,200000 -1,000000 -101,000000 0,000000 0,000000
272 1675207500 6371,200000 -1,000000 -101,000000 0,000000 0,000000
272 1675207501 6371,200000 -1,000000 -101,000000 0,000000 0,000000
272 1675207502 6371,200000 -1,000000 -101,000000 0,000000 0,000000
272 1675207503 6371,200000 -1,000000 -101,000000 0,000000 0,000000
272 1675207504 7925,200000 -1,000000 -101,000000 0,000000 0,000000
272 1675207505 7925,200000 -1,000000 -101,000000 0,000000 0,000000
272 1675207506 7925,200000 -1,000000 -101,000000 0,000000 0,000000
272 1675207507 7925,200000 -1,000000 -101,000000 0,000000 0,000000
272 1675207508 7925,200000 -1,000000 -101,000000 0,000000 0,000000
272 1675207509 19284,400000 -1,000000 -101,000000 0,000000 0,000000
272 1675207510 19284,400000 -1,000000 -101,000000 0,000000 0,000000
272 1675207511 19284,400000 -1,000000 -101,000000 0,000000 0,000000
272 1675207512 19284,400000 -1,000000 -101,000000 0,000000 0,000000
272 1675207513 19284,400000 -1,000000 -101,000000 0,000000 0,000000
272 1675207514 5604,400000 -1,000000 -101,000000 0,000000 0,000000
272 1675207515 5604,400000 -1,000000 -101,000000 0,000000 0,000000
272 1675207516 5604,400000 -1,000000 -101,000000 0,000000 0,000000
272 1675207517 5604,400000 -1,000000 -101,000000 0,000000 0,000000
272 1675207518 5604,400000 -1,000000 -101,000000 0,000000 0,000000
272 1675207519 15821,800000 -1,000000 -101,000000 0,000000 0,000000
272 1675207520 15821,800000 -1,000000 -101,000000 0,000000 0,000000
272 1675207521 15821,800000 -1,000000 -101,000000 0,000000 0,000000
272 1675207522 15821,800000 -1,000000 -101,000000 0,000000 0,000000
272 1675207523 15821,800000 -1,000000 -101,000000 0,000000 0,000000
272 1675207524 15184,400000 -1,000000 -101,000000 0,000000 0,000000
272 1675207525 15184,400000 -1,000000 -101,000000 0,000000 0,000000
272 1675207526 15184,400000 -1,000000 -101,000000 0,000000 0,000000
272 1675207527 15184,400000 -1,000000 -101,000000 0,000000 0,000000
272 1675207528 15184,400000 -1,000000 -101,000000 0,000000 0,000000
272 1675207529 30108,800000 -1,000000 -101,000000 0,000000 0,000000
272 1675207530 30108,800000 -1,000000 -101,000000 0,000000 0,000000
272 1675207531 30108,800000 -1,000000 -101,000000 0,000000 0,000000
272 1675207532 30108,800000 -1,000000 -101,000000 0,000000 0,000000
272 1675207533 30108,800000 -1,000000 -101,000000 0,000000 0,000000
272 1675207534 1710,200000 -1,000000 -101,000000 0,000000 0,000000
272 1675207535 1710,200000 -1,000000 -101,000000 0,000000 0,000000
272 1675207536 1710,200000 -1,000000 -101,000000 0,000000 0,000000
272 1675207537 1710,200000 -1,000000 -101,000000 0,000000 0,000000
272 1675207538 1710,200000 -1,000000 -101,000000 0,000000 0,000000
272 1675207539 1901,000000 -1,000000 -101,000000 0,000000 0,000000
272 1675207540 1901,000000 -1,000000 -101,000000 0,000000 0,000000
272 1675207541 1901,000000 -1,000000 -101,000000 0,000000 0,000000
272 1675207542 1901,000000 -1,000000 -101,000000 0,000000 0,000000
272 1675207543 1901,000000 -1,000000 -101,000000 0,000000 0,000000
272 1675207544 17566,600000 -1,000000 -101,000000 0,000000 0,000000
272 1675207545 17566,600000 -1,000000 -101,000000 0,000000 0,000000
272 1675207546 17566,600000 -1,000000 -101,000000 0,000000 0,000000
272 1675207547 17566,600000 -1,000000 -101,000000 0,000000 0,000000
272 1675207548 17566,600000 -1,000000 -101,000000 0,000000 0,000000
272 1675207549 2592,800000 -1,000000 -101,000000 0,000000 0,000000
272 1675207550 2592,800000 -1,000000 -101,000000 0,000000 0,000000
272 1675207551 2592,800000 -1,000000 -101,000000 0,000000 0,000000
272 1675207552 2592,800000 -1,000000 -101,000000 0,000000 0,000000
272 1675207553 2592,800000 -1,000000 -101,000000 0,000000 0,000000
272 1675207554 773,400000 -1,000000 -101,000000 0,000000 0,000000
272 1675207555 773,400000 -1,000000 -101,000000 0,000000 0,000000
272 1675207556 773,400000 -1,000000 -101,000000 0,000000 0,000000
272 1675207557 773,400000 -1,000000 -101,000000 0,000000 0,000000
272 1675207558 773,400000 -1,000000 -101,000000 0,000000 0,000000
272 1675207559 2767,800000 -1,000000 -101,000000 0,000000 0,000000
272 1675207560 2767,800000 -1,000000 -101,000000 0,000000 0,000000
272 1675207561 2767,800000 -1,000000 -101,000000 0,000000 0,000000
272 1675207562 2767,800000 -1,000000 -101,000000 0,000000 0,000000
272 1675207563 2767,800000 -1,000000 -101,000000 0,000000 0,000000
272 1675207564 3213,400000 -1,000000 -101,000000 0,000000 0,000000
272 1675207565 3213,400000 -1,000000 -101,000000 0,000000 0,000000
272 1675207566 3213,400000 -1,000000 -101,000000 0,000000 0,000000
272 1675207567 3213,400000 -1,000000 -101,000000 0,000000 0,000000
272 1675207568 3213,400000 -1,000000 -101,000000 0,000000 0,000000
272 1675207569 5180,400000 -1,000000 -101,000000 0,000000 0,000000
272 1675207570 5180,400000 -1,000000 -101,000000 0,000000 0,000000
272 1675207571 5180,400000 -1,000000 -101,000000 0,000000 0,000000
272 1675207572 5180,400000 -1,000000 -101,000000 0,000000 0,000000
272 1675207573 5180,400000 -1,000000 -101,000000 0,000000 0,000000
272 1675207574 7014,400000 -1,000000 -101,000000 0,000000 0,000000
272 1675207575 7014,400000 -1,000000 -101,000000 0,000000 0,000000
272 1675207576 7014,400000 -1,000000 -101,000000 0,000000 0,000000
272 1675207577 7014,400000 -1,000000 -101,000000 0,000000 0,000000
272 1675207578 7014,400000 -1,000000 -101,000000 0,000000 0,000000
272 1675207579 4582,800000 -1,000000 -101,000000 0,000000 0,000000
272 1675207580 4582,800000 -1,000000 -101,000000 0,000000 0,000000
272 1675207581 4582,800000 -1,000000 -101,000000 0,000000 0,000000
272 1675207582 4582,800000 -1,000000 -101,000000 0,000000 0,000000
272 1675207583 4582,800000 -1,000000 -101,000000 0,000000 0,000000
272 1675207584 8087,400000 -1,000000 -101,000000 0,000000 0,000000
272 1675207585 8087,400000 -1,000000 -101,000000 0,000000 0,000000
272 1675207586 8087,400000 -1,000000 -101,000000 0,000000 0,000000
272 1675207587 8087,400000 -1,000000 -101,000000 0,000000 0,000000
272 1675207588 8087,400000 -1,000000 -101,000000 0,000000 0,000000
272 1675207589 13370,600000 -1,000000 -101,000000 0,000000 0,000000
272 1675207590 13370,600000 -1,000000 -101,000000 0,000000 0,000000
272 1675207591 13370,600000 -1,000000 -101,000000 0,000000 0,000000
272 1675207592 13370,600000 -1,000000 -101,000000 0,000000 0,000000
272 1675207593 13370,600000 -1,000000 -101,000000 0,000000 0,000000
272 1675207594 16008,000000 -1,000000 -101,000000 0,000000 0,000000
272 1675207595 16008,000000 -1,000000 -101,000000 0,000000 0,000000
272 1675207596 16008,000000 -1,000000 -101,000000 0,000000 0,000000
272 1675207597 16008,000000 -1,000000 -101,000000 0,000000 0,000000
272 1675207598 16008,000000 -1,000000 -101,000000 0,000000 0,000000
272 1675207599 5035,000000 -1,000000 -101,000000 0,000000 0,000000
272 1675207600 5035,000000 -1,000000 -101,000000 0,000000 0,000000
272 1675207601 5035,000000 -1,000000 -101,000000 0,000000 0,000000
272 1675207602 5035,000000 -1,000000 -101,000000 0,000000 0,000000
272 1675207603 5035,000000 -1,000000 -101,000000 0,000000 0,000000
272 1675207604 10770,400000 -1,000000 -101,000000 0,000000 0,000000
272 1675207605 10770,400000 -1,000000 -101,000000 0,000000 0,000000
272 1675207606 10770,400000 -1,000000 -101,000000 0,000000 0,000000
272 1675207607 10770,400000 -1,000000 -101,000000 0,000000 0,000000
272 1675207608 10770,400000 -1,000000 -101,000000 0,000000 0,000000
272 1675207609 2725,000000 -1,000000 -101,000000 0,000000 0,000000
272 1675207610 2725,000000 -1,000000 -101,000000 0,000000 0,000000
272 1675207611 2725,000000 -1,000000 -101,000000 0,000000 0,000000
272 1675207612 2725,000000 -1,000000 -101,000000 0,000000 0,000000
272 1675207613 2725,000000 -1,000000 -101,000000 0,000000 0,000000
272 1675207614 4226,400000 -1,000000 -101,000000 0,000000 0,000000
272 1675207615 4226,400000 -1,000000 -101,000000 0,000000 0,000000
272 1675207616 4226,400000 -1,000000 -101,000000 0,000000 0,000000
272 1675207617 4226,400000 -1,000000 -101,000000 0,000000 0,000000
272 1675207618 4226,400000 -1,000000 -101,000000 0,000000 0,000000
272 1675207619 20649,400000 -1,000000 -101,000000 0,000000 0,000000
272 1675207620 20649,400000 -1,000000 -101,000000 0,000000 0,000000
272 1675207621 20649,400000 -1,000000 -101,000000 0,000000 0,000000
272 1675207622 20649,400000 -1,000000 -101,000000 0,000000 0,000000
272 1675207623 20649,400000 -1,000000 -101,000000 0,000000 0,000000
272 1675207624 19238,400000 -1,000000 -101,000000 0,000000 0,000000
272 1675207625 19238,400000 -1,000000 -101,000000 0,000000 0,000000
272 1675207626 19238,400000 -1,000000 -101,000000 0,000000 0,000000
272 1675207627 19238,400000 -1,000000 -101,000000 0,000000 0,000000
272 1675207628 19238,400000 -1,000000 -101,000000 0,000000 0,000000
272 1675207629 17281,000000 -1,000000 -101,000000 0,000000 0,000000
272 1675207630 17281,000000 -1,000000 -101,000000 0,000000 0,000000
272 1675207631 17281,000000 -1,000000 -101,000000 0,000000 0,000000
272 1675207632 17281,000000 -1,000000 -101,000000 0,000000 0,000000
272 1675207633 17281,000000 -1,000000 -101,000000 0,000000 0,000000
272 1675207634 17526,800000 -1,000000 -101,000000 0,000000 0,000000
272 1675207635 17526,800000 -1,000000 -101,000000 0,000000 0,000000
272 1675207636 17526,800000 -1,000000 -101,000000 0,000000 0,000000
272 1675207637 17526,800000 -1,000000 -101,000000 0,000000 0,000000
272 1675207638 17526,800000 -1,000000 -101,000000 0,000000 0,000000
272 1675207639 4751,600000 -1,000000 -101,000000 0,000000 0,000000
272 1675207640 4751,600000 -1,000000 -101,000000 0,000000 0,000000
272 1675207641 4751,600000 -1,000000 -101,000000 0,000000 0,000000
272 1675207642 4751,600000 -1,000000 -101,000000 0,000000 0,000000
272 1675207643 4751,600000 -1,000000 -101,000000 0,000000 0,000000
272 1675207644 4803,400000 -1,000000 -101,000000 0,000000 0,000000
272 1675207645 4803,400000 -1,000000 -101,000000 0,000000 0,000000
272 1675207646 4803,400000 -1,000000 -101,000000 0,000000 0,000000
272 1675207647 4803,400000 -1,000000 -101,000000 0,000000 0,000000
272 1675207648 4803,400000 -1,000000 -101,000000 0,000000 0,000000
272 1675207649 4437,200000 -1,000000 -101,000000 0,000000 0,000000
272 1675207650 4437,200000 -1,000000 -101,000000 0,000000 0,000000
272 1675207651 4437,200000 -1,000000 -101,000000 0,000000 0,000000
272 1675207652 4437,200000 -1,000000 -101,000000 0,000000 0,000000
272 1675207653 4437,200000 -1,000000 -101,000000 0,000000 0,000000
272 1675207654 24687,600000 -1,000000 -101,000000 0,000000 0,000000
272 1675207655 24687,600000 -1,000000 -101,000000 0,000000 0,000000
272 1675207656 24687,600000 -1,000000 -101,000000 0,000000 0,000000
272 1675207657 24687,600000 -1,000000 -101,000000 0,000000 0,000000
272 1675207658 24687,600000 -1,000000 -101,000000 0,000000 0,000000
272 1675207659 6565,800000 -1,000000 -101,000000 0,000000 0,000000
272 1675207660 6565,800000 -1,000000 -101,000000 0,000000 0,000000
272 1675207661 6565,800000 -1,000000 -101,000000 0,000000 0,000000
272 1675207662 6565,800000 -1,000000 -101,000000 0,000000 0,000000
272 1675207663 6565,800000 -1,000000 -101,000000 0,000000 0,000000
272 1675207664 18858,800000 -1,000000 -101,000000 0,000000 0,000000
272 1675207665 18858,800000 -1,000000 -101,000000 0,000000 0,000000
272 1675207666 18858,800000 -1,000000 -101,000000 0,000000 0,000000
272 1675207667 18858,800000 -1,000000 -101,000000 0,000000 0,000000
272 1675207668 18858,800000 -1,000000 -101,000000 0,000000 0,000000
272 1675207669 2409,200000 -1,000000 -101,000000 0,000000 0,000000
272 1675207670 2409,200000 -1,000000 -101,000000 0,000000 0,000000
272 1675207671 2409,200000 -1,000000 -101,000000 0,000000 0,000000
272 1675207672 2409,200000 -1,000000 -101,000000 0,000000 0,000000
272 1675207673 2409,200000 -1,000000 -101,000000 0,000000 0,000000
272 1675207674 3663,800000 -1,000000 -101,000000 0,000000 0,000000
272 1675207675 3663,800000 -1,000000 -101,000000 0,000000 0,000000
272 1675207676 3663,800000 -1,000000 -101,000000 0,000000 0,000000
272 1675207677 3663,800000 -1,000000 -101,000000 0,000000 0,000000
272 1675207678 3663,800000 -1,000000 -101,000000 0,000000 0,000000
272 1675207679 1145,400000 -1,000000 -101,000000 0,000000 0,000000
272 1675207680 1145,400000 -1,000000 -101,000000 0,000000 0,000000
272 1675207681 1145,400000 -1,000000 -101,000000 0,000000 0,000000
272 1675207682 1145,400000 -1,000000 -101,000000 0,000000 0,000000
272 1675207683 1145,400000 -1,000000 -101,000000 0,000000 0,000000
272 1675207684 2166,200000 -1,000000 -101,000000 0,000000 0,000000
272 1675207685 2166,200000 -1,000000 -101,000000 0,000000 0,000000
272 1675207686 2166,200000 -1,000000 -101,000000 0,000000 0,000000
272 1675207687 2166,200000 -1,000000 -101,000000 0,000000 0,000000
272 1675207688 2166,200000 -1,000000 -101,000000 0,000000 0,000000
272 1675207689 4227,400000 -1,000000 -101,000000 0,000000 0,000000
272 1675207690 4227,400000 -1,000000 -101,000000 0,000000 0,000000
272 1675207691 4227,400000 -1,000000 -101,000000 0,000000 0,000000
272 1675207692 4227,400000 -1,000000 -101,000000 0,000000 0,000000
272 1675207693 4227,400000 -1,000000 -101,000000 0,000000 0,000000
272 1675207694 5643,600000 -1,000000 -101,000000 0,000000 0,000000
272 1675207695 5643,600000 -1,000000 -101,000000 0,000000 0,000000
272 1675207696 5643,600000 -1,000000 -101,000000 0,000000 0,000000
272 1675207697 5643,600000 -1,000000 -101,000000 0,000000 0,000000
272 1675207698 5643,600000 -1,000000 -101,000000 0,000000 0,000000
272 1675207699 4667,800000 -1,000000 -101,000000 0,000000 0,000000
272 1675207700 4667,800000 -1,000000 -101,000000 0,000000 0,000000
272 1675207701 4667,800000 -1,000000 -101,000000 0,000000 0,000000
272 1675207702 4667,800000 -1,000000 -101,000000 0,000000 0,000000
272 1675207703 4667,800000 -1,000000 -101,000000 0,000000 0,000000
272 1675207704 3540,800000 -1,000000 -101,000000 0,000000 0,000000
272 1675207705 3540,800000 -1,000000 -101,000000 0,000000 0,000000
272 1675207706 3540,800000 -1,000000 -101,000000 0,000000 0,000000
272 1675207707 3540,800000 -1,000000 -101,000000 0,000000 0,000000
272 1675207708 3540,800000 -1,000000 -101,000000 0,000000 0,000000
272 1675207768 4030,400000 -1,000000 4030,400000 4030,400000 3248824,832000
272 1675207767 4030,400000 -1,000000 4030,400000 4030,400000 3248824,832000
272 1675207766 4030,400000 -1,000000 4030,400000 4030,400000 3248824,832000
272 1675207765 4030,400000 -1,000000 4030,400000 4030,400000 3248824,832000
272 1675207764 4030,400000 -1,000000 4030,400000 4030,400000 3248824,832000
272 1675207763 5458,200000 -1,000000 5458,200000 5458,200000 5958389,448000
272 1675207762 5458,200000 -1,000000 5458,200000 5458,200000 5958389,448000
272 1675207761 5458,200000 -1,000000 5458,200000 5458,200000 5958389,448000
272 1675207760 5458,200000 -1,000000 5458,200000 5458,200000 5958389,448000
272 1675207759 5458,200000 -1,000000 5458,200000 5458,200000 5958389,448000
272 1675207758 4452,400000 -1,000000 4452,400000 4452,400000 3964773,152000
272 1675207757 4452,400000 -1,000000 4452,400000 4452,400000 3964773,152000
272 1675207756 4452,400000 -1,000000 4452,400000 4452,400000 3964773,152000
272 1675207755 4452,400000 -1,000000 4452,400000 4452,400000 3964773,152000
272 1675207754 4452,400000 -1,000000 4452,400000 4452,400000 3964773,152000
272 1675207753 6318,800000 -1,000000 6318,800000 6318,800000 7985446,688000
272 1675207752 6318,800000 -1,000000 6318,800000 6318,800000 7985446,688000
272 1675207751 6318,800000 -1,000000 6318,800000 6318,800000 7985446,688000
272 1675207750 6318,800000 -1,000000 6318,800000 6318,800000 7985446,688000
272 1675207749 6318,800000 -1,000000 6318,800000 6318,800000 7985446,688000
272 1675207748 2943,200000 -1,000000 2943,200000 2943,200000 1732485,248000
272 1675207747 2943,200000 -1,000000 2943,200000 2943,200000 1732485,248000
272 1675207746 2943,200000 -1,000000 2943,200000 2943,200000 1732485,248000
272 1675207745 2943,200000 -1,000000 2943,200000 2943,200000 1732485,248000
272 1675207744 2943,200000 -1,000000 2943,200000 2943,200000 1732485,248000
272 1675207743 2625,600000 -1,000000 2625,600000 2625,600000 1378755,072000
272 1675207742 2625,600000 -1,000000 2625,600000 2625,600000 1378755,072000
272 1675207741 2625,600000 -1,000000 2625,600000 2625,600000 1378755,072000
272 1675207740 2625,600000 -1,000000 2625,600000 2625,600000 1378755,072000
272 1675207739 2625,600000 -1,000000 2625,600000 2625,600000 1378755,072000
272 1675207738 20035,600000 -1,000000 20035,600000 20035,600000 80285053,472000
272 1675207737 20035,600000 -1,000000 20035,600000 20035,600000 80285053,472000
272 1675207736 20035,600000 -1,000000 20035,600000 20035,600000 80285053,472000
272 1675207735 20035,600000 -1,000000 20035,600000 20035,600000 80285053,472000
272 1675207734 20035,600000 -1,000000 20035,600000 20035,600000 80285053,472000
272 1675207733 41116,000000 -1,000000 41116,000000 41116,000000 338105091,200000
272 1675207732 41116,000000 -1,000000 41116,000000 41116,000000 338105091,200000
272 1675207731 41116,000000 -1,000000 41116,000000 41116,000000 338105091,200000
272 1675207730 41116,000000 -1,000000 41116,000000 41116,000000 338105091,200000
272 1675207729 41116,000000 -1,000000 41116,000000 41116,000000 338105091,200000
272 1675207728 18084,200000 -1,000000 18084,200000 18084,200000 65407657,928000
272 1675207727 18084,200000 -1,000000 18084,200000 18084,200000 65407657,928000
272 1675207726 18084,200000 -1,000000 18084,200000 18084,200000 65407657,928000
272 1675207725 18084,200000 -1,000000 18084,200000 18084,200000 65407657,928000
272 1675207724 18084,200000 -1,000000 18084,200000 18084,200000 65407657,928000
272 1675207723 34339,400000 -1,000000 34339,400000 34339,400000 235838878,472000
272 1675207722 34339,400000 -1,000000 34339,400000 34339,400000 235838878,472000
272 1675207721 34339,400000 -1,000000 34339,400000 34339,400000 235838878,472000
272 1675207720 34339,400000 -1,000000 34339,400000 34339,400000 235838878,472000
272 1675207719 34339,400000 -1,000000 34339,400000 34339,400000 235838878,472000
272 1675207718 14108,400000 -1,000000 14108,400000 14108,400000 39809390,112000
272 1675207717 14108,400000 -1,000000 14108,400000 14108,400000 39809390,112000
272 1675207716 14108,400000 -1,000000 14108,400000 14108,400000 39809390,112000
272 1675207715 14108,400000 -1,000000 14108,400000 14108,400000 39809390,112000
272 1675207714 14108,400000 -1,000000 14108,400000 14108,400000 39809390,112000
272 1675207713 4533,600000 -1,000000 4533,600000 4533,600000 4110705,792000
272 1675207712 4533,600000 -1,000000 4533,600000 4533,600000 4110705,792000
272 1675207711 4533,600000 -1,000000 4533,600000 4533,600000 4110705,792000
272 1675207710 4533,600000 -1,000000 4533,600000 4533,600000 4110705,792000
272 1675207709 4533,600000 -1,000000 4533,600000 4533,600000 4110705,792000
272 1675207709 4533,600000 -1,000000 -101,000000 0,000000 0,000000
272 1675207710 4533,600000 -1,000000 -101,000000 0,000000 0,000000
272 1675207711 4533,600000 -1,000000 -101,000000 0,000000 0,000000
272 1675207712 4533,600000 -1,000000 -101,000000 0,000000 0,000000
272 1675207713 4533,600000 -1,000000 -101,000000 0,000000 0,000000
272 1675207714 14108,400000 -1,000000 -101,000000 0,000000 0,000000
272 1675207715 14108,400000 -1,000000 -101,000000 0,000000 0,000000
272 1675207716 14108,400000 -1,000000 -101,000000 0,000000 0,000000
272 1675207717 14108,400000 -1,000000 -101,000000 0,000000 0,000000
272 1675207718 14108,400000 -1,000000 -101,000000 0,000000 0,000000
272 1675207719 34339,400000 -1,000000 -101,000000 0,000000 0,000000
272 1675207720 34339,400000 -1,000000 -101,000000 0,000000 0,000000
272 1675207721 34339,400000 -1,000000 -101,000000 0,000000 0,000000
272 1675207722 34339,400000 -1,000000 -101,000000 0,000000 0,000000
272 1675207723 34339,400000 -1,000000 -101,000000 0,000000 0,000000
272 1675207724 18084,200000 -1,000000 -101,000000 0,000000 0,000000
272 1675207725 18084,200000 -1,000000 -101,000000 0,000000 0,000000
272 1675207726 18084,200000 -1,000000 -101,000000 0,000000 0,000000
272 1675207727 18084,200000 -1,000000 -101,000000 0,000000 0,000000
272 1675207728 18084,200000 -1,000000 -101,000000 0,000000 0,000000
272 1675207729 41116,000000 -1,000000 -101,000000 0,000000 0,000000
272 1675207730 41116,000000 -1,000000 -101,000000 0,000000 0,000000
272 1675207731 41116,000000 -1,000000 -101,000000 0,000000 0,000000
272 1675207732 41116,000000 -1,000000 -101,000000 0,000000 0,000000
272 1675207733 41116,000000 -1,000000 -101,000000 0,000000 0,000000
272 1675207734 20035,600000 -1,000000 -101,000000 0,000000 0,000000
272 1675207735 20035,600000 -1,000000 -101,000000 0,000000 0,000000
272 1675207736 20035,600000 -1,000000 -101,000000 0,000000 0,000000
272 1675207737 20035,600000 -1,000000 -101,000000 0,000000 0,000000
272 1675207738 20035,600000 -1,000000 -101,000000 0,000000 0,000000
272 1675207739 2625,600000 -1,000000 -101,000000 0,000000 0,000000
272 1675207740 2625,600000 -1,000000 -101,000000 0,000000 0,000000
272 1675207741 2625,600000 -1,000000 -101,000000 0,000000 0,000000
272 1675207742 2625,600000 -1,000000 -101,000000 0,000000 0,000000
272 1675207743 2625,600000 -1,000000 -101,000000 0,000000 0,000000
272 1675207744 2943,200000 -1,000000 -101,000000 0,000000 0,000000
272 1675207745 2943,200000 -1,000000 -101,000000 0,000000 0,000000
272 1675207746 2943,200000 -1,000000 -101,000000 0,000000 0,000000
272 1675207747 2943,200000 -1,000000 -101,000000 0,000000 0,000000
272 1675207748 2943,200000 -1,000000 -101,000000 0,000000 0,000000
272 1675207749 6318,800000 -1,000000 -101,000000 0,000000 0,000000
272 1675207750 6318,800000 -1,000000 -101,000000 0,000000 0,000000
272 1675207751 6318,800000 -1,000000 -101,000000 0,000000 0,000000
272 1675207752 6318,800000 -1,000000 -101,000000 0,000000 0,000000
272 1675207753 6318,800000 -1,000000 -101,000000 0,000000 0,000000
272 1675207754 4452,400000 -1,000000 -101,000000 0,000000 0,000000
272 1675207755 4452,400000 -1,000000 -101,000000 0,000000 0,000000
272 1675207756 4452,400000 -1,000000 -101,000000 0,000000 0,000000
272 1675207757 4452,400000 -1,000000 -101,000000 0,000000 0,000000
272 1675207758 4452,400000 -1,000000 -101,000000 0,000000 0,000000
272 1675207759 5458,200000 -1,000000 -101,000000 0,000000 0,000000
272 1675207760 5458,200000 -1,000000 -101,000000 0,000000 0,000000
272 1675207761 5458,200000 -1,000000 -101,000000 0,000000 0,000000
272 1675207762 5458,200000 -1,000000 -101,000000 0,000000 0,000000
272 1675207763 5458,200000 -1,000000 -101,000000 0,000000 0,000000
272 1675207764 4030,400000 -1,000000 -101,000000 0,000000 0,000000
272 1675207765 4030,400000 -1,000000 -101,000000 0,000000 0,000000
272 1675207766 4030,400000 -1,000000 -101,000000 0,000000 0,000000
272 1675207767 4030,400000 -1,000000 -101,000000 0,000000 0,000000
272 1675207768 4030,400000 -1,000000 -101,000000 0,000000 0,000000
272 1675207769 2634,400000 -1,000000 -101,000000 0,000000 0,000000
272 1675207770 2634,400000 -1,000000 -101,000000 0,000000 0,000000
272 1675207771 2634,400000 -1,000000 -101,000000 0,000000 0,000000
272 1675207772 2634,400000 -1,000000 -101,000000 0,000000 0,000000
272 1675207773 2634,400000 -1,000000 -101,000000 0,000000 0,000000
272 1675207774 3982,200000 -1,000000 -101,000000 0,000000 0,000000
272 1675207775 3982,200000 -1,000000 -101,000000 0,000000 0,000000
272 1675207776 3982,200000 -1,000000 -101,000000 0,000000 0,000000
272 1675207777 3982,200000 -1,000000 -101,000000 0,000000 0,000000
272 1675207778 3982,200000 -1,000000 -101,000000 0,000000 0,000000
272 1675207779 23325,800000 -1,000000 -101,000000 0,000000 0,000000
272 1675207780 23325,800000 -1,000000 -101,000000 0,000000 0,000000
272 1675207781 23325,800000 -1,000000 -101,000000 0,000000 0,000000
272 1675207782 23325,800000 -1,000000 -101,000000 0,000000 0,000000
272 1675207783 23325,800000 -1,000000 -101,000000 0,000000 0,000000
272 1675207784 2696,400000 -1,000000 -101,000000 0,000000 0,000000
272 1675207785 2696,400000 -1,000000 -101,000000 0,000000 0,000000
272 1675207786 2696,400000 -1,000000 -101,000000 0,000000 0,000000
272 1675207787 2696,400000 -1,000000 -101,000000 0,000000 0,000000
272 1675207788 2696,400000 -1,000000 -101,000000 0,000000 0,000000
272 1675207789 17689,000000 -1,000000 -101,000000 0,000000 0,000000
272 1675207790 17689,000000 -1,000000 -101,000000 0,000000 0,000000
272 1675207791 17689,000000 -1,000000 -101,000000 0,000000 0,000000
272 1675207792 17689,000000 -1,000000 -101,000000 0,000000 0,000000
272 1675207793 17689,000000 -1,000000 -101,000000 0,000000 0,000000
272 1675207794 2683,600000 -1,000000 -101,000000 0,000000 0,000000
272 1675207795 2683,600000 -1,000000 -101,000000 0,000000 0,000000
272 1675207796 2683,600000 -1,000000 -101,000000 0,000000 0,000000
272 1675207797 2683,600000 -1,000000 -101,000000 0,000000 0,000000
272 1675207798 2683,600000 -1,000000 -101,000000 0,000000 0,000000
272 1675207799 2036,400000 -1,000000 -101,000000 0,000000 0,000000
272 1675207800 2036,400000 -1,000000 -101,000000 0,000000 0,000000
272 1675207801 2036,400000 -1,000000 -101,000000 0,000000 0,000000
272 1675207802 2036,400000 -1,000000 -101,000000 0,000000 0,000000
272 1675207803 2036,400000 -1,000000 -101,000000 0,000000 0,000000
272 1675207804 2725,400000 -1,000000 -101,000000 0,000000 0,000000
272 1675207805 2725,400000 -1,000000 -101,000000 0,000000 0,000000
272 1675207806 2725,400000 -1,000000 -101,000000 0,000000 0,000000
272 1675207807 2725,400000 -1,000000 -101,000000 0,000000 0,000000
272 1675207808 2725,400000 -1,000000 -101,000000 0,000000 0,000000
272 1675207809 7889,000000 -1,000000 -101,000000 0,000000 0,000000
272 1675207810 7889,000000 -1,000000 -101,000000 0,000000 0,000000
272 1675207811 7889,000000 -1,000000 -101,000000 0,000000 0,000000
272 1675207812 7889,000000 -1,000000 -101,000000 0,000000 0,000000
272 1675207813 7889,000000 -1,000000 -101,000000 0,000000 0,000000
272 1675207814 7338,400000 -1,000000 -101,000000 0,000000 0,000000
272 1675207815 7338,400000 -1,000000 -101,000000 0,000000 0,000000
272 1675207816 7338,400000 -1,000000 -101,000000 0,000000 0,000000
272 1675207817 7338,400000 -1,000000 -101,000000 0,000000 0,000000
272 1675207818 7338,400000 -1,000000 -101,000000 0,000000 0,000000
272 1675207819 24290,400000 -1,000000 -101,000000 0,000000 0,000000
272 1675207820 24290,400000 -1,000000 -101,000000 0,000000 0,000000
272 1675207821 24290,400000 -1,000000 -101,000000 0,000000 0,000000
272 1675207822 24290,400000 -1,000000 -101,000000 0,000000 0,000000
272 1675207823 24290,400000 -1,000000 -101,000000 0,000000 0,000000
272 1675207824 22182,800000 -1,000000 -101,000000 0,000000 0,000000
272 1675207825 22182,800000 -1,000000 -101,000000 0,000000 0,000000
272 1675207826 22182,800000 -1,000000 -101,000000 0,000000 0,000000
272 1675207827 22182,800000 -1,000000 -101,000000 0,000000 0,000000
272 1675207828 22182,800000 -1,000000 -101,000000 0,000000 0,000000
272 1675207829 16509,600000 -1,000000 -101,000000 0,000000 0,000000
272 1675207830 16509,600000 -1,000000 -101,000000 0,000000 0,000000
272 1675207831 16509,600000 -1,000000 -101,000000 0,000000 0,000000
272 1675207832 16509,600000 -1,000000 -101,000000 0,000000 0,000000
272 1675207833 16509,600000 -1,000000 -101,000000 0,000000 0,000000
272 1675207834 13210,800000 -1,000000 -101,000000 0,000000 0,000000
272 1675207835 13210,800000 -1,000000 -101,000000 0,000000 0,000000
272 1675207836 13210,800000 -1,000000 -101,000000 0,000000 0,000000
272 1675207837 13210,800000 -1,000000 -101,000000 0,000000 0,000000
272 1675207838 13210,800000 -1,000000 -101,000000 0,000000 0,000000
272 1675207839 25858,400000 -1,000000 -101,000000 0,000000 0,000000
272 1675207840 25858,400000 -1,000000 -101,000000 0,000000 0,000000
272 1675207841 25858,400000 -1,000000 -101,000000 0,000000 0,000000
272 1675207842 25858,400000 -1,000000 -101,000000 0,000000 0,000000
272 1675207843 25858,400000 -1,000000 -101,000000 0,000000 0,000000
272 1675207844 2381,200000 -1,000000 -101,000000 0,000000 0,000000
272 1675207845 2381,200000 -1,000000 -101,000000 0,000000 0,000000
272 1675207846 2381,200000 -1,000000 -101,000000 0,000000 0,000000
272 1675207847 2381,200000 -1,000000 -101,000000 0,000000 0,000000
272 1675207848 2381,200000 -1,000000 -101,000000 0,000000 0,000000
272 1675207849 2384,600000 -1,000000 -101,000000 0,000000 0,000000
272 1675207850 2384,600000 -1,000000 -101,000000 0,000000 0,000000
272 1675207851 2384,600000 -1,000000 -101,000000 0,000000 0,000000
272 1675207852 2384,600000 -1,000000 -101,000000 0,000000 0,000000
272 1675207853 2384,600000 -1,000000 -101,000000 0,000000 0,000000
272 1675207854 18281,000000 -1,000000 -101,000000 0,000000 0,000000
272 1675207855 18281,000000 -1,000000 -101,000000 0,000000 0,000000
272 1675207856 18281,000000 -1,000000 -101,000000 0,000000 0,000000
272 1675207857 18281,000000 -1,000000 -101,000000 0,000000 0,000000
272 1675207858 18281,000000 -1,000000 -101,000000 0,000000 0,000000
272 1675207859 1329,400000 -1,000000 -101,000000 0,000000 0,000000
272 1675207860 1329,400000 -1,000000 -101,000000 0,000000 0,000000
272 1675207861 1329,400000 -1,000000 -101,000000 0,000000 0,000000
272 1675207862 1329,400000 -1,000000 -101,000000 0,000000 0,000000
272 1675207863 1329,400000 -1,000000 -101,000000 0,000000 0,000000
272 1675207864 1681,600000 -1,000000 -101,000000 0,000000 0,000000
272 1675207865 1681,600000 -1,000000 -101,000000 0,000000 0,000000
272 1675207866 1681,600000 -1,000000 -101,000000 0,000000 0,000000
272 1675207867 1681,600000 -1,000000 -101,000000 0,000000 0,000000
272 1675207868 1681,600000 -1,000000 -101,000000 0,000000 0,000000
272 1675207869 4294,000000 -1,000000 -101,000000 0,000000 0,000000
272 1675207870 4294,000000 -1,000000 -101,000000 0,000000 0,000000
272 1675207871 4294,000000 -1,000000 -101,000000 0,000000 0,000000
272 1675207872 4294,000000 -1,000000 -101,000000 0,000000 0,000000
272 1675207873 4294,000000 -1,000000 -101,000000 0,000000 0,000000
272 1675207874 3608,600000 -1,000000 -101,000000 0,000000 0,000000
272 1675207875 3608,600000 -1,000000 -101,000000 0,000000 0,000000
272 1675207876 3608,600000 -1,000000 -101,000000 0,000000 0,000000
272 1675207877 3608,600000 -1,000000 -101,000000 0,000000 0,000000
272 1675207878 3608,600000 -1,000000 -101,000000 0,000000 0,000000
272 1675207879 6332,400000 -1,000000 -101,000000 0,000000 0,000000
272 1675207880 6332,400000 -1,000000 -101,000000 0,000000 0,000000
272 1675207881 6332,400000 -1,000000 -101,000000 0,000000 0,000000
272 1675207882 6332,400000 -1,000000 -101,000000 0,000000 0,000000
272 1675207883 6332,400000 -1,000000 -101,000000 0,000000 0,000000
272 1675207884 8536,800000 -1,000000 -101,000000 0,000000 0,000000
272 1675207885 8536,800000 -1,000000 -101,000000 0,000000 0,000000
272 1675207886 8536,800000 -1,000000 -101,000000 0,000000 0,000000
272 1675207887 8536,800000 -1,000000 -101,000000 0,000000 0,000000
272 1675207888 8536,800000 -1,000000 -101,000000 0,000000 0,000000
272 1675207889 5266,600000 -1,000000 -101,000000 0,000000 0,000000
272 1675207890 5266,600000 -1,000000 -101,000000 0,000000 0,000000
272 1675207891 5266,600000 -1,000000 -101,000000 0,000000 0,000000
272 1675207892 5266,600000 -1,000000 -101,000000 0,000000 0,000000
272 1675207893 5266,600000 -1,000000 -101,000000 0,000000 0,000000
272 1675207894 6060,000000 -1,000000 -101,000000 0,000000 0,000000
272 1675207895 6060,000000 -1,000000 -101,000000 0,000000 0,000000
272 1675207896 6060,000000 -1,000000 -101,000000 0,000000 0,000000
272 1675207897 6060,000000 -1,000000 -101,000000 0,000000 0,000000
272 1675207898 6060,000000 -1,000000 -101,000000 0,000000 0,000000
272 1675207899 4653,400000 -1,000000 -101,000000 0,000000 0,000000
272 1675207900 4653,400000 -1,000000 -101,000000 0,000000 0,000000
272 1675207901 4653,400000 -1,000000 -101,000000 0,000000 0,000000
272 1675207902 4653,400000 -1,000000 -101,000000 0,000000 0,000000
272 1675207903 4653,400000 -1,000000 -101,000000 0,000000 0,000000
272 1675207904 17782,400000 -1,000000 -101,000000 0,000000 0,000000
272 1675207905 17782,400000 -1,000000 -101,000000 0,000000 0,000000
272 1675207906 17782,400000 -1,000000 -101,000000 0,000000 0,000000
272 1675207907 17782,400000 -1,000000 -101,000000 0,000000 0,000000
272 1675207908 17782,400000 -1,000000 -101,000000 0,000000 0,000000
272 1675207909 3010,600000 -1,000000 -101,000000 0,000000 0,000000
272 1675207910 3010,600000 -1,000000 -101,000000 0,000000 0,000000
272 1675207911 3010,600000 -1,000000 -101,000000 0,000000 0,000000
272 1675207912 3010,600000 -1,000000 -101,000000 0,000000 0,000000
272 1675207913 3010,600000 -1,000000 -101,000000 0,000000 0,000000
272 1675207914 14809,600000 -1,000000 -101,000000 0,000000 0,000000
272 1675207915 14809,600000 -1,000000 -101,000000 0,000000 0,000000
272 1675207916 14809,600000 -1,000000 -101,000000 0,000000 0,000000
272 1675207917 14809,600000 -1,000000 -101,000000 0,000000 0,000000
272 1675207918 14809,600000 -1,000000 -101,000000 0,000000 0,000000
272 1675207919 14131,600000 -1,000000 -101,000000 0,000000 0,000000
272 1675207920 14131,600000 -1,000000 -101,000000 0,000000 0,000000
272 1675207921 14131,600000 -1,000000 -101,000000 0,000000 0,000000
272 1675207922 14131,600000 -1,000000 -101,000000 0,000000 0,000000
272 1675207923 14131,600000 -1,000000 -101,000000 0,000000 0,000000
272 1675207924 12958,600000 -1,000000 -101,000000 0,000000 0,000000
272 1675207925 12958,600000 -1,000000 -101,000000 0,000000 0,000000
272 1675207926 12958,600000 -1,000000 -101,000000 0,000000 0,000000
272 1675207927 12958,600000 -1,000000 -101,000000 0,000000 0,000000
272 1675207928 12958,600000 -1,000000 -101,000000 0,000000 0,000000
272 1675207929 13523,200000 -1,000000 -101,000000 0,000000 0,000000
272 1675207930 13523,200000 -1,000000 -101,000000 0,000000 0,000000
272 1675207931 13523,200000 -1,000000 -101,000000 0,000000 0,000000
272 1675207932 13523,200000 -1,000000 -101,000000 0,000000 0,000000
272 1675207933 13523,200000 -1,000000 -101,000000 0,000000 0,000000
272 1675207934 11755,000000 -1,000000 -101,000000 0,000000 0,000000
272 1675207935 11755,000000 -1,000000 -101,000000 0,000000 0,000000
272 1675207936 11755,000000 -1,000000 -101,000000 0,000000 0,000000
272 1675207937 11755,000000 -1,000000 -101,000000 0,000000 0,000000
272 1675207938 11755,000000 -1,000000 -101,000000 0,000000 0,000000
272 1675207939 4337,600000 -1,000000 -101,000000 0,000000 0,000000
272 1675207940 4337,600000 -1,000000 -101,000000 0,000000 0,000000
272 1675207941 4337,600000 -1,000000 -101,000000 0,000000 0,000000
272 1675207942 4337,600000 -1,000000 -101,000000 0,000000 0,000000
272 1675207943 4337,600000 -1,000000 -101,000000 0,000000 0,000000
272 1675207944 6821,000000 -1,000000 -101,000000 0,000000 0,000000
272 1675207945 6821,000000 -1,000000 -101,000000 0,000000 0,000000
272 1675207946 6821,000000 -1,000000 -101,000000 0,000000 0,000000
272 1675207947 6821,000000 -1,000000 -101,000000 0,000000 0,000000
272 1675207948 6821,000000 -1,000000 -101,000000 0,000000 0,000000
272 1675207949 13979,200000 -1,000000 -101,000000 0,000000 0,000000
272 1675207950 13979,200000 -1,000000 -101,000000 0,000000 0,000000
272 1675207951 13979,200000 -1,000000 -101,000000 0,000000 0,000000
272 1675207952 13979,200000 -1,000000 -101,000000 0,000000 0,000000
272 1675207953 13979,200000 -1,000000 -101,000000 0,000000 0,000000
272 1675207954 4275,600000 -1,000000 -101,000000 0,000000 0,000000
272 1675207955 4275,600000 -1,000000 -101,000000 0,000000 0,000000
272 1675207956 4275,600000 -1,000000 -101,000000 0,000000 0,000000
272 1675207957 4275,600000 -1,000000 -101,000000 0,000000 0,000000
272 1675207958 4275,600000 -1,000000 -101,000000 0,000000 0,000000
272 1675207959 5739,800000 -1,000000 -101,000000 0,000000 0,000000
272 1675207960 5739,800000 -1,000000 -101,000000 0,000000 0,000000
272 1675207961 5739,800000 -1,000000 -101,000000 0,000000 0,000000
272 1675207962 5739,800000 -1,000000 -101,000000 0,000000 0,000000
272 1675207963 5739,800000 -1,000000 -101,000000 0,000000 0,000000
272 1675207964 14048,600000 -1,000000 -101,000000 0,000000 0,000000
272 1675207965 14048,600000 -1,000000 -101,000000 0,000000 0,000000
272 1675207966 14048,600000 -1,000000 -101,000000 0,000000 0,000000
272 1675207967 14048,600000 -1,000000 -101,000000 0,000000 0,000000
272 1675207968 14048,600000 -1,000000 -101,000000 0,000000 0,000000
272 1675207969 4494,800000 -1,000000 -101,000000 0,000000 0,000000
272 1675207970 4494,800000 -1,000000 -101,000000 0,000000 0,000000
272 1675207971 4494,800000 -1,000000 -101,000000 0,000000 0,000000
272 1675207972 4494,800000 -1,000000 -101,000000 0,000000 0,000000
272 1675207973 4494,800000 -1,000000 -101,000000 0,000000 0,000000
272 1675207974 20076,200000 -1,000000 -101,000000 0,000000 0,000000
272 1675207975 20076,200000 -1,000000 -101,000000 0,000000 0,000000
272 1675207976 20076,200000 -1,000000 -101,000000 0,000000 0,000000
272 1675207977 20076,200000 -1,000000 -101,000000 0,000000 0,000000
272 1675207978 20076,200000 -1,000000 -101,000000 0,000000 0,000000
272 1675207979 1443,200000 -1,000000 -101,000000 0,000000 0,000000
272 1675207980 1443,200000 -1,000000 -101,000000 0,000000 0,000000
272 1675207981 1443,200000 -1,000000 -101,000000 0,000000 0,000000
272 1675207982 1443,200000 -1,000000 -101,000000 0,000000 0,000000
272 1675207983 1443,200000 -1,000000 -101,000000 0,000000 0,000000
272 1675207984 2120,200000 -1,000000 -101,000000 0,000000 0,000000
272 1675207985 2120,200000 -1,000000 -101,000000 0,000000 0,000000
272 1675207986 2120,200000 -1,000000 -101,000000 0,000000 0,000000
272 1675207987 2120,200000 -1,000000 -101,000000 0,000000 0,000000
272 1675207988 2120,200000 -1,000000 -101,000000 0,000000 0,000000
272 1675207994 2165,200000 -1,000000 -101,000000 0,000000 0,000000
272 1675207995 2165,200000 -1,000000 -101,000000 0,000000 0,000000
272 1675207996 2165,200000 -1,000000 -101,000000 0,000000 0,000000
272 1675207997 2165,200000 -1,000000 -101,000000 0,000000 0,000000
272 1675207998 2165,200000 -1,000000 -101,000000 0,000000 0,000000
272 1675207999 3141,800000 -1,000000 -101,000000 0,000000 0,000000
272 1675208000 3141,800000 -1,000000 -101,000000 0,000000 0,000000
272 1675208001 3141,800000 -1,000000 -101,000000 0,000000 0,000000
272 1675208002 3141,800000 -1,000000 -101,000000 0,000000 0,000000
272 1675208003 3141,800000 -1,000000 -101,000000 0,000000 0,000000
272 1675208004 4072,800000 -1,000000 -101,000000 0,000000 0,000000
272 1675208005 4072,800000 -1,000000 -101,000000 0,000000 0,000000
272 1675208006 4072,800000 -1,000000 -101,000000 0,000000 0,000000
272 1675208007 4072,800000 -1,000000 -101,000000 0,000000 0,000000
272 1675208008 4072,800000 -1,000000 -101,000000 0,000000 0,000000
272 1675208009 3714,600000 -1,000000 -101,000000 0,000000 0,000000
272 1675208010 3714,600000 -1,000000 -101,000000 0,000000 0,000000
272 1675208011 3714,600000 -1,000000 -101,000000 0,000000 0,000000
272 1675208012 3714,600000 -1,000000 -101,000000 0,000000 0,000000
272 1675208013 3714,600000 -1,000000 -101,000000 0,000000 0,000000
272 1675208014 6504,800000 -1,000000 -101,000000 0,000000 0,000000
272 1675208015 6504,800000 -1,000000 -101,000000 0,000000 0,000000
272 1675208016 6504,800000 -1,000000 -101,000000 0,000000 0,000000
272 1675208017 6504,800000 -1,000000 -101,000000 0,000000 0,000000
272 1675208018 6504,800000 -1,000000 -101,000000 0,000000 0,000000
272 1675208019 18308,600000 -1,000000 -101,000000 0,000000 0,000000
272 1675208020 18308,600000 -1,000000 -101,000000 0,000000 0,000000
272 1675208021 18308,600000 -1,000000 -101,000000 0,000000 0,000000
272 1675208022 18308,600000 -1,000000 -101,000000 0,000000 0,000000
272 1675208023 18308,600000 -1,000000 -101,000000 0,000000 0,000000
272 1675208024 17128,000000 -1,000000 -101,000000 0,000000 0,000000
272 1675208025 17128,000000 -1,000000 -101,000000 0,000000 0,000000
272 1675208026 17128,000000 -1,000000 -101,000000 0,000000 0,000000
272 1675208027 17128,000000 -1,000000 -101,000000 0,000000 0,000000
272 1675208028 17128,000000 -1,000000 -101,000000 0,000000 0,000000
272 1675208029 29226,200000 -1,000000 -101,000000 0,000000 0,000000
272 1675208030 29226,200000 -1,000000 -101,000000 0,000000 0,000000
272 1675208031 29226,200000 -1,000000 -101,000000 0,000000 0,000000
272 1675208032 29226,200000 -1,000000 -101,000000 0,000000 0,000000
272 1675208033 29226,200000 -1,000000 -101,000000 0,000000 0,000000
272 1675208034 15214,600000 -1,000000 -101,000000 0,000000 0,000000
272 1675208035 15214,600000 -1,000000 -101,000000 0,000000 0,000000
272 1675208036 15214,600000 -1,000000 -101,000000 0,000000 0,000000
272 1675208037 15214,600000 -1,000000 -101,000000 0,000000 0,000000
272 1675208038 15214,600000 -1,000000 -101,000000 0,000000 0,000000
272 1675208039 14049,200000 -1,000000 -101,000000 0,000000 0,000000
272 1675208040 14049,200000 -1,000000 -101,000000 0,000000 0,000000
272 1675208041 14049,200000 -1,000000 -101,000000 0,000000 0,000000
272 1675208042 14049,200000 -1,000000 -101,000000 0,000000 0,000000
272 1675208043 14049,200000 -1,000000 -101,000000 0,000000 0,000000
272 1675208044 4492,800000 -1,000000 -101,000000 0,000000 0,000000
272 1675208045 4492,800000 -1,000000 -101,000000 0,000000 0,000000
272 1675208046 4492,800000 -1,000000 -101,000000 0,000000 0,000000
272 1675208047 4492,800000 -1,000000 -101,000000 0,000000 0,000000
272 1675208048 4492,800000 -1,000000 -101,000000 0,000000 0,000000
272 1675208049 14565,800000 -1,000000 -101,000000 0,000000 0,000000
272 1675208050 14565,800000 -1,000000 -101,000000 0,000000 0,000000
272 1675208051 14565,800000 -1,000000 -101,000000 0,000000 0,000000
272 1675208052 14565,800000 -1,000000 -101,000000 0,000000 0,000000
272 1675208053 14565,800000 -1,000000 -101,000000 0,000000 0,000000
272 1675208054 3013,400000 -1,000000 -101,000000 0,000000 0,000000
272 1675208055 3013,400000 -1,000000 -101,000000 0,000000 0,000000
272 1675208056 3013,400000 -1,000000 -101,000000 0,000000 0,000000
272 1675208057 3013,400000 -1,000000 -101,000000 0,000000 0,000000
272 1675208058 3013,400000 -1,000000 -101,000000 0,000000 0,000000
272 1675208059 14693,600000 -1,000000 -101,000000 0,000000 0,000000
272 1675208060 14693,600000 -1,000000 -101,000000 0,000000 0,000000
272 1675208061 14693,600000 -1,000000 -101,000000 0,000000 0,000000
272 1675208062 14693,600000 -1,000000 -101,000000 0,000000 0,000000
272 1675208063 14693,600000 -1,000000 -101,000000 0,000000 0,000000
272 1675208064 1571,000000 -1,000000 -101,000000 0,000000 0,000000
272 1675208065 1571,000000 -1,000000 -101,000000 0,000000 0,000000
272 1675208066 1571,000000 -1,000000 -101,000000 0,000000 0,000000
272 1675208067 1571,000000 -1,000000 -101,000000 0,000000 0,000000
272 1675208068 1571,000000 -1,000000 -101,000000 0,000000 0,000000
272 1675208069 4204,600000 -1,000000 -101,000000 0,000000 0,000000
272 1675208070 4204,600000 -1,000000 -101,000000 0,000000 0,000000
272 1675208071 4204,600000 -1,000000 -101,000000 0,000000 0,000000
272 1675208072 4204,600000 -1,000000 -101,000000 0,000000 0,000000
272 1675208073 4204,600000 -1,000000 -101,000000 0,000000 0,000000
272 1675208074 3916,400000 -1,000000 -101,000000 0,000000 0,000000
272 1675208075 3916,400000 -1,000000 -101,000000 0,000000 0,000000
272 1675208076 3916,400000 -1,000000 -101,000000 0,000000 0,000000
272 1675208077 3916,400000 -1,000000 -101,000000 0,000000 0,000000
272 1675208078 3916,400000 -1,000000 -101,000000 0,000000 0,000000
272 1675208079 5754,400000 -1,000000 -101,000000 0,000000 0,000000
272 1675208080 5754,400000 -1,000000 -101,000000 0,000000 0,000000
272 1675208081 5754,400000 -1,000000 -101,000000 0,000000 0,000000
272 1675208082 5754,400000 -1,000000 -101,000000 0,000000 0,000000
272 1675208083 5754,400000 -1,000000 -101,000000 0,000000 0,000000
272 1675208084 3942,800000 -1,000000 -101,000000 0,000000 0,000000
272 1675208085 3942,800000 -1,000000 -101,000000 0,000000 0,000000
272 1675208086 3942,800000 -1,000000 -101,000000 0,000000 0,000000
272 1675208087 3942,800000 -1,000000 -101,000000 0,000000 0,000000
272 1675208088 3942,800000 -1,000000 -101,000000 0,000000 0,000000
272 1675208089 14032,800000 -1,000000 -101,000000 0,000000 0,000000
272 1675208090 14032,800000 -1,000000 -101,000000 0,000000 0,000000
272 1675208091 14032,800000 -1,000000 -101,000000 0,000000 0,000000
272 1675208092 14032,800000 -1,000000 -101,000000 0,000000 0,000000
272 1675208093 14032,800000 -1,000000 -101,000000 0,000000 0,000000
272 1675208094 4312,800000 -1,000000 -101,000000 0,000000 0,000000
272 1675208095 4312,800000 -1,000000 -101,000000 0,000000 0,000000
272 1675208096 4312,800000 -1,000000 -101,000000 0,000000 0,000000
272 1675208097 4312,800000 -1,000000 -101,000000 0,000000 0,000000
272 1675208098 4312,800000 -1,000000 -101,000000 0,000000 0,000000
272 1675208099 19673,800000 -1,000000 -101,000000 0,000000 0,000000
272 1675208100 19673,800000 -1,000000 -101,000000 0,000000 0,000000
272 1675208101 19673,800000 -1,000000 -101,000000 0,000000 0,000000
272 1675208102 19673,800000 -1,000000 -101,000000 0,000000 0,000000
272 1675208103 19673,800000 -1,000000 -101,000000 0,000000 0,000000
272 1675208104 3010,400000 -1,000000 -101,000000 0,000000 0,000000
272 1675208105 3010,400000 -1,000000 -101,000000 0,000000 0,000000
272 1675208106 3010,400000 -1,000000 -101,000000 0,000000 0,000000
272 1675208107 3010,400000 -1,000000 -101,000000 0,000000 0,000000
272 1675208108 3010,400000 -1,000000 -101,000000 0,000000 0,000000
272 1675208109 21269,200000 -1,000000 -101,000000 0,000000 0,000000
272 1675208110 21269,200000 -1,000000 -101,000000 0,000000 0,000000
272 1675208111 21269,200000 -1,000000 -101,000000 0,000000 0,000000
272 1675208112 21269,200000 -1,000000 -101,000000 0,000000 0,000000
272 1675208113 21269,200000 -1,000000 -101,000000 0,000000 0,000000
272 1675208114 4287,200000 -1,000000 -101,000000 0,000000 0,000000
272 1675208115 4287,200000 -1,000000 -101,000000 0,000000 0,000000
272 1675208116 4287,200000 -1,000000 -101,000000 0,000000 0,000000
272 1675208117 4287,200000 -1,000000 -101,000000 0,000000 0,000000
272 1675208118 4287,200000 -1,000000 -101,000000 0,000000 0,000000
272 1675208119 15801,200000 -1,000000 -101,000000 0,000000 0,000000
272 1675208120 15801,200000 -1,000000 -101,000000 0,000000 0,000000
272 1675208121 15801,200000 -1,000000 -101,000000 0,000000 0,000000
272 1675208122 15801,200000 -1,000000 -101,000000 0,000000 0,000000
272 1675208123 15801,200000 -1,000000 -101,000000 0,000000 0,000000
272 1675208124 15891,400000 -1,000000 -101,000000 0,000000 0,000000
272 1675208125 15891,400000 -1,000000 -101,000000 0,000000 0,000000
272 1675208126 15891,400000 -1,000000 -101,000000 0,000000 0,000000
272 1675208127 15891,400000 -1,000000 -101,000000 0,000000 0,000000
272 1675208128 15891,400000 -1,000000 -101,000000 0,000000 0,000000
272 1675208129 17743,800000 -1,000000 -101,000000 0,000000 0,000000
272 1675208130 17743,800000 -1,000000 -101,000000 0,000000 0,000000
272 1675208131 17743,800000 -1,000000 -101,000000 0,000000 0,000000
272 1675208132 17743,800000 -1,000000 -101,000000 0,000000 0,000000
272 1675208133 17743,800000 -1,000000 -101,000000 0,000000 0,000000
272 1675208134 14749,400000 -1,000000 -101,000000 0,000000 0,000000
272 1675208135 14749,400000 -1,000000 -101,000000 0,000000 0,000000
272 1675208136 14749,400000 -1,000000 -101,000000 0,000000 0,000000
272 1675208137 14749,400000 -1,000000 -101,000000 0,000000 0,000000
272 1675208138 14749,400000 -1,000000 -101,000000 0,000000 0,000000
272 1675208139 3170,200000 -1,000000 -101,000000 0,000000 0,000000
272 1675208140 3170,200000 -1,000000 -101,000000 0,000000 0,000000
272 1675208141 3170,200000 -1,000000 -101,000000 0,000000 0,000000
272 1675208142 3170,200000 -1,000000 -101,000000 0,000000 0,000000
272 1675208143 3170,200000 -1,000000 -101,000000 0,000000 0,000000
272 1675208144 815,800000 -1,000000 -101,000000 0,000000 0,000000
272 1675208145 815,800000 -1,000000 -101,000000 0,000000 0,000000
272 1675208146 815,800000 -1,000000 -101,000000 0,000000 0,000000
272 1675208147 815,800000 -1,000000 -101,000000 0,000000 0,000000
272 1675208148 815,800000 -1,000000 -101,000000 0,000000 0,000000
272 1675208149 13067,000000 -1,000000 -101,000000 0,000000 0,000000
272 1675208150 13067,000000 -1,000000 -101,000000 0,000000 0,000000
272 1675208151 13067,000000 -1,000000 -101,000000 0,000000 0,000000
272 1675208152 13067,000000 -1,000000 -101,000000 0,000000 0,000000
272 1675208153 13067,000000 -1,000000 -101,000000 0,000000 0,000000
272 1675208154 2725,600000 -1,000000 -101,000000 0,000000 0,000000
272 1675208155 2725,600000 -1,000000 -101,000000 0,000000 0,000000
272 1675208156 2725,600000 -1,000000 -101,000000 0,000000 0,000000
272 1675208157 2725,600000 -1,000000 -101,000000 0,000000 0,000000
272 1675208158 2725,600000 -1,000000 -101,000000 0,000000 0,000000
272 1675208159 3182,800000 -1,000000 -101,000000 0,000000 0,000000
272 1675208160 3182,800000 -1,000000 -101,000000 0,000000 0,000000
272 1675208161 3182,800000 -1,000000 -101,000000 0,000000 0,000000
272 1675208162 3182,800000 -1,000000 -101,000000 0,000000 0,000000
272 1675208163 3182,800000 -1,000000 -101,000000 0,000000 0,000000
272 1675208164 14184,400000 -1,000000 -101,000000 0,000000 0,000000
272 1675208165 14184,400000 -1,000000 -101,000000 0,000000 0,000000
272 1675208166 14184,400000 -1,000000 -101,000000 0,000000 0,000000
272 1675208167 14184,400000 -1,000000 -101,000000 0,000000 0,000000
272 1675208168 14184,400000 -1,000000 -101,000000 0,000000 0,000000
272 1675208169 15324,800000 -1,000000 -101,000000 0,000000 0,000000
272 1675208170 15324,800000 -1,000000 -101,000000 0,000000 0,000000
272 1675208171 15324,800000 -1,000000 -101,000000 0,000000 0,000000
272 1675208172 15324,800000 -1,000000 -101,000000 0,000000 0,000000
272 1675208173 15324,800000 -1,000000 -101,000000 0,000000 0,000000
272 1675208174 2036,400000 -1,000000 -101,000000 0,000000 0,000000
272 1675208175 2036,400000 -1,000000 -101,000000 0,000000 0,000000
272 1675208176 2036,400000 -1,000000 -101,000000 0,000000 0,000000
272 1675208177 2036,400000 -1,000000 -101,000000 0,000000 0,000000
272 1675208178 2036,400000 -1,000000 -101,000000 0,000000 0,000000
272 1675208179 2724,000000 -1,000000 -101,000000 0,000000 0,000000
272 1675208180 2724,000000 -1,000000 -101,000000 0,000000 0,000000
272 1675208181 2724,000000 -1,000000 -101,000000 0,000000 0,000000
272 1675208182 2724,000000 -1,000000 -101,000000 0,000000 0,000000
272 1675208183 2724,000000 -1,000000 -101,000000 0,000000 0,000000
272 1675208184 3066,000000 -1,000000 -101,000000 0,000000 0,000000
272 1675208185 3066,000000 -1,000000 -101,000000 0,000000 0,000000
272 1675208186 3066,000000 -1,000000 -101,000000 0,000000 0,000000
272 1675208187 3066,000000 -1,000000 -101,000000 0,000000 0,000000
272 1675208188 3066,000000 -1,000000 -101,000000 0,000000 0,000000
272 1675208189 1860,200000 -1,000000 -101,000000 0,000000 0,000000
272 1675208190 1860,200000 -1,000000 -101,000000 0,000000 0,000000
272 1675208191 1860,200000 -1,000000 -101,000000 0,000000 0,000000
272 1675208192 1860,200000 -1,000000 -101,000000 0,000000 0,000000
272 1675208193 1860,200000 -1,000000 -101,000000 0,000000 0,000000
272 1675208194 5768,800000 -1,000000 -101,000000 0,000000 0,000000
272 1675208195 5768,800000 -1,000000 -101,000000 0,000000 0,000000
272 1675208196 5768,800000 -1,000000 -101,000000 0,000000 0,000000
272 1675208197 5768,800000 -1,000000 -101,000000 0,000000 0,000000
272 1675208198 5768,800000 -1,000000 -101,000000 0,000000 0,000000
272 1675208199 5411,800000 -1,000000 -101,000000 0,000000 0,000000
272 1675208200 5411,800000 -1,000000 -101,000000 0,000000 0,000000
272 1675208201 5411,800000 -1,000000 -101,000000 0,000000 0,000000
272 1675208202 5411,800000 -1,000000 -101,000000 0,000000 0,000000
272 1675208203 5411,800000 -1,000000 -101,000000 0,000000 0,000000
272 1675208204 3225,400000 -1,000000 -101,000000 0,000000 0,000000
272 1675208205 3225,400000 -1,000000 -101,000000 0,000000 0,000000
272 1675208206 3225,400000 -1,000000 -101,000000 0,000000 0,000000
272 1675208207 3225,400000 -1,000000 -101,000000 0,000000 0,000000
272 1675208208 3225,400000 -1,000000 -101,000000 0,000000 0,000000
272 1675208209 2673,200000 -1,000000 -101,000000 0,000000 0,000000
272 1675208210 2673,200000 -1,000000 -101,000000 0,000000 0,000000
272 1675208211 2673,200000 -1,000000 -101,000000 0,000000 0,000000
272 1675208212 2673,200000 -1,000000 -101,000000 0,000000 0,000000
272 1675208213 2673,200000 -1,000000 -101,000000 0,000000 0,000000
272 1675208214 15409,600000 -1,000000 -101,000000 0,000000 0,000000
272 1675208215 15409,600000 -1,000000 -101,000000 0,000000 0,000000
272 1675208216 15409,600000 -1,000000 -101,000000 0,000000 0,000000
272 1675208217 15409,600000 -1,000000 -101,000000 0,000000 0,000000
272 1675208218 15409,600000 -1,000000 -101,000000 0,000000 0,000000
272 1675208219 15894,400000 -1,000000 -101,000000 0,000000 0,000000
272 1675208220 15894,400000 -1,000000 -101,000000 0,000000 0,000000
272 1675208221 15894,400000 -1,000000 -101,000000 0,000000 0,000000
272 1675208222 15894,400000 -1,000000 -101,000000 0,000000 0,000000
272 1675208223 15894,400000 -1,000000 -101,000000 0,000000 0,000000
272 1675208224 23520,600000 -1,000000 -101,000000 0,000000 0,000000
272 1675208225 23520,600000 -1,000000 -101,000000 0,000000 0,000000
272 1675208226 23520,600000 -1,000000 -101,000000 0,000000 0,000000
272 1675208227 23520,600000 -1,000000 -101,000000 0,000000 0,000000
272 1675208228 23520,600000 -1,000000 -101,000000 0,000000 0,000000
272 1675208229 17238,800000 -1,000000 -101,000000 0,000000 0,000000
272 1675208230 17238,800000 -1,000000 -101,000000 0,000000 0,000000
272 1675208231 17238,800000 -1,000000 -101,000000 0,000000 0,000000
272 1675208232 17238,800000 -1,000000 -101,000000 0,000000 0,000000
272 1675208233 17238,800000 -1,000000 -101,000000 0,000000 0,000000
272 1675208234 15091,600000 -1,000000 -101,000000 0,000000 0,000000
272 1675208235 15091,600000 -1,000000 -101,000000 0,000000 0,000000
272 1675208236 15091,600000 -1,000000 -101,000000 0,000000 0,000000
272 1675208237 15091,600000 -1,000000 -101,000000 0,000000 0,000000
272 1675208238 15091,600000 -1,000000 -101,000000 0,000000 0,000000
272 1675208239 1084,400000 -1,000000 -101,000000 0,000000 0,000000
272 1675208240 1084,400000 -1,000000 -101,000000 0,000000 0,000000
272 1675208241 1084,400000 -1,000000 -101,000000 0,000000 0,000000
272 1675208242 1084,400000 -1,000000 -101,000000 0,000000 0,000000
272 1675208243 1084,400000 -1,000000 -101,000000 0,000000 0,000000
272 1675208244 2653,600000 -1,000000 -101,000000 0,000000 0,000000
272 1675208245 2653,600000 -1,000000 -101,000000 0,000000 0,000000
272 1675208246 2653,600000 -1,000000 -101,000000 0,000000 0,000000
272 1675208247 2653,600000 -1,000000 -101,000000 0,000000 0,000000
272 1675208248 2653,600000 -1,000000 -101,000000 0,000000 0,000000
272 1675208249 3607,800000 -1,000000 -101,000000 0,000000 0,000000
272 1675208250 3607,800000 -1,000000 -101,000000 0,000000 0,000000
272 1675208251 3607,800000 -1,000000 -101,000000 0,000000 0,000000
272 1675208252 3607,800000 -1,000000 -101,000000 0,000000 0,000000
272 1675208253 3607,800000 -1,000000 -101,000000 0,000000 0,000000
272 1675208254 4760,400000 -1,000000 -101,000000 0,000000 0,000000
272 1675208255 4760,400000 -1,000000 -101,000000 0,000000 0,000000
272 1675208256 4760,400000 -1,000000 -101,000000 0,000000 0,000000
272 1675208257 4760,400000 -1,000000 -101,000000 0,000000 0,000000
272 1675208258 4760,400000 -1,000000 -101,000000 0,000000 0,000000
272 1675208259 6494,200000 -1,000000 -101,000000 0,000000 0,000000
272 1675208260 6494,200000 -1,000000 -101,000000 0,000000 0,000000
272 1675208261 6494,200000 -1,000000 -101,000000 0,000000 0,000000
272 1675208262 6494,200000 -1,000000 -101,000000 0,000000 0,000000
272 1675208263 6494,200000 -1,000000 -101,000000 0,000000 0,000000
272 1675208269 6660,800000 -1,000000 -101,000000 0,000000 0,000000
272 1675208270 6660,800000 -1,000000 -101,000000 0,000000 0,000000
272 1675208271 6660,800000 -1,000000 -101,000000 0,000000 0,000000
272 1675208272 6660,800000 -1,000000 -101,000000 0,000000 0,000000
272 1675208273 6660,800000 -1,000000 -101,000000 0,000000 0,000000
272 1675208274 816,000000 -1,000000 -101,000000 0,000000 0,000000
272 1675208275 816,000000 -1,000000 -101,000000 0,000000 0,000000
272 1675208276 816,000000 -1,000000 -101,000000 0,000000 0,000000
272 1675208277 816,000000 -1,000000 -101,000000 0,000000 0,000000
272 1675208278 816,000000 -1,000000 -101,000000 0,000000 0,000000
272 1675208279 10094,000000 -1,000000 -101,000000 0,000000 0,000000
272 1675208280 10094,000000 -1,000000 -101,000000 0,000000 0,000000
272 1675208281 10094,000000 -1,000000 -101,000000 0,000000 0,000000
272 1675208282 10094,000000 -1,000000 -101,000000 0,000000 0,000000
272 1675208283 10094,000000 -1,000000 -101,000000 0,000000 0,000000
272 1675208284 28493,400000 -1,000000 -101,000000 0,000000 0,000000
272 1675208285 28493,400000 -1,000000 -101,000000 0,000000 0,000000
272 1675208286 28493,400000 -1,000000 -101,000000 0,000000 0,000000
272 1675208287 28493,400000 -1,000000 -101,000000 0,000000 0,000000
272 1675208288 28493,400000 -1,000000 -101,000000 0,000000 0,000000
272 1675208289 4002,400000 -1,000000 -101,000000 0,000000 0,000000
272 1675208290 4002,400000 -1,000000 -101,000000 0,000000 0,000000
272 1675208291 4002,400000 -1,000000 -101,000000 0,000000 0,000000
272 1675208292 4002,400000 -1,000000 -101,000000 0,000000 0,000000
272 1675208293 4002,400000 -1,000000 -101,000000 0,000000 0,000000
272 1675208294 11894,200000 -1,000000 -101,000000 0,000000 0,000000
272 1675208295 11894,200000 -1,000000 -101,000000 0,000000 0,000000
272 1675208296 11894,200000 -1,000000 -101,000000 0,000000 0,000000
272 1675208297 11894,200000 -1,000000 -101,000000 0,000000 0,000000
272 1675208298 11894,200000 -1,000000 -101,000000 0,000000 0,000000
272 1675208299 17636,400000 -1,000000 -101,000000 0,000000 0,000000
272 1675208300 17636,400000 -1,000000 -101,000000 0,000000 0,000000
272 1675208301 17636,400000 -1,000000 -101,000000 0,000000 0,000000
272 1675208302 17636,400000 -1,000000 -101,000000 0,000000 0,000000
272 1675208303 17636,400000 -1,000000 -101,000000 0,000000 0,000000
272 1675208304 2196,800000 -1,000000 -101,000000 0,000000 0,000000
272 1675208305 2196,800000 -1,000000 -101,000000 0,000000 0,000000
272 1675208306 2196,800000 -1,000000 -101,000000 0,000000 0,000000
272 1675208307 2196,800000 -1,000000 -101,000000 0,000000 0,000000
272 1675208308 2196,800000 -1,000000 -101,000000 0,000000 0,000000
272 1675208309 2655,000000 -1,000000 -101,000000 0,000000 0,000000
272 1675208310 2655,000000 -1,000000 -101,000000 0,000000 0,000000
272 1675208311 2655,000000 -1,000000 -101,000000 0,000000 0,000000
272 1675208312 2655,000000 -1,000000 -101,000000 0,000000 0,000000
272 1675208313 2655,000000 -1,000000 -101,000000 0,000000 0,000000
272 1675208314 5774,800000 -1,000000 -101,000000 0,000000 0,000000
272 1675208315 5774,800000 -1,000000 -101,000000 0,000000 0,000000
272 1675208316 5774,800000 -1,000000 -101,000000 0,000000 0,000000
272 1675208317 5774,800000 -1,000000 -101,000000 0,000000 0,000000
272 1675208318 5774,800000 -1,000000 -101,000000 0,000000 0,000000
272 1675208319 21988,800000 -1,000000 -101,000000 0,000000 0,000000
272 1675208320 21988,800000 -1,000000 -101,000000 0,000000 0,000000
272 1675208321 21988,800000 -1,000000 -101,000000 0,000000 0,000000
272 1675208322 21988,800000 -1,000000 -101,000000 0,000000 0,000000
272 1675208323 21988,800000 -1,000000 -101,000000 0,000000 0,000000
272 1675208324 24165,600000 -1,000000 -101,000000 0,000000 0,000000
272 1675208325 24165,600000 -1,000000 -101,000000 0,000000 0,000000
272 1675208326 24165,600000 -1,000000 -101,000000 0,000000 0,000000
272 1675208327 24165,600000 -1,000000 -101,000000 0,000000 0,000000
272 1675208328 24165,600000 -1,000000 -101,000000 0,000000 0,000000
272 1675208329 16453,400000 -1,000000 -101,000000 0,000000 0,000000
272 1675208330 16453,400000 -1,000000 -101,000000 0,000000 0,000000
272 1675208331 16453,400000 -1,000000 -101,000000 0,000000 0,000000
272 1675208332 16453,400000 -1,000000 -101,000000 0,000000 0,000000
272 1675208333 16453,400000 -1,000000 -101,000000 0,000000 0,000000
272 1675208334 15540,600000 -1,000000 -101,000000 0,000000 0,000000
272 1675208335 15540,600000 -1,000000 -101,000000 0,000000 0,000000
272 1675208336 15540,600000 -1,000000 -101,000000 0,000000 0,000000
272 1675208337 15540,600000 -1,000000 -101,000000 0,000000 0,000000
272 1675208338 15540,600000 -1,000000 -101,000000 0,000000 0,000000
272 1675208339 13727,400000 -1,000000 -101,000000 0,000000 0,000000
272 1675208340 13727,400000 -1,000000 -101,000000 0,000000 0,000000
272 1675208341 13727,400000 -1,000000 -101,000000 0,000000 0,000000
272 1675208342 13727,400000 -1,000000 -101,000000 0,000000 0,000000
272 1675208343 13727,400000 -1,000000 -101,000000 0,000000 0,000000
272 1675208344 3608,200000 -1,000000 -101,000000 0,000000 0,000000
272 1675208345 3608,200000 -1,000000 -101,000000 0,000000 0,000000
272 1675208346 3608,200000 -1,000000 -101,000000 0,000000 0,000000
272 1675208347 3608,200000 -1,000000 -101,000000 0,000000 0,000000
272 1675208348 3608,200000 -1,000000 -101,000000 0,000000 0,000000
272 1675208349 17360,600000 -1,000000 -101,000000 0,000000 0,000000
272 1675208350 17360,600000 -1,000000 -101,000000 0,000000 0,000000
272 1675208351 17360,600000 -1,000000 -101,000000 0,000000 0,000000
272 1675208352 17360,600000 -1,000000 -101,000000 0,000000 0,000000
272 1675208353 17360,600000 -1,000000 -101,000000 0,000000 0,000000
272 1675208354 12574,000000 -1,000000 -101,000000 0,000000 0,000000
272 1675208355 12574,000000 -1,000000 -101,000000 0,000000 0,000000
272 1675208356 12574,000000 -1,000000 -101,000000 0,000000 0,000000
272 1675208357 12574,000000 -1,000000 -101,000000 0,000000 0,000000
272 1675208358 12574,000000 -1,000000 -101,000000 0,000000 0,000000
272 1675208359 2126,800000 -1,000000 -101,000000 0,000000 0,000000
272 1675208360 2126,800000 -1,000000 -101,000000 0,000000 0,000000
272 1675208361 2126,800000 -1,000000 -101,000000 0,000000 0,000000
272 1675208362 2126,800000 -1,000000 -101,000000 0,000000 0,000000
272 1675208363 2126,800000 -1,000000 -101,000000 0,000000 0,000000
272 1675208364 2036,400000 -1,000000 -101,000000 0,000000 0,000000
272 1675208365 2036,400000 -1,000000 -101,000000 0,000000 0,000000
272 1675208366 2036,400000 -1,000000 -101,000000 0,000000 0,000000
272 1675208367 2036,400000 -1,000000 -101,000000 0,000000 0,000000
272 1675208368 2036,400000 -1,000000 -101,000000 0,000000 0,000000
272 1675208369 1854,400000 -1,000000 -101,000000 0,000000 0,000000
272 1675208370 1854,400000 -1,000000 -101,000000 0,000000 0,000000
272 1675208371 1854,400000 -1,000000 -101,000000 0,000000 0,000000
272 1675208372 1854,400000 -1,000000 -101,000000 0,000000 0,000000
272 1675208373 1854,400000 -1,000000 -101,000000 0,000000 0,000000
272 1675208374 2168,600000 -1,000000 -101,000000 0,000000 0,000000
272 1675208375 2168,600000 -1,000000 -101,000000 0,000000 0,000000
272 1675208376 2168,600000 -1,000000 -101,000000 0,000000 0,000000
272 1675208377 2168,600000 -1,000000 -101,000000 0,000000 0,000000
272 1675208378 2168,600000 -1,000000 -101,000000 0,000000 0,000000
272 1675208379 4758,000000 -1,000000 -101,000000 0,000000 0,000000
272 1675208380 4758,000000 -1,000000 -101,000000 0,000000 0,000000
272 1675208381 4758,000000 -1,000000 -101,000000 0,000000 0,000000
272 1675208382 4758,000000 -1,000000 -101,000000 0,000000 0,000000
272 1675208383 4758,000000 -1,000000 -101,000000 0,000000 0,000000
272 1675208384 5000,400000 -1,000000 -101,000000 0,000000 0,000000
272 1675208385 5000,400000 -1,000000 -101,000000 0,000000 0,000000
272 1675208386 5000,400000 -1,000000 -101,000000 0,000000 0,000000
272 1675208387 5000,400000 -1,000000 -101,000000 0,000000 0,000000
272 1675208388 5000,400000 -1,000000 -101,000000 0,000000 0,000000
272 1675208389 22812,800000 -1,000000 -101,000000 0,000000 0,000000
272 1675208390 22812,800000 -1,000000 -101,000000 0,000000 0,000000
272 1675208391 22812,800000 -1,000000 -101,000000 0,000000 0,000000
272 1675208392 22812,800000 -1,000000 -101,000000 0,000000 0,000000
272 1675208393 22812,800000 -1,000000 -101,000000 0,000000 0,000000
272 1675208394 5194,200000 -1,000000 -101,000000 0,000000 0,000000
272 1675208395 5194,200000 -1,000000 -101,000000 0,000000 0,000000
272 1675208396 5194,200000 -1,000000 -101,000000 0,000000 0,000000
272 1675208397 5194,200000 -1,000000 -101,000000 0,000000 0,000000
272 1675208398 5194,200000 -1,000000 -101,000000 0,000000 0,000000
272 1675208399 17894,400000 -1,000000 -101,000000 0,000000 0,000000
272 1675208400 17894,400000 -1,000000 -101,000000 0,000000 0,000000
272 1675208401 17894,400000 -1,000000 -101,000000 0,000000 0,000000
272 1675208402 17894,400000 -1,000000 -101,000000 0,000000 0,000000
272 1675208403 17894,400000 -1,000000 -101,000000 0,000000 0,000000
272 1675208404 5646,600000 -1,000000 -101,000000 0,000000 0,000000
272 1675208405 5646,600000 -1,000000 -101,000000 0,000000 0,000000
272 1675208406 5646,600000 -1,000000 -101,000000 0,000000 0,000000
272 1675208407 5646,600000 -1,000000 -101,000000 0,000000 0,000000
272 1675208408 5646,600000 -1,000000 -101,000000 0,000000 0,000000
272 1675208409 15380,400000 -1,000000 -101,000000 0,000000 0,000000
272 1675208410 15380,400000 -1,000000 -101,000000 0,000000 0,000000
272 1675208411 15380,400000 -1,000000 -101,000000 0,000000 0,000000
272 1675208412 15380,400000 -1,000000 -101,000000 0,000000 0,000000
272 1675208413 15380,400000 -1,000000 -101,000000 0,000000 0,000000
272 1675208414 3314,000000 -1,000000 -101,000000 0,000000 0,000000
272 1675208415 3314,000000 -1,000000 -101,000000 0,000000 0,000000
272 1675208416 3314,000000 -1,000000 -101,000000 0,000000 0,000000
272 1675208417 3314,000000 -1,000000 -101,000000 0,000000 0,000000
272 1675208418 3314,000000 -1,000000 -101,000000 0,000000 0,000000
272 1675208419 12566,600000 -1,000000 -101,000000 0,000000 0,000000
272 1675208420 12566,600000 -1,000000 -101,000000 0,000000 0,000000
272 1675208421 12566,600000 -1,000000 -101,000000 0,000000 0,000000
272 1675208422 12566,600000 -1,000000 -101,000000 0,000000 0,000000
272 1675208423 12566,600000 -1,000000 -101,000000 0,000000 0,000000
272 1675208424 12893,000000 -1,000000 -101,000000 0,000000 0,000000
272 1675208425 12893,000000 -1,000000 -101,000000 0,000000 0,000000
272 1675208426 12893,000000 -1,000000 -101,000000 0,000000 0,000000
272 1675208427 12893,000000 -1,000000 -101,000000 0,000000 0,000000
272 1675208428 12893,000000 -1,000000 -101,000000 0,000000 0,000000
272 1675208429 12999,000000 -1,000000 -101,000000 0,000000 0,000000
272 1675208430 12999,000000 -1,000000 -101,000000 0,000000 0,000000
272 1675208431 12999,000000 -1,000000 -101,000000 0,000000 0,000000
272 1675208432 12999,000000 -1,000000 -101,000000 0,000000 0,000000
272 1675208433 12999,000000 -1,000000 -101,000000 0,000000 0,000000
272 1675208434 13658,000000 -1,000000 -101,000000 0,000000 0,000000
272 1675208435 13658,000000 -1,000000 -101,000000 0,000000 0,000000
272 1675208436 13658,000000 -1,000000 -101,000000 0,000000 0,000000
272 1675208437 13658,000000 -1,000000 -101,000000 0,000000 0,000000
272 1675208438 13658,000000 -1,000000 -101,000000 0,000000 0,000000
272 1675208439 5157,000000 -1,000000 -101,000000 0,000000 0,000000
272 1675208440 5157,000000 -1,000000 -101,000000 0,000000 0,000000
272 1675208441 5157,000000 -1,000000 -101,000000 0,000000 0,000000
272 1675208442 5157,000000 -1,000000 -101,000000 0,000000 0,000000
272 1675208443 5157,000000 -1,000000 -101,000000 0,000000 0,000000
272 1675208444 4193,000000 -1,000000 -101,000000 0,000000 0,000000
272 1675208445 4193,000000 -1,000000 -101,000000 0,000000 0,000000
272 1675208446 4193,000000 -1,000000 -101,000000 0,000000 0,000000
272 1675208447 4193,000000 -1,000000 -101,000000 0,000000 0,000000
272 1675208448 4193,000000 -1,000000 -101,000000 0,000000 0,000000
272 1675208449 4802,800000 -1,000000 -101,000000 0,000000 0,000000
272 1675208450 4802,800000 -1,000000 -101,000000 0,000000 0,000000
272 1675208451 4802,800000 -1,000000 -101,000000 0,000000 0,000000
272 1675208452 4802,800000 -1,000000 -101,000000 0,000000 0,000000
272 1675208453 4802,800000 -1,000000 -101,000000 0,000000 0,000000
272 1675208454 2292,200000 -1,000000 -101,000000 0,000000 0,000000
272 1675208455 2292,200000 -1,000000 -101,000000 0,000000 0,000000
272 1675208456 2292,200000 -1,000000 -101,000000 0,000000 0,000000
272 1675208457 2292,200000 -1,000000 -101,000000 0,000000 0,000000
272 1675208458 2292,200000 -1,000000 -101,000000 0,000000 0,000000
272 1675208459 777,200000 -1,000000 -101,000000 0,000000 0,000000
272 1675208460 777,200000 -1,000000 -101,000000 0,000000 0,000000
272 1675208461 777,200000 -1,000000 -101,000000 0,000000 0,000000
272 1675208462 777,200000 -1,000000 -101,000000 0,000000 0,000000
272 1675208463 777,200000 -1,000000 -101,000000 0,000000 0,000000
272 1675208464 1682,400000 -1,000000 -101,000000 0,000000 0,000000
272 1675208465 1682,400000 -1,000000 -101,000000 0,000000 0,000000
272 1675208466 1682,400000 -1,000000 -101,000000 0,000000 0,000000
272 1675208467 1682,400000 -1,000000 -101,000000 0,000000 0,000000
272 1675208468 1682,400000 -1,000000 -101,000000 0,000000 0,000000
272 1675208469 3471,800000 -1,000000 -101,000000 0,000000 0,000000
272 1675208470 3471,800000 -1,000000 -101,000000 0,000000 0,000000
272 1675208471 3471,800000 -1,000000 -101,000000 0,000000 0,000000
272 1675208472 3471,800000 -1,000000 -101,000000 0,000000 0,000000
272 1675208473 3471,800000 -1,000000 -101,000000 0,000000 0,000000
272 1675208474 15619,000000 -1,000000 -101,000000 0,000000 0,000000
272 1675208475 15619,000000 -1,000000 -101,000000 0,000000 0,000000
272 1675208476 15619,000000 -1,000000 -101,000000 0,000000 0,000000
272 1675208477 15619,000000 -1,000000 -101,000000 0,000000 0,000000
272 1675208478 15619,000000 -1,000000 -101,000000 0,000000 0,000000
272 1675208479 4231,800000 -1,000000 -101,000000 0,000000 0,000000
272 1675208480 4231,800000 -1,000000 -101,000000 0,000000 0,000000
272 1675208481 4231,800000 -1,000000 -101,000000 0,000000 0,000000
272 1675208482 4231,800000 -1,000000 -101,000000 0,000000 0,000000
272 1675208483 4231,800000 -1,000000 -101,000000 0,000000 0,000000
272 1675208484 3842,600000 -1,000000 -101,000000 0,000000 0,000000
272 1675208485 3842,600000 -1,000000 -101,000000 0,000000 0,000000
272 1675208486 3842,600000 -1,000000 -101,000000 0,000000 0,000000
272 1675208487 3842,600000 -1,000000 -101,000000 0,000000 0,000000
272 1675208488 3842,600000 -1,000000 -101,000000 0,000000 0,000000
272 1675208489 3354,800000 -1,000000 -101,000000 0,000000 0,000000
272 1675208490 3354,800000 -1,000000 -101,000000 0,000000 0,000000
272 1675208491 3354,800000 -1,000000 -101,000000 0,000000 0,000000
272 1675208492 3354,800000 -1,000000 -101,000000 0,000000 0,000000
272 1675208493 3354,800000 -1,000000 -101,000000 0,000000 0,000000
272 1675208494 3211,400000 -1,000000 -101,000000 0,000000 0,000000
272 1675208495 3211,400000 -1,000000 -101,000000 0,000000 0,000000
272 1675208496 3211,400000 -1,000000 -101,000000 0,000000 0,000000
272 1675208497 3211,400000 -1,000000 -101,000000 0,000000 0,000000
272 1675208498 3211,400000 -1,000000 -101,000000 0,000000 0,000000
272 1675208499 21079,000000 -1,000000 -101,000000 0,000000 0,000000
272 1675208500 21079,000000 -1,000000 -101,000000 0,000000 0,000000
272 1675208501 21079,000000 -1,000000 -101,000000 0,000000 0,000000
272 1675208502 21079,000000 -1,000000 -101,000000 0,000000 0,000000
272 1675208503 21079,000000 -1,000000 -101,000000 0,000000 0,000000
272 1675208504 4792,800000 -1,000000 -101,000000 0,000000 0,000000
272 1675208505 4792,800000 -1,000000 -101,000000 0,000000 0,000000
272 1675208506 4792,800000 -1,000000 -101,000000 0,000000 0,000000
272 1675208507 4792,800000 -1,000000 -101,000000 0,000000 0,000000
272 1675208508 4792,800000 -1,000000 -101,000000 0,000000 0,000000
272 1675208509 4996,800000 -1,000000 -101,000000 0,000000 0,000000
272 1675208510 4996,800000 -1,000000 -101,000000 0,000000 0,000000
272 1675208511 4996,800000 -1,000000 -101,000000 0,000000 0,000000
272 1675208512 4996,800000 -1,000000 -101,000000 0,000000 0,000000
272 1675208513 4996,800000 -1,000000 -101,000000 0,000000 0,000000
272 1675208514 6241,800000 -1,000000 -101,000000 0,000000 0,000000
272 1675208515 6241,800000 -1,000000 -101,000000 0,000000 0,000000
272 1675208516 6241,800000 -1,000000 -101,000000 0,000000 0,000000
272 1675208517 6241,800000 -1,000000 -101,000000 0,000000 0,000000
272 1675208518 6241,800000 -1,000000 -101,000000 0,000000 0,000000
272 1675208519 13738,600000 -1,000000 -101,000000 0,000000 0,000000
272 1675208520 13738,600000 -1,000000 -101,000000 0,000000 0,000000
272 1675208521 13738,600000 -1,000000 -101,000000 0,000000 0,000000
272 1675208522 13738,600000 -1,000000 -101,000000 0,000000 0,000000
272 1675208523 13738,600000 -1,000000 -101,000000 0,000000 0,000000
272 1675208524 27150,800000 -1,000000 -101,000000 0,000000 0,000000
272 1675208525 27150,800000 -1,000000 -101,000000 0,000000 0,000000
272 1675208526 27150,800000 -1,000000 -101,000000 0,000000 0,000000
272 1675208527 27150,800000 -1,000000 -101,000000 0,000000 0,000000
272 1675208528 27150,800000 -1,000000 -101,000000 0,000000 0,000000
272 1675208529 18435,600000 -1,000000 -101,000000 0,000000 0,000000
272 1675208530 18435,600000 -1,000000 -101,000000 0,000000 0,000000
272 1675208531 18435,600000 -1,000000 -101,000000 0,000000 0,000000
272 1675208532 18435,600000 -1,000000 -101,000000 0,000000 0,000000
272 1675208533 18435,600000 -1,000000 -101,000000 0,000000 0,000000
272 1675208534 32147,000000 -1,000000 -101,000000 0,000000 0,000000
272 1675208535 32147,000000 -1,000000 -101,000000 0,000000 0,000000
272 1675208536 32147,000000 -1,000000 -101,000000 0,000000 0,000000
272 1675208537 32147,000000 -1,000000 -101,000000 0,000000 0,000000
272 1675208538 32147,000000 -1,000000 -101,000000 0,000000 0,000000
272 1675208539 1641,200000 -1,000000 -101,000000 0,000000 0,000000
272 1675208540 1641,200000 -1,000000 -101,000000 0,000000 0,000000
272 1675208541 1641,200000 -1,000000 -101,000000 0,000000 0,000000
272 1675208542 1641,200000 -1,000000 -101,000000 0,000000 0,000000
272 1675208543 1641,200000 -1,000000 -101,000000 0,000000 0,000000
272 1675208544 2656,200000 -1,000000 -101,000000 0,000000 0,000000
272 1675208545 2656,200000 -1,000000 -101,000000 0,000000 0,000000
272 1675208546 2656,200000 -1,000000 -101,000000 0,000000 0,000000
272 1675208547 2656,200000 -1,000000 -101,000000 0,000000 0,000000
272 1675208548 2656,200000 -1,000000 -101,000000 0,000000 0,000000
272 1675208549 3607,200000 -1,000000 -101,000000 0,000000 0,000000
272 1675208550 3607,200000 -1,000000 -101,000000 0,000000 0,000000
272 1675208551 3607,200000 -1,000000 -101,000000 0,000000 0,000000
272 1675208552 3607,200000 -1,000000 -101,000000 0,000000 0,000000
272 1675208553 3607,200000 -1,000000 -101,000000 0,000000 0,000000
272 1675208554 4761,200000 -1,000000 -101,000000 0,000000 0,000000
272 1675208555 4761,200000 -1,000000 -101,000000 0,000000 0,000000
272 1675208556 4761,200000 -1,000000 -101,000000 0,000000 0,000000
272 1675208557 4761,200000 -1,000000 -101,000000 0,000000 0,000000
272 1675208558 4761,200000 -1,000000 -101,000000 0,000000 0,000000
272 1675208559 5412,000000 -1,000000 -101,000000 0,000000 0,000000
272 1675208560 5412,000000 -1,000000 -101,000000 0,000000 0,000000
272 1675208561 5412,000000 -1,000000 -101,000000 0,000000 0,000000
272 1675208562 5412,000000 -1,000000 -101,000000 0,000000 0,000000
272 1675208563 5412,000000 -1,000000 -101,000000 0,000000 0,000000
272 1675208564 4305,600000 -1,000000 -101,000000 0,000000 0,000000
272 1675208565 4305,600000 -1,000000 -101,000000 0,000000 0,000000
272 1675208566 4305,600000 -1,000000 -101,000000 0,000000 0,000000
272 1675208567 4305,600000 -1,000000 -101,000000 0,000000 0,000000
272 1675208568 4305,600000 -1,000000 -101,000000 0,000000 0,000000
272 1675208569 3984,000000 -1,000000 -101,000000 0,000000 0,000000
272 1675208570 3984,000000 -1,000000 -101,000000 0,000000 0,000000
272 1675208571 3984,000000 -1,000000 -101,000000 0,000000 0,000000
272 1675208572 3984,000000 -1,000000 -101,000000 0,000000 0,000000
272 1675208573 3984,000000 -1,000000 -101,000000 0,000000 0,000000
272 1675208574 6784,800000 -1,000000 -101,000000 0,000000 0,000000
272 1675208575 6784,800000 -1,000000 -101,000000 0,000000 0,000000
272 1675208576 6784,800000 -1,000000 -101,000000 0,000000 0,000000
272 1675208577 6784,800000 -1,000000 -101,000000 0,000000 0,000000
272 1675208578 6784,800000 -1,000000 -101,000000 0,000000 0,000000
272 1675208579 3259,400000 -1,000000 -101,000000 0,000000 0,000000
272 1675208580 3259,400000 -1,000000 -101,000000 0,000000 0,000000
272 1675208581 3259,400000 -1,000000 -101,000000 0,000000 0,000000
272 1675208582 3259,400000 -1,000000 -101,000000 0,000000 0,000000
272 1675208583 3259,400000 -1,000000 -101,000000 0,000000 0,000000
272 1675208584 12269,400000 -1,000000 -101,000000 0,000000 0,000000
272 1675208585 12269,400000 -1,000000 -101,000000 0,000000 0,000000
272 1675208586 12269,400000 -1,000000 -101,000000 0,000000 0,000000
272 1675208587 12269,400000 -1,000000 -101,000000 0,000000 0,000000
272 1675208588 12269,400000 -1,000000 -101,000000 0,000000 0,000000
272 1675208589 4977,800000 -1,000000 -101,000000 0,000000 0,000000
272 1675208590 4977,800000 -1,000000 -101,000000 0,000000 0,000000
272 1675208591 4977,800000 -1,000000 -101,000000 0,000000 0,000000
272 1675208592 4977,800000 -1,000000 -101,000000 0,000000 0,000000
272 1675208593 4977,800000 -1,000000 -101,000000 0,000000 0,000000
272 1675208594 13597,000000 -1,000000 -101,000000 0,000000 0,000000
272 1675208595 13597,000000 -1,000000 -101,000000 0,000000 0,000000
272 1675208596 13597,000000 -1,000000 -101,000000 0,000000 0,000000
272 1675208597 13597,000000 -1,000000 -101,000000 0,000000 0,000000
272 1675208598 13597,000000 -1,000000 -101,000000 0,000000 0,000000
272 1675208599 2453,400000 -1,000000 -101,000000 0,000000 0,000000
272 1675208600 2453,400000 -1,000000 -101,000000 0,000000 0,000000
272 1675208601 2453,400000 -1,000000 -101,000000 0,000000 0,000000
272 1675208602 2453,400000 -1,000000 -101,000000 0,000000 0,000000
272 1675208603 2453,400000 -1,000000 -101,000000 0,000000 0,000000
272 1675208604 3538,600000 -1,000000 -101,000000 0,000000 0,000000
272 1675208605 3538,600000 -1,000000 -101,000000 0,000000 0,000000
272 1675208606 3538,600000 -1,000000 -101,000000 0,000000 0,000000
272 1675208607 3538,600000 -1,000000 -101,000000 0,000000 0,000000
272 1675208608 3538,600000 -1,000000 -101,000000 0,000000 0,000000
272 1675208609 29553,600000 -1,000000 -101,000000 0,000000 0,000000
272 1675208610 29553,600000 -1,000000 -101,000000 0,000000 0,000000
272 1675208611 29553,600000 -1,000000 -101,000000 0,000000 0,000000
