276 1675207204 0,800000 -1,000000 -101,000000 0,000000 0,000000
276 1675207205 0,800000 -1,000000 -101,000000 0,000000 0,000000
276 1675207206 0,800000 -1,000000 -101,000000 0,000000 0,000000
276 1675207207 0,800000 -1,000000 -101,000000 0,000000 0,000000
276 1675207208 0,800000 -1,000000 -101,000000 0,000000 0,000000
276 1675207209 0,800000 -1,000000 -101,000000 0,000000 0,000000
276 1675207210 0,800000 -1,000000 -101,000000 0,000000 0,000000
276 1675207211 0,800000 -1,000000 -101,000000 0,000000 0,000000
276 1675207212 0,800000 -1,000000 -101,000000 0,000000 0,000000
276 1675207213 0,800000 -1,000000 -101,000000 0,000000 0,000000
276 1675207219 0,800000 -1,000000 -101,000000 0,000000 0,000000
276 1675207220 0,800000 -1,000000 -101,000000 0,000000 0,000000
276 1675207221 0,800000 -1,000000 -101,000000 0,000000 0,000000
276 1675207222 0,800000 -1,000000 -101,000000 0,000000 0,000000
276 1675207223 0,800000 -1,000000 -101,000000 0,000000 0,000000
276 1675207224 1,400000 -1,000000 -101,000000 0,000000 0,000000
276 1675207225 1,400000 -1,000000 -101,000000 0,000000 0,000000
276 1675207226 1,400000 -1,000000 -101,000000 0,000000 0,000000
276 1675207227 1,400000 -1,000000 -101,000000 0,000000 0,000000
276 1675207228 1,400000 -1,000000 -101,000000 0,000000 0,000000
276 1675207229 1,600000 -1,000000 -101,000000 0,000000 0,000000
276 1675207230 1,600000 -1,000000 -101,000000 0,000000 0,000000
276 1675207231 1,600000 -1,000000 -101,000000 0,000000 0,000000
276 1675207232 1,600000 -1,000000 -101,000000 0,000000 0,000000
276 1675207233 1,600000 -1,000000 -101,000000 0,000000 0,000000
276 1675207234 0,800000 -1,000000 -101,000000 0,000000 0,000000
276 1675207235 0,800000 -1,000000 -101,000000 0,000000 0,000000
276 1675207236 0,800000 -1,000000 -101,000000 0,000000 0,000000
276 1675207237 0,800000 -1,000000 -101,000000 0,000000 0,000000
276 1675207238 0,800000 -1,000000 -101,000000 0,000000 0,000000
276 1675207239 1,400000 -1,000000 -101,000000 0,000000 0,000000
276 1675207240 1,400000 -1,000000 -101,000000 0,000000 0,000000
276 1675207241 1,400000 -1,000000 -101,000000 0,000000 0,000000
276 1675207242 1,400000 -1,000000 -101,000000 0,000000 0,000000
276 1675207243 1,400000 -1,000000 -101,000000 0,000000 0,000000
276 1675207244 1,200000 -1,000000 -101,000000 0,000000 0,000000
276 1675207245 1,200000 -1,000000 -101,000000 0,000000 0,000000
276 1675207246 1,200000 -1,000000 -101,000000 0,000000 0,000000
276 1675207247 1,200000 -1,000000 -101,000000 0,000000 0,000000
276 1675207248 1,200000 -1,000000 -101,000000 0,000000 0,000000
276 1675207249 1,800000 -1,000000 -101,000000 0,000000 0,000000
276 1675207250 1,800000 -1,000000 -101,000000 0,000000 0,000000
276 1675207251 1,800000 -1,000000 -101,000000 0,000000 0,000000
276 1675207252 1,800000 -1,000000 -101,000000 0,000000 0,000000
276 1675207253 1,800000 -1,000000 -101,000000 0,000000 0,000000
276 1675207254 2,000000 -1,000000 -101,000000 0,000000 0,000000
276 1675207255 2,000000 -1,000000 -101,000000 0,000000 0,000000
276 1675207256 2,000000 -1,000000 -101,000000 0,000000 0,000000
276 1675207257 2,000000 -1,000000 -101,000000 0,000000 0,000000
276 1675207258 2,000000 -1,000000 -101,000000 0,000000 0,000000
276 1675207259 2,600000 -1,000000 -101,000000 0,000000 0,000000
276 1675207260 2,600000 -1,000000 -101,000000 0,000000 0,000000
276 1675207261 2,600000 -1,000000 -101,000000 0,000000 0,000000
276 1675207262 2,600000 -1,000000 -101,000000 0,000000 0,000000
276 1675207263 2,600000 -1,000000 -101,000000 0,000000 0,000000
276 1675207264 2,200000 -1,000000 -101,000000 0,000000 0,000000
276 1675207265 2,200000 -1,000000 -101,000000 0,000000 0,000000
276 1675207266 2,200000 -1,000000 -101,000000 0,000000 0,000000
276 1675207267 2,200000 -1,000000 -101,000000 0,000000 0,000000
276 1675207268 2,200000 -1,000000 -101,000000 0,000000 0,000000
276 1675207269 1,800000 -1,000000 -101,000000 0,000000 0,000000
276 1675207270 1,800000 -1,000000 -101,000000 0,000000 0,000000
276 1675207271 1,800000 -1,000000 -101,000000 0,000000 0,000000
276 1675207272 1,800000 -1,000000 -101,000000 0,000000 0,000000
276 1675207273 1,800000 -1,000000 -101,000000 0,000000 0,000000
276 1675207274 3,000000 -1,000000 -101,000000 0,000000 0,000000
276 1675207275 3,000000 -1,000000 -101,000000 0,000000 0,000000
276 1675207276 3,000000 -1,000000 -101,000000 0,000000 0,000000
276 1675207277 3,000000 -1,000000 -101,000000 0,000000 0,000000
276 1675207278 3,000000 -1,000000 -101,000000 0,000000 0,000000
276 1675207279 5,000000 -1,000000 -101,000000 0,000000 0,000000
276 1675207280 5,000000 -1,000000 -101,000000 0,000000 0,000000
276 1675207281 5,000000 -1,000000 -101,000000 0,000000 0,000000
276 1675207282 5,000000 -1,000000 -101,000000 0,000000 0,000000
276 1675207283 5,000000 -1,000000 -101,000000 0,000000 0,000000
276 1675207284 6,400000 -1,000000 -101,000000 0,000000 0,000000
276 1675207285 6,400000 -1,000000 -101,000000 0,000000 0,000000
276 1675207286 6,400000 -1,000000 -101,000000 0,000000 0,000000
276 1675207287 6,400000 -1,000000 -101,000000 0,000000 0,000000
276 1675207288 6,400000 -1,000000 -101,000000 0,000000 0,000000
276 1675207289 0,200000 -1,000000 -101,000000 0,000000 0,000000
276 1675207290 0,200000 -1,000000 -101,000000 0,000000 0,000000
276 1675207291 0,200000 -1,000000 -101,000000 0,000000 0,000000
276 1675207292 0,200000 -1,000000 -101,000000 0,000000 0,000000
276 1675207293 0,200000 -1,000000 -101,000000 0,000000 0,000000
276 1675207294 1,400000 -1,000000 -101,000000 0,000000 0,000000
276 1675207295 1,400000 -1,000000 -101,000000 0,000000 0,000000
276 1675207296 1,400000 -1,000000 -101,000000 0,000000 0,000000
276 1675207297 1,400000 -1,000000 -101,000000 0,000000 0,000000
276 1675207298 1,400000 -1,000000 -101,000000 0,000000 0,000000
276 1675207299 0,800000 -1,000000 -101,000000 0,000000 0,000000
276 1675207300 0,800000 -1,000000 -101,000000 0,000000 0,000000
276 1675207301 0,800000 -1,000000 -101,000000 0,000000 0,000000
276 1675207302 0,800000 -1,000000 -101,000000 0,000000 0,000000
276 1675207303 0,800000 -1,000000 -101,000000 0,000000 0,000000
276 1675207309 2,400000 -1,000000 -101,000000 0,000000 0,000000
276 1675207310 2,400000 -1,000000 -101,000000 0,000000 0,000000
276 1675207311 2,400000 -1,000000 -101,000000 0,000000 0,000000
276 1675207312 2,400000 -1,000000 -101,000000 0,000000 0,000000
276 1675207313 2,400000 -1,000000 -101,000000 0,000000 0,000000
276 1675207314 3,600000 -1,000000 -101,000000 0,000000 0,000000
276 1675207315 3,600000 -1,000000 -101,000000 0,000000 0,000000
276 1675207316 3,600000 -1,000000 -101,000000 0,000000 0,000000
276 1675207317 3,600000 -1,000000 -101,000000 0,000000 0,000000
276 1675207318 3,600000 -1,000000 -101,000000 0,000000 0,000000
276 1675207319 6,400000 -1,000000 -101,000000 0,000000 0,000000
276 1675207320 6,400000 -1,000000 -101,000000 0,000000 0,000000
276 1675207321 6,400000 -1,000000 -101,000000 0,000000 0,000000
276 1675207322 6,400000 -1,000000 -101,000000 0,000000 0,000000
276 1675207323 6,400000 -1,000000 -101,000000 0,000000 0,000000
276 1675207324 4,800000 -1,000000 -101,000000 0,000000 0,000000
276 1675207325 4,800000 -1,000000 -101,000000 0,000000 0,000000
276 1675207326 4,800000 -1,000000 -101,000000 0,000000 0,000000
276 1675207327 4,800000 -1,000000 -101,000000 0,000000 0,000000
276 1675207328 4,800000 -1,000000 -101,000000 0,000000 0,000000
276 1675207329 3,600000 -1,000000 -101,000000 0,000000 0,000000
276 1675207330 3,600000 -1,000000 -101,000000 0,000000 0,000000
276 1675207331 3,600000 -1,000000 -101,000000 0,000000 0,000000
276 1675207332 3,600000 -1,000000 -101,000000 0,000000 0,000000
276 1675207333 3,600000 -1,000000 -101,000000 0,000000 0,000000
276 1675207334 2,000000 -1,000000 -101,000000 0,000000 0,000000
276 1675207335 2,000000 -1,000000 -101,000000 0,000000 0,000000
276 1675207336 2,000000 -1,000000 -101,000000 0,000000 0,000000
276 1675207337 2,000000 -1,000000 -101,000000 0,000000 0,000000
276 1675207338 2,000000 -1,000000 -101,000000 0,000000 0,000000
276 1675207339 1,800000 -1,000000 -101,000000 0,000000 0,000000
276 1675207340 1,800000 -1,000000 -101,000000 0,000000 0,000000
276 1675207341 1,800000 -1,000000 -101,000000 0,000000 0,000000
276 1675207342 1,800000 -1,000000 -101,000000 0,000000 0,000000
276 1675207343 1,800000 -1,000000 -101,000000 0,000000 0,000000
276 1675207344 4,800000 -1,000000 -101,000000 0,000000 0,000000
276 1675207345 4,800000 -1,000000 -101,000000 0,000000 0,000000
276 1675207346 4,800000 -1,000000 -101,000000 0,000000 0,000000
276 1675207347 4,800000 -1,000000 -101,000000 0,000000 0,000000
276 1675207348 4,800000 -1,000000 -101,000000 0,000000 0,000000
276 1675207349 2,800000 -1,000000 -101,000000 0,000000 0,000000
276 1675207350 2,800000 -1,000000 -101,000000 0,000000 0,000000
276 1675207351 2,800000 -1,000000 -101,000000 0,000000 0,000000
276 1675207352 2,800000 -1,000000 -101,000000 0,000000 0,000000
276 1675207353 2,800000 -1,000000 -101,000000 0,000000 0,000000
276 1675207354 3,800000 -1,000000 -101,000000 0,000000 0,000000
276 1675207355 3,800000 -1,000000 -101,000000 0,000000 0,000000
276 1675207356 3,800000 -1,000000 -101,000000 0,000000 0,000000
276 1675207357 3,800000 -1,000000 -101,000000 0,000000 0,000000
276 1675207358 3,800000 -1,000000 -101,000000 0,000000 0,000000
276 1675207359 2,000000 -1,000000 -101,000000 0,000000 0,000000
276 1675207360 2,000000 -1,000000 -101,000000 0,000000 0,000000
276 1675207361 2,000000 -1,000000 -101,000000 0,000000 0,000000
276 1675207362 2,000000 -1,000000 -101,000000 0,000000 0,000000
276 1675207363 2,000000 -1,000000 -101,000000 0,000000 0,000000
276 1675207364 0,200000 -1,000000 -101,000000 0,000000 0,000000
276 1675207365 0,200000 -1,000000 -101,000000 0,000000 0,000000
276 1675207366 0,200000 -1,000000 -101,000000 0,000000 0,000000
276 1675207367 0,200000 -1,000000 -101,000000 0,000000 0,000000
276 1675207368 0,200000 -1,000000 -101,000000 0,000000 0,000000
276 1675207369 1,400000 -1,000000 -101,000000 0,000000 0,000000
276 1675207370 1,400000 -1,000000 -101,000000 0,000000 0,000000
276 1675207371 1,400000 -1,000000 -101,000000 0,000000 0,000000
276 1675207372 1,400000 -1,000000 -101,000000 0,000000 0,000000
276 1675207373 1,400000 -1,000000 -101,000000 0,000000 0,000000
276 1675207374 2,200000 -1,000000 -101,000000 0,000000 0,000000
276 1675207375 2,200000 -1,000000 -101,000000 0,000000 0,000000
276 1675207376 2,200000 -1,000000 -101,000000 0,000000 0,000000
276 1675207377 2,200000 -1,000000 -101,000000 0,000000 0,000000
276 1675207378 2,200000 -1,000000 -101,000000 0,000000 0,000000
276 1675207379 4,400000 -1,000000 -101,000000 0,000000 0,000000
276 1675207380 4,400000 -1,000000 -101,000000 0,000000 0,000000
276 1675207381 4,400000 -1,000000 -101,000000 0,000000 0,000000
276 1675207382 4,400000 -1,000000 -101,000000 0,000000 0,000000
276 1675207383 4,400000 -1,000000 -101,000000 0,000000 0,000000
276 1675207384 4,000000 -1,000000 -101,000000 0,000000 0,000000
276 1675207385 4,000000 -1,000000 -101,000000 0,000000 0,000000
276 1675207386 4,000000 -1,000000 -101,000000 0,000000 0,000000
276 1675207387 4,000000 -1,000000 -101,000000 0,000000 0,000000
276 1675207388 4,000000 -1,000000 -101,000000 0,000000 0,000000
276 1675207389 1,200000 -1,000000 -101,000000 0,000000 0,000000
276 1675207390 1,200000 -1,000000 -101,000000 0,000000 0,000000
276 1675207391 1,200000 -1,000000 -101,000000 0,000000 0,000000
276 1675207392 1,200000 -1,000000 -101,000000 0,000000 0,000000
276 1675207393 1,200000 -1,000000 -101,000000 0,000000 0,000000
263 1675207194 0,200000 -1,000000 -101,000000 0,000000 0,000000
263 1675207195 0,200000 -1,000000 -101,000000 0,000000 0,000000
263 1675207196 0,200000 -1,000000 -101,000000 0,000000 0,000000
263 1675207197 0,200000 -1,000000 -101,000000 0,000000 0,000000
263 1675207198 0,200000 -1,000000 -101,000000 0,000000 0,000000
276 1675207394 6,000000 -1,000000 -101,000000 0,000000 0,000000
276 1675207395 6,000000 -1,000000 -101,000000 0,000000 0,000000
276 1675207396 6,000000 -1,000000 -101,000000 0,000000 0,000000
276 1675207397 6,000000 -1,000000 -101,000000 0,000000 0,000000
276 1675207398 6,000000 -1,000000 -101,000000 0,000000 0,000000
276 1675207399 3,200000 -1,000000 -101,000000 0,000000 0,000000
276 1675207400 3,200000 -1,000000 -101,000000 0,000000 0,000000
276 1675207401 3,200000 -1,000000 -101,000000 0,000000 0,000000
276 1675207402 3,200000 -1,000000 -101,000000 0,000000 0,000000
276 1675207403 3,200000 -1,000000 -101,000000 0,000000 0,000000
276 1675207404 2,000000 -1,000000 -101,000000 0,000000 0,000000
276 1675207405 2,000000 -1,000000 -101,000000 0,000000 0,000000
276 1675207406 2,000000 -1,000000 -101,000000 0,000000 0,000000
276 1675207407 2,000000 -1,000000 -101,000000 0,000000 0,000000
276 1675207408 2,000000 -1,000000 -101,000000 0,000000 0,000000
276 1675207409 3,200000 -1,000000 -101,000000 0,000000 0,000000
276 1675207410 3,200000 -1,000000 -101,000000 0,000000 0,000000
276 1675207411 3,200000 -1,000000 -101,000000 0,000000 0,000000
276 1675207412 3,200000 -1,000000 -101,000000 0,000000 0,000000
276 1675207413 3,200000 -1,000000 -101,000000 0,000000 0,000000
276 1675207414 2,600000 -1,000000 -101,000000 0,000000 0,000000
276 1675207415 2,600000 -1,000000 -101,000000 0,000000 0,000000
276 1675207416 2,600000 -1,000000 -101,000000 0,000000 0,000000
276 1675207417 2,600000 -1,000000 -101,000000 0,000000 0,000000
276 1675207418 2,600000 -1,000000 -101,000000 0,000000 0,000000
276 1675207419 5,400000 -1,000000 -101,000000 0,000000 0,000000
276 1675207420 5,400000 -1,000000 -101,000000 0,000000 0,000000
276 1675207421 5,400000 -1,000000 -101,000000 0,000000 0,000000
276 1675207422 5,400000 -1,000000 -101,000000 0,000000 0,000000
276 1675207423 5,400000 -1,000000 -101,000000 0,000000 0,000000
276 1675207424 3,800000 -1,000000 -101,000000 0,000000 0,000000
276 1675207425 3,800000 -1,000000 -101,000000 0,000000 0,000000
276 1675207426 3,800000 -1,000000 -101,000000 0,000000 0,000000
276 1675207427 3,800000 -1,000000 -101,000000 0,000000 0,000000
276 1675207428 3,800000 -1,000000 -101,000000 0,000000 0,000000
276 1675207429 3,800000 -1,000000 -101,000000 0,000000 0,000000
276 1675207430 3,800000 -1,000000 -101,000000 0,000000 0,000000
276 1675207431 3,800000 -1,000000 -101,000000 0,000000 0,000000
276 1675207432 3,800000 -1,000000 -101,000000 0,000000 0,000000
276 1675207433 3,800000 -1,000000 -101,000000 0,000000 0,000000
276 1675207434 2,600000 -1,000000 -101,000000 0,000000 0,000000
276 1675207435 2,600000 -1,000000 -101,000000 0,000000 0,000000
276 1675207436 2,600000 -1,000000 -101,000000 0,000000 0,000000
276 1675207437 2,600000 -1,000000 -101,000000 0,000000 0,000000
276 1675207438 2,600000 -1,000000 -101,000000 0,000000 0,000000
276 1675207439 4,000000 -1,000000 -101,000000 0,000000 0,000000
276 1675207440 4,000000 -1,000000 -101,000000 0,000000 0,000000
276 1675207441 4,000000 -1,000000 -101,000000 0,000000 0,000000
276 1675207442 4,000000 -1,000000 -101,000000 0,000000 0,000000
276 1675207443 4,000000 -1,000000 -101,000000 0,000000 0,000000
276 1675207444 4,000000 -1,000000 -101,000000 0,000000 0,000000
276 1675207445 4,000000 -1,000000 -101,000000 0,000000 0,000000
276 1675207446 4,000000 -1,000000 -101,000000 0,000000 0,000000
276 1675207447 4,000000 -1,000000 -101,000000 0,000000 0,000000
276 1675207448 4,000000 -1,000000 -101,000000 0,000000 0,000000
276 1675207449 1,800000 -1,000000 -101,000000 0,000000 0,000000
276 1675207450 1,800000 -1,000000 -101,000000 0,000000 0,000000
276 1675207451 1,800000 -1,000000 -101,000000 0,000000 0,000000
276 1675207452 1,800000 -1,000000 -101,000000 0,000000 0,000000
276 1675207453 1,800000 -1,000000 -101,000000 0,000000 0,000000
263 1675207449 0,200000 -1,000000 -101,000000 0,000000 0,000000
263 1675207450 0,200000 -1,000000 -101,000000 0,000000 0,000000
263 1675207451 0,200000 -1,000000 -101,000000 0,000000 0,000000
263 1675207452 0,200000 -1,000000 -101,000000 0,000000 0,000000
263 1675207453 0,200000 -1,000000 -101,000000 0,000000 0,000000
276 1675207454 1,600000 -1,000000 -101,000000 0,000000 0,000000
276 1675207455 1,600000 -1,000000 -101,000000 0,000000 0,000000
276 1675207456 1,600000 -1,000000 -101,000000 0,000000 0,000000
276 1675207457 1,600000 -1,000000 -101,000000 0,000000 0,000000
276 1675207458 1,600000 -1,000000 -101,000000 0,000000 0,000000
276 1675207459 0,600000 -1,000000 -101,000000 0,000000 0,000000
276 1675207460 0,600000 -1,000000 -101,000000 0,000000 0,000000
276 1675207461 0,600000 -1,000000 -101,000000 0,000000 0,000000
276 1675207462 0,600000 -1,000000 -101,000000 0,000000 0,000000
276 1675207463 0,600000 -1,000000 -101,000000 0,000000 0,000000
276 1675207464 1,200000 -1,000000 -101,000000 0,000000 0,000000
276 1675207465 1,200000 -1,000000 -101,000000 0,000000 0,000000
276 1675207466 1,200000 -1,000000 -101,000000 0,000000 0,000000
276 1675207467 1,200000 -1,000000 -101,000000 0,000000 0,000000
276 1675207468 1,200000 -1,000000 -101,000000 0,000000 0,000000
263 1675207459 0,200000 -1,000000 -101,000000 0,000000 0,000000
263 1675207460 0,200000 -1,000000 -101,000000 0,000000 0,000000
263 1675207461 0,200000 -1,000000 -101,000000 0,000000 0,000000
263 1675207462 0,200000 -1,000000 -101,000000 0,000000 0,000000
263 1675207463 0,200000 -1,000000 -101,000000 0,000000 0,000000
276 1675207469 3,000000 -1,000000 -101,000000 0,000000 0,000000
276 1675207470 3,000000 -1,000000 -101,000000 0,000000 0,000000
276 1675207471 3,000000 -1,000000 -101,000000 0,000000 0,000000
276 1675207472 3,000000 -1,000000 -101,000000 0,000000 0,000000
276 1675207473 3,000000 -1,000000 -101,000000 0,000000 0,000000
276 1675207474 0,800000 -1,000000 -101,000000 0,000000 0,000000
276 1675207475 0,800000 -1,000000 -101,000000 0,000000 0,000000
276 1675207476 0,800000 -1,000000 -101,000000 0,000000 0,000000
276 1675207477 0,800000 -1,000000 -101,000000 0,000000 0,000000
276 1675207478 0,800000 -1,000000 -101,000000 0,000000 0,000000
276 1675207489 0,800000 -1,000000 -101,000000 0,000000 0,000000
276 1675207490 0,800000 -1,000000 -101,000000 0,000000 0,000000
276 1675207491 0,800000 -1,000000 -101,000000 0,000000 0,000000
276 1675207492 0,800000 -1,000000 -101,000000 0,000000 0,000000
276 1675207493 0,800000 -1,000000 -101,000000 0,000000 0,000000
276 1675207494 1,400000 -1,000000 -101,000000 0,000000 0,000000
276 1675207495 1,400000 -1,000000 -101,000000 0,000000 0,000000
276 1675207496 1,400000 -1,000000 -101,000000 0,000000 0,000000
276 1675207497 1,400000 -1,000000 -101,000000 0,000000 0,000000
276 1675207498 1,400000 -1,000000 -101,000000 0,000000 0,000000
276 1675207499 4,800000 -1,000000 -101,000000 0,000000 0,000000
276 1675207500 4,800000 -1,000000 -101,000000 0,000000 0,000000
276 1675207501 4,800000 -1,000000 -101,000000 0,000000 0,000000
276 1675207502 4,800000 -1,000000 -101,000000 0,000000 0,000000
276 1675207503 4,800000 -1,000000 -101,000000 0,000000 0,000000
276 1675207504 7,800000 -1,000000 -101,000000 0,000000 0,000000
276 1675207505 7,800000 -1,000000 -101,000000 0,000000 0,000000
276 1675207506 7,800000 -1,000000 -101,000000 0,000000 0,000000
276 1675207507 7,800000 -1,000000 -101,000000 0,000000 0,000000
276 1675207508 7,800000 -1,000000 -101,000000 0,000000 0,000000
276 1675207509 5,200000 -1,000000 -101,000000 0,000000 0,000000
276 1675207510 5,200000 -1,000000 -101,000000 0,000000 0,000000
276 1675207511 5,200000 -1,000000 -101,000000 0,000000 0,000000
276 1675207512 5,200000 -1,000000 -101,000000 0,000000 0,000000
276 1675207513 5,200000 -1,000000 -101,000000 0,000000 0,000000
276 1675207514 3,400000 -1,000000 -101,000000 0,000000 0,000000
276 1675207515 3,400000 -1,000000 -101,000000 0,000000 0,000000
276 1675207516 3,400000 -1,000000 -101,000000 0,000000 0,000000
276 1675207517 3,400000 -1,000000 -101,000000 0,000000 0,000000
276 1675207518 3,400000 -1,000000 -101,000000 0,000000 0,000000
276 1675207519 5,000000 -1,000000 -101,000000 0,000000 0,000000
276 1675207520 5,000000 -1,000000 -101,000000 0,000000 0,000000
276 1675207521 5,000000 -1,000000 -101,000000 0,000000 0,000000
276 1675207522 5,000000 -1,000000 -101,000000 0,000000 0,000000
276 1675207523 5,000000 -1,000000 -101,000000 0,000000 0,000000
276 1675207524 3,400000 -1,000000 -101,000000 0,000000 0,000000
276 1675207525 3,400000 -1,000000 -101,000000 0,000000 0,000000
276 1675207526 3,400000 -1,000000 -101,000000 0,000000 0,000000
276 1675207527 3,400000 -1,000000 -101,000000 0,000000 0,000000
276 1675207528 3,400000 -1,000000 -101,000000 0,000000 0,000000
276 1675207529 3,200000 -1,000000 -101,000000 0,000000 0,000000
276 1675207530 3,200000 -1,000000 -101,000000 0,000000 0,000000
276 1675207531 3,200000 -1,000000 -101,000000 0,000000 0,000000
276 1675207532 3,200000 -1,000000 -101,000000 0,000000 0,000000
276 1675207533 3,200000 -1,000000 -101,000000 0,000000 0,000000
276 1675207534 0,200000 -1,000000 -101,000000 0,000000 0,000000
276 1675207535 0,200000 -1,000000 -101,000000 0,000000 0,000000
276 1675207536 0,200000 -1,000000 -101,000000 0,000000 0,000000
276 1675207537 0,200000 -1,000000 -101,000000 0,000000 0,000000
276 1675207538 0,200000 -1,000000 -101,000000 0,000000 0,000000
276 1675207539 1,200000 -1,000000 -101,000000 0,000000 0,000000
276 1675207540 1,200000 -1,000000 -101,000000 0,000000 0,000000
276 1675207541 1,200000 -1,000000 -101,000000 0,000000 0,000000
276 1675207542 1,200000 -1,000000 -101,000000 0,000000 0,000000
276 1675207543 1,200000 -1,000000 -101,000000 0,000000 0,000000
276 1675207544 3,000000 -1,000000 -101,000000 0,000000 0,000000
276 1675207545 3,000000 -1,000000 -101,000000 0,000000 0,000000
276 1675207546 3,000000 -1,000000 -101,000000 0,000000 0,000000
276 1675207547 3,000000 -1,000000 -101,000000 0,000000 0,000000
276 1675207548 3,000000 -1,000000 -101,000000 0,000000 0,000000
276 1675207549 1,200000 -1,000000 -101,000000 0,000000 0,000000
276 1675207550 1,200000 -1,000000 -101,000000 0,000000 0,000000
276 1675207551 1,200000 -1,000000 -101,000000 0,000000 0,000000
276 1675207552 1,200000 -1,000000 -101,000000 0,000000 0,000000
276 1675207553 1,200000 -1,000000 -101,000000 0,000000 0,000000
276 1675207554 0,200000 -1,000000 -101,000000 0,000000 0,000000
276 1675207555 0,200000 -1,000000 -101,000000 0,000000 0,000000
276 1675207556 0,200000 -1,000000 -101,000000 0,000000 0,000000
276 1675207557 0,200000 -1,000000 -101,000000 0,000000 0,000000
276 1675207558 0,200000 -1,000000 -101,000000 0,000000 0,000000
276 1675207559 2,200000 -1,000000 -101,000000 0,000000 0,000000
276 1675207560 2,200000 -1,000000 -101,000000 0,000000 0,000000
276 1675207561 2,200000 -1,000000 -101,000000 0,000000 0,000000
276 1675207562 2,200000 -1,000000 -101,000000 0,000000 0,000000
276 1675207563 2,200000 -1,000000 -101,000000 0,000000 0,000000
263 1675207474 0,200000 -1,000000 -101,000000 0,000000 0,000000
263 1675207475 0,200000 -1,000000 -101,000000 0,000000 0,000000
263 1675207476 0,200000 -1,000000 -101,000000 0,000000 0,000000
263 1675207477 0,200000 -1,000000 -101,000000 0,000000 0,000000
263 1675207478 0,200000 -1,000000 -101,000000 0,000000 0,000000
263 1675207509 0,200000 -1,000000 -101,000000 0,000000 0,000000
263 1675207510 0,200000 -1,000000 -101,000000 0,000000 0,000000
263 1675207511 0,200000 -1,000000 -101,000000 0,000000 0,000000
263 1675207512 0,200000 -1,000000 -101,000000 0,000000 0,000000
263 1675207513 0,200000 -1,000000 -101,000000 0,000000 0,000000
263 1675207524 0,200000 -1,000000 -101,000000 0,000000 0,000000
263 1675207525 0,200000 -1,000000 -101,000000 0,000000 0,000000
263 1675207526 0,200000 -1,000000 -101,000000 0,000000 0,000000
263 1675207527 0,200000 -1,000000 -101,000000 0,000000 0,000000
263 1675207528 0,200000 -1,000000 -101,000000 0,000000 0,000000
276 1675207564 2,200000 -1,000000 -101,000000 0,000000 0,000000
276 1675207565 2,200000 -1,000000 -101,000000 0,000000 0,000000
276 1675207566 2,200000 -1,000000 -101,000000 0,000000 0,000000
276 1675207567 2,200000 -1,000000 -101,000000 0,000000 0,000000
276 1675207568 2,200000 -1,000000 -101,000000 0,000000 0,000000
276 1675207569 4,000000 -1,000000 -101,000000 0,000000 0,000000
276 1675207570 4,000000 -1,000000 -101,000000 0,000000 0,000000
276 1675207571 4,000000 -1,000000 -101,000000 0,000000 0,000000
276 1675207572 4,000000 -1,000000 -101,000000 0,000000 0,000000
276 1675207573 4,000000 -1,000000 -101,000000 0,000000 0,000000
276 1675207574 4,600000 -1,000000 -101,000000 0,000000 0,000000
276 1675207575 4,600000 -1,000000 -101,000000 0,000000 0,000000
276 1675207576 4,600000 -1,000000 -101,000000 0,000000 0,000000
276 1675207577 4,600000 -1,000000 -101,000000 0,000000 0,000000
276 1675207578 4,600000 -1,000000 -101,000000 0,000000 0,000000
276 1675207579 2,600000 -1,000000 -101,000000 0,000000 0,000000
276 1675207580 2,600000 -1,000000 -101,000000 0,000000 0,000000
276 1675207581 2,600000 -1,000000 -101,000000 0,000000 0,000000
276 1675207582 2,600000 -1,000000 -101,000000 0,000000 0,000000
276 1675207583 2,600000 -1,000000 -101,000000 0,000000 0,000000
276 1675207584 4,000000 -1,000000 -101,000000 0,000000 0,000000
276 1675207585 4,000000 -1,000000 -101,000000 0,000000 0,000000
276 1675207586 4,000000 -1,000000 -101,000000 0,000000 0,000000
276 1675207587 4,000000 -1,000000 -101,000000 0,000000 0,000000
276 1675207588 4,000000 -1,000000 -101,000000 0,000000 0,000000
276 1675207589 3,400000 -1,000000 -101,000000 0,000000 0,000000
276 1675207590 3,400000 -1,000000 -101,000000 0,000000 0,000000
276 1675207591 3,400000 -1,000000 -101,000000 0,000000 0,000000
276 1675207592 3,400000 -1,000000 -101,000000 0,000000 0,000000
276 1675207593 3,400000 -1,000000 -101,000000 0,000000 0,000000
276 1675207594 2,800000 -1,000000 -101,000000 0,000000 0,000000
276 1675207595 2,800000 -1,000000 -101,000000 0,000000 0,000000
276 1675207596 2,800000 -1,000000 -101,000000 0,000000 0,000000
276 1675207597 2,800000 -1,000000 -101,000000 0,000000 0,000000
276 1675207598 2,800000 -1,000000 -101,000000 0,000000 0,000000
276 1675207599 1,800000 -1,000000 -101,000000 0,000000 0,000000
276 1675207600 1,800000 -1,000000 -101,000000 0,000000 0,000000
276 1675207601 1,800000 -1,000000 -101,000000 0,000000 0,000000
276 1675207602 1,800000 -1,000000 -101,000000 0,000000 0,000000
276 1675207603 1,800000 -1,000000 -101,000000 0,000000 0,000000
276 1675207604 1,600000 -1,000000 -101,000000 0,000000 0,000000
276 1675207605 1,600000 -1,000000 -101,000000 0,000000 0,000000
276 1675207606 1,600000 -1,000000 -101,000000 0,000000 0,000000
276 1675207607 1,600000 -1,000000 -101,000000 0,000000 0,000000
276 1675207608 1,600000 -1,000000 -101,000000 0,000000 0,000000
276 1675207609 1,600000 -1,000000 -101,000000 0,000000 0,000000
276 1675207610 1,600000 -1,000000 -101,000000 0,000000 0,000000
276 1675207611 1,600000 -1,000000 -101,000000 0,000000 0,000000
276 1675207612 1,600000 -1,000000 -101,000000 0,000000 0,000000
276 1675207613 1,600000 -1,000000 -101,000000 0,000000 0,000000
276 1675207614 3,600000 -1,000000 -101,000000 0,000000 0,000000
276 1675207615 3,600000 -1,000000 -101,000000 0,000000 0,000000
276 1675207616 3,600000 -1,000000 -101,000000 0,000000 0,000000
276 1675207617 3,600000 -1,000000 -101,000000 0,000000 0,000000
276 1675207618 3,600000 -1,000000 -101,000000 0,000000 0,000000
276 1675207619 5,400000 -1,000000 -101,000000 0,000000 0,000000
276 1675207620 5,400000 -1,000000 -101,000000 0,000000 0,000000
276 1675207621 5,400000 -1,000000 -101,000000 0,000000 0,000000
276 1675207622 5,400000 -1,000000 -101,000000 0,000000 0,000000
276 1675207623 5,400000 -1,000000 -101,000000 0,000000 0,000000
276 1675207624 3,400000 -1,000000 -101,000000 0,000000 0,000000
276 1675207625 3,400000 -1,000000 -101,000000 0,000000 0,000000
276 1675207626 3,400000 -1,000000 -101,000000 0,000000 0,000000
276 1675207627 3,400000 -1,000000 -101,000000 0,000000 0,000000
276 1675207628 3,400000 -1,000000 -101,000000 0,000000 0,000000
276 1675207629 4,600000 -1,000000 -101,000000 0,000000 0,000000
276 1675207630 4,600000 -1,000000 -101,000000 0,000000 0,000000
276 1675207631 4,600000 -1,000000 -101,000000 0,000000 0,000000
276 1675207632 4,600000 -1,000000 -101,000000 0,000000 0,000000
276 1675207633 4,600000 -1,000000 -101,000000 0,000000 0,000000
276 1675207634 3,800000 -1,000000 -101,000000 0,000000 0,000000
276 1675207635 3,800000 -1,000000 -101,000000 0,000000 0,000000
276 1675207636 3,800000 -1,000000 -101,000000 0,000000 0,000000
276 1675207637 3,800000 -1,000000 -101,000000 0,000000 0,000000
276 1675207638 3,800000 -1,000000 -101,000000 0,000000 0,000000
276 1675207639 2,600000 -1,000000 -101,000000 0,000000 0,000000
276 1675207640 2,600000 -1,000000 -101,000000 0,000000 0,000000
276 1675207641 2,600000 -1,000000 -101,000000 0,000000 0,000000
276 1675207642 2,600000 -1,000000 -101,000000 0,000000 0,000000
276 1675207643 2,600000 -1,000000 -101,000000 0,000000 0,000000
276 1675207644 3,000000 -1,000000 -101,000000 0,000000 0,000000
276 1675207645 3,000000 -1,000000 -101,000000 0,000000 0,000000
276 1675207646 3,000000 -1,000000 -101,000000 0,000000 0,000000
276 1675207647 3,000000 -1,000000 -101,000000 0,000000 0,000000
276 1675207648 3,000000 -1,000000 -101,000000 0,000000 0,000000
276 1675207649 2,600000 -1,000000 -101,000000 0,000000 0,000000
276 1675207650 2,600000 -1,000000 -101,000000 0,000000 0,000000
276 1675207651 2,600000 -1,000000 -101,000000 0,000000 0,000000
276 1675207652 2,600000 -1,000000 -101,000000 0,000000 0,000000
276 1675207653 2,600000 -1,000000 -101,000000 0,000000 0,000000
276 1675207654 5,000000 -1,000000 -101,000000 0,000000 0,000000
276 1675207655 5,000000 -1,000000 -101,000000 0,000000 0,000000
276 1675207656 5,000000 -1,000000 -101,000000 0,000000 0,000000
276 1675207657 5,000000 -1,000000 -101,000000 0,000000 0,000000
276 1675207658 5,000000 -1,000000 -101,000000 0,000000 0,000000
276 1675207659 2,600000 -1,000000 -101,000000 0,000000 0,000000
276 1675207660 2,600000 -1,000000 -101,000000 0,000000 0,000000
276 1675207661 2,600000 -1,000000 -101,000000 0,000000 0,000000
276 1675207662 2,600000 -1,000000 -101,000000 0,000000 0,000000
276 1675207663 2,600000 -1,000000 -101,000000 0,000000 0,000000
276 1675207664 2,800000 -1,000000 -101,000000 0,000000 0,000000
276 1675207665 2,800000 -1,000000 -101,000000 0,000000 0,000000
276 1675207666 2,800000 -1,000000 -101,000000 0,000000 0,000000
276 1675207667 2,800000 -1,000000 -101,000000 0,000000 0,000000
276 1675207668 2,800000 -1,000000 -101,000000 0,000000 0,000000
276 1675207669 1,000000 -1,000000 -101,000000 0,000000 0,000000
276 1675207670 1,000000 -1,000000 -101,000000 0,000000 0,000000
276 1675207671 1,000000 -1,000000 -101,000000 0,000000 0,000000
276 1675207672 1,000000 -1,000000 -101,000000 0,000000 0,000000
276 1675207673 1,000000 -1,000000 -101,000000 0,000000 0,000000
276 1675207674 1,400000 -1,000000 -101,000000 0,000000 0,000000
276 1675207675 1,400000 -1,000000 -101,000000 0,000000 0,000000
276 1675207676 1,400000 -1,000000 -101,000000 0,000000 0,000000
276 1675207677 1,400000 -1,000000 -101,000000 0,000000 0,000000
276 1675207678 1,400000 -1,000000 -101,000000 0,000000 0,000000
276 1675207684 1,600000 -1,000000 -101,000000 0,000000 0,000000
276 1675207685 1,600000 -1,000000 -101,000000 0,000000 0,000000
276 1675207686 1,600000 -1,000000 -101,000000 0,000000 0,000000
276 1675207687 1,600000 -1,000000 -101,000000 0,000000 0,000000
276 1675207688 1,600000 -1,000000 -101,000000 0,000000 0,000000
276 1675207689 3,600000 -1,000000 -101,000000 0,000000 0,000000
276 1675207690 3,600000 -1,000000 -101,000000 0,000000 0,000000
276 1675207691 3,600000 -1,000000 -101,000000 0,000000 0,000000
276 1675207692 3,600000 -1,000000 -101,000000 0,000000 0,000000
276 1675207693 3,600000 -1,000000 -101,000000 0,000000 0,000000
276 1675207694 3,800000 -1,000000 -101,000000 0,000000 0,000000
276 1675207695 3,800000 -1,000000 -101,000000 0,000000 0,000000
276 1675207696 3,800000 -1,000000 -101,000000 0,000000 0,000000
276 1675207697 3,800000 -1,000000 -101,000000 0,000000 0,000000
276 1675207698 3,800000 -1,000000 -101,000000 0,000000 0,000000
276 1675207699 2,400000 -1,000000 -101,000000 0,000000 0,000000
276 1675207700 2,400000 -1,000000 -101,000000 0,000000 0,000000
276 1675207701 2,400000 -1,000000 -101,000000 0,000000 0,000000
276 1675207702 2,400000 -1,000000 -101,000000 0,000000 0,000000
276 1675207703 2,400000 -1,000000 -101,000000 0,000000 0,000000
276 1675207704 2,000000 -1,000000 -101,000000 0,000000 0,000000
276 1675207705 2,000000 -1,000000 -101,000000 0,000000 0,000000
276 1675207706 2,000000 -1,000000 -101,000000 0,000000 0,000000
276 1675207707 2,000000 -1,000000 -101,000000 0,000000 0,000000
276 1675207708 2,000000 -1,000000 -101,000000 0,000000 0,000000
276 1675207768 2,600000 -1,000000 2,600000 2,600000 1,352000
276 1675207767 2,600000 -1,000000 2,600000 2,600000 1,352000
276 1675207766 2,600000 -1,000000 2,600000 2,600000 1,352000
276 1675207765 2,600000 -1,000000 2,600000 2,600000 1,352000
276 1675207764 2,600000 -1,000000 2,600000 2,600000 1,352000
276 1675207763 2,200000 -1,000000 2,200000 2,200000 0,968000
276 1675207762 2,200000 -1,000000 2,200000 2,200000 0,968000
276 1675207761 2,200000 -1,000000 2,200000 2,200000 0,968000
276 1675207760 2,200000 -1,000000 2,200000 2,200000 0,968000
276 1675207759 2,200000 -1,000000 2,200000 2,200000 0,968000
276 1675207758 4,200000 -1,000000 4,200000 4,200000 3,528000
276 1675207757 4,200000 -1,000000 4,200000 4,200000 3,528000
276 1675207756 4,200000 -1,000000 4,200000 4,200000 3,528000
276 1675207755 4,200000 -1,000000 4,200000 4,200000 3,528000
276 1675207754 4,200000 -1,000000 4,200000 4,200000 3,528000
276 1675207753 3,400000 -1,000000 3,400000 3,400000 2,312000
276 1675207752 3,400000 -1,000000 3,400000 3,400000 2,312000
276 1675207751 3,400000 -1,000000 3,400000 3,400000 2,312000
276 1675207750 3,400000 -1,000000 3,400000 3,400000 2,312000
276 1675207749 3,400000 -1,000000 3,400000 3,400000 2,312000
276 1675207748 1,800000 -1,000000 1,800000 1,800000 0,648000
276 1675207747 1,800000 -1,000000 1,800000 1,800000 0,648000
276 1675207746 1,800000 -1,000000 1,800000 1,800000 0,648000
276 1675207745 1,800000 -1,000000 1,800000 1,800000 0,648000
276 1675207744 1,800000 -1,000000 1,800000 1,800000 0,648000
276 1675207743 1,200000 -1,000000 1,200000 1,200000 0,288000
276 1675207742 1,200000 -1,000000 1,200000 1,200000 0,288000
276 1675207741 1,200000 -1,000000 1,200000 1,200000 0,288000
276 1675207740 1,200000 -1,000000 1,200000 1,200000 0,288000
276 1675207739 1,200000 -1,000000 1,200000 1,200000 0,288000
276 1675207738 2,200000 -1,000000 2,200000 2,200000 0,968000
276 1675207737 2,200000 -1,000000 2,200000 2,200000 0,968000
276 1675207736 2,200000 -1,000000 2,200000 2,200000 0,968000
276 1675207735 2,200000 -1,000000 2,200000 2,200000 0,968000
276 1675207734 2,200000 -1,000000 2,200000 2,200000 0,968000
276 1675207733 4,800000 -1,000000 4,800000 4,800000 4,608000
276 1675207732 4,800000 -1,000000 4,800000 4,800000 4,608000
276 1675207731 4,800000 -1,000000 4,800000 4,800000 4,608000
276 1675207730 4,800000 -1,000000 4,800000 4,800000 4,608000
276 1675207729 4,800000 -1,000000 4,800000 4,800000 4,608000
276 1675207728 6,200000 -1,000000 6,200000 6,200000 7,688000
276 1675207727 6,200000 -1,000000 6,200000 6,200000 7,688000
276 1675207726 6,200000 -1,000000 6,200000 6,200000 7,688000
276 1675207725 6,200000 -1,000000 6,200000 6,200000 7,688000
276 1675207724 6,200000 -1,000000 6,200000 6,200000 7,688000
276 1675207723 6,400000 -1,000000 6,400000 6,400000 8,192000
276 1675207722 6,400000 -1,000000 6,400000 6,400000 8,192000
276 1675207721 6,400000 -1,000000 6,400000 6,400000 8,192000
276 1675207720 6,400000 -1,000000 6,400000 6,400000 8,192000
276 1675207719 6,400000 -1,000000 6,400000 6,400000 8,192000
276 1675207718 4,800000 -1,000000 4,800000 4,800000 4,608000
276 1675207717 4,800000 -1,000000 4,800000 4,800000 4,608000
276 1675207716 4,800000 -1,000000 4,800000 4,800000 4,608000
276 1675207715 4,800000 -1,000000 4,800000 4,800000 4,608000
276 1675207714 4,800000 -1,000000 4,800000 4,800000 4,608000
276 1675207713 2,600000 -1,000000 2,600000 2,600000 1,352000
276 1675207712 2,600000 -1,000000 2,600000 2,600000 1,352000
276 1675207711 2,600000 -1,000000 2,600000 2,600000 1,352000
276 1675207710 2,600000 -1,000000 2,600000 2,600000 1,352000
276 1675207709 2,600000 -1,000000 2,600000 2,600000 1,352000
263 1675207623 0,200000 -1,000000 0,200000 0,200000 0,008000
263 1675207622 0,200000 -1,000000 0,200000 0,200000 0,008000
263 1675207621 0,200000 -1,000000 0,200000 0,200000 0,008000
263 1675207620 0,200000 -1,000000 0,200000 0,200000 0,008000
263 1675207619 0,200000 -1,000000 0,200000 0,200000 0,008000
276 1675207709 2,600000 -1,000000 -101,000000 0,000000 0,000000
276 1675207710 2,600000 -1,000000 -101,000000 0,000000 0,000000
276 1675207711 2,600000 -1,000000 -101,000000 0,000000 0,000000
276 1675207712 2,600000 -1,000000 -101,000000 0,000000 0,000000
276 1675207713 2,600000 -1,000000 -101,000000 0,000000 0,000000
276 1675207714 4,800000 -1,000000 -101,000000 0,000000 0,000000
276 1675207715 4,800000 -1,000000 -101,000000 0,000000 0,000000
276 1675207716 4,800000 -1,000000 -101,000000 0,000000 0,000000
276 1675207717 4,800000 -1,000000 -101,000000 0,000000 0,000000
276 1675207718 4,800000 -1,000000 -101,000000 0,000000 0,000000
276 1675207719 6,400000 -1,000000 -101,000000 0,000000 0,000000
276 1675207720 6,400000 -1,000000 -101,000000 0,000000 0,000000
276 1675207721 6,400000 -1,000000 -101,000000 0,000000 0,000000
276 1675207722 6,400000 -1,000000 -101,000000 0,000000 0,000000
276 1675207723 6,400000 -1,000000 -101,000000 0,000000 0,000000
276 1675207724 6,200000 -1,000000 -101,000000 0,000000 0,000000
276 1675207725 6,200000 -1,000000 -101,000000 0,000000 0,000000
276 1675207726 6,200000 -1,000000 -101,000000 0,000000 0,000000
276 1675207727 6,200000 -1,000000 -101,000000 0,000000 0,000000
276 1675207728 6,200000 -1,000000 -101,000000 0,000000 0,000000
276 1675207729 4,800000 -1,000000 -101,000000 0,000000 0,000000
276 1675207730 4,800000 -1,000000 -101,000000 0,000000 0,000000
276 1675207731 4,800000 -1,000000 -101,000000 0,000000 0,000000
276 1675207732 4,800000 -1,000000 -101,000000 0,000000 0,000000
276 1675207733 4,800000 -1,000000 -101,000000 0,000000 0,000000
276 1675207734 2,200000 -1,000000 -101,000000 0,000000 0,000000
276 1675207735 2,200000 -1,000000 -101,000000 0,000000 0,000000
276 1675207736 2,200000 -1,000000 -101,000000 0,000000 0,000000
276 1675207737 2,200000 -1,000000 -101,000000 0,000000 0,000000
276 1675207738 2,200000 -1,000000 -101,000000 0,000000 0,000000
276 1675207739 1,200000 -1,000000 -101,000000 0,000000 0,000000
276 1675207740 1,200000 -1,000000 -101,000000 0,000000 0,000000
276 1675207741 1,200000 -1,000000 -101,000000 0,000000 0,000000
276 1675207742 1,200000 -1,000000 -101,000000 0,000000 0,000000
276 1675207743 1,200000 -1,000000 -101,000000 0,000000 0,000000
276 1675207744 1,800000 -1,000000 -101,000000 0,000000 0,000000
276 1675207745 1,800000 -1,000000 -101,000000 0,000000 0,000000
276 1675207746 1,800000 -1,000000 -101,000000 0,000000 0,000000
276 1675207747 1,800000 -1,000000 -101,000000 0,000000 0,000000
276 1675207748 1,800000 -1,000000 -101,000000 0,000000 0,000000
276 1675207749 3,400000 -1,000000 -101,000000 0,000000 0,000000
276 1675207750 3,400000 -1,000000 -101,000000 0,000000 0,000000
276 1675207751 3,400000 -1,000000 -101,000000 0,000000 0,000000
276 1675207752 3,400000 -1,000000 -101,000000 0,000000 0,000000
276 1675207753 3,400000 -1,000000 -101,000000 0,000000 0,000000
276 1675207754 4,200000 -1,000000 -101,000000 0,000000 0,000000
276 1675207755 4,200000 -1,000000 -101,000000 0,000000 0,000000
276 1675207756 4,200000 -1,000000 -101,000000 0,000000 0,000000
276 1675207757 4,200000 -1,000000 -101,000000 0,000000 0,000000
276 1675207758 4,200000 -1,000000 -101,000000 0,000000 0,000000
276 1675207759 2,200000 -1,000000 -101,000000 0,000000 0,000000
276 1675207760 2,200000 -1,000000 -101,000000 0,000000 0,000000
276 1675207761 2,200000 -1,000000 -101,000000 0,000000 0,000000
276 1675207762 2,200000 -1,000000 -101,000000 0,000000 0,000000
276 1675207763 2,200000 -1,000000 -101,000000 0,000000 0,000000
276 1675207764 2,600000 -1,000000 -101,000000 0,000000 0,000000
276 1675207765 2,600000 -1,000000 -101,000000 0,000000 0,000000
276 1675207766 2,600000 -1,000000 -101,000000 0,000000 0,000000
276 1675207767 2,600000 -1,000000 -101,000000 0,000000 0,000000
276 1675207768 2,600000 -1,000000 -101,000000 0,000000 0,000000
276 1675207769 1,400000 -1,000000 -101,000000 0,000000 0,000000
276 1675207770 1,400000 -1,000000 -101,000000 0,000000 0,000000
276 1675207771 1,400000 -1,000000 -101,000000 0,000000 0,000000
276 1675207772 1,400000 -1,000000 -101,000000 0,000000 0,000000
276 1675207773 1,400000 -1,000000 -101,000000 0,000000 0,000000
276 1675207774 2,400000 -1,000000 -101,000000 0,000000 0,000000
276 1675207775 2,400000 -1,000000 -101,000000 0,000000 0,000000
276 1675207776 2,400000 -1,000000 -101,000000 0,000000 0,000000
276 1675207777 2,400000 -1,000000 -101,000000 0,000000 0,000000
276 1675207778 2,400000 -1,000000 -101,000000 0,000000 0,000000
276 1675207779 4,600000 -1,000000 -101,000000 0,000000 0,000000
276 1675207780 4,600000 -1,000000 -101,000000 0,000000 0,000000
276 1675207781 4,600000 -1,000000 -101,000000 0,000000 0,000000
276 1675207782 4,600000 -1,000000 -101,000000 0,000000 0,000000
276 1675207783 4,600000 -1,000000 -101,000000 0,000000 0,000000
263 1675207619 0,200000 -1,000000 -101,000000 0,000000 0,000000
263 1675207620 0,200000 -1,000000 -101,000000 0,000000 0,000000
263 1675207621 0,200000 -1,000000 -101,000000 0,000000 0,000000
263 1675207622 0,200000 -1,000000 -101,000000 0,000000 0,000000
263 1675207623 0,200000 -1,000000 -101,000000 0,000000 0,000000
276 1675207784 0,600000 -1,000000 -101,000000 0,000000 0,000000
276 1675207785 0,600000 -1,000000 -101,000000 0,000000 0,000000
276 1675207786 0,600000 -1,000000 -101,000000 0,000000 0,000000
276 1675207787 0,600000 -1,000000 -101,000000 0,000000 0,000000
276 1675207788 0,600000 -1,000000 -101,000000 0,000000 0,000000
276 1675207789 3,000000 -1,000000 -101,000000 0,000000 0,000000
276 1675207790 3,000000 -1,000000 -101,000000 0,000000 0,000000
276 1675207791 3,000000 -1,000000 -101,000000 0,000000 0,000000
276 1675207792 3,000000 -1,000000 -101,000000 0,000000 0,000000
276 1675207793 3,000000 -1,000000 -101,000000 0,000000 0,000000
276 1675207794 1,400000 -1,000000 -101,000000 0,000000 0,000000
276 1675207795 1,400000 -1,000000 -101,000000 0,000000 0,000000
276 1675207796 1,400000 -1,000000 -101,000000 0,000000 0,000000
276 1675207797 1,400000 -1,000000 -101,000000 0,000000 0,000000
276 1675207798 1,400000 -1,000000 -101,000000 0,000000 0,000000
276 1675207799 1,600000 -1,000000 -101,000000 0,000000 0,000000
276 1675207800 1,600000 -1,000000 -101,000000 0,000000 0,000000
276 1675207801 1,600000 -1,000000 -101,000000 0,000000 0,000000
276 1675207802 1,600000 -1,000000 -101,000000 0,000000 0,000000
276 1675207803 1,600000 -1,000000 -101,000000 0,000000 0,000000
276 1675207804 1,600000 -1,000000 -101,000000 0,000000 0,000000
276 1675207805 1,600000 -1,000000 -101,000000 0,000000 0,000000
276 1675207806 1,600000 -1,000000 -101,000000 0,000000 0,000000
276 1675207807 1,600000 -1,000000 -101,000000 0,000000 0,000000
276 1675207808 1,600000 -1,000000 -101,000000 0,000000 0,000000
276 1675207809 4,600000 -1,000000 -101,000000 0,000000 0,000000
276 1675207810 4,600000 -1,000000 -101,000000 0,000000 0,000000
276 1675207811 4,600000 -1,000000 -101,000000 0,000000 0,000000
276 1675207812 4,600000 -1,000000 -101,000000 0,000000 0,000000
276 1675207813 4,600000 -1,000000 -101,000000 0,000000 0,000000
276 1675207814 5,400000 -1,000000 -101,000000 0,000000 0,000000
276 1675207815 5,400000 -1,000000 -101,000000 0,000000 0,000000
276 1675207816 5,400000 -1,000000 -101,000000 0,000000 0,000000
276 1675207817 5,400000 -1,000000 -101,000000 0,000000 0,000000
276 1675207818 5,400000 -1,000000 -101,000000 0,000000 0,000000
276 1675207819 6,600000 -1,000000 -101,000000 0,000000 0,000000
276 1675207820 6,600000 -1,000000 -101,000000 0,000000 0,000000
276 1675207821 6,600000 -1,000000 -101,000000 0,000000 0,000000
276 1675207822 6,600000 -1,000000 -101,000000 0,000000 0,000000
276 1675207823 6,600000 -1,000000 -101,000000 0,000000 0,000000
276 1675207824 4,400000 -1,000000 -101,000000 0,000000 0,000000
276 1675207825 4,400000 -1,000000 -101,000000 0,000000 0,000000
276 1675207826 4,400000 -1,000000 -101,000000 0,000000 0,000000
276 1675207827 4,400000 -1,000000 -101,000000 0,000000 0,000000
276 1675207828 4,400000 -1,000000 -101,000000 0,000000 0,000000
276 1675207829 3,800000 -1,000000 -101,000000 0,000000 0,000000
276 1675207830 3,800000 -1,000000 -101,000000 0,000000 0,000000
276 1675207831 3,800000 -1,000000 -101,000000 0,000000 0,000000
276 1675207832 3,800000 -1,000000 -101,000000 0,000000 0,000000
276 1675207833 3,800000 -1,000000 -101,000000 0,000000 0,000000
276 1675207834 3,400000 -1,000000 -101,000000 0,000000 0,000000
276 1675207835 3,400000 -1,000000 -101,000000 0,000000 0,000000
276 1675207836 3,400000 -1,000000 -101,000000 0,000000 0,000000
276 1675207837 3,400000 -1,000000 -101,000000 0,000000 0,000000
276 1675207838 3,400000 -1,000000 -101,000000 0,000000 0,000000
276 1675207839 1,600000 -1,000000 -101,000000 0,000000 0,000000
276 1675207840 1,600000 -1,000000 -101,000000 0,000000 0,000000
276 1675207841 1,600000 -1,000000 -101,000000 0,000000 0,000000
276 1675207842 1,600000 -1,000000 -101,000000 0,000000 0,000000
276 1675207843 1,600000 -1,000000 -101,000000 0,000000 0,000000
276 1675207844 1,000000 -1,000000 -101,000000 0,000000 0,000000
276 1675207845 1,000000 -1,000000 -101,000000 0,000000 0,000000
276 1675207846 1,000000 -1,000000 -101,000000 0,000000 0,000000
276 1675207847 1,000000 -1,000000 -101,000000 0,000000 0,000000
276 1675207848 1,000000 -1,000000 -101,000000 0,000000 0,000000
276 1675207849 1,800000 -1,000000 -101,000000 0,000000 0,000000
276 1675207850 1,800000 -1,000000 -101,000000 0,000000 0,000000
276 1675207851 1,800000 -1,000000 -101,000000 0,000000 0,000000
276 1675207852 1,800000 -1,000000 -101,000000 0,000000 0,000000
276 1675207853 1,800000 -1,000000 -101,000000 0,000000 0,000000
276 1675207854 2,800000 -1,000000 -101,000000 0,000000 0,000000
276 1675207855 2,800000 -1,000000 -101,000000 0,000000 0,000000
276 1675207856 2,800000 -1,000000 -101,000000 0,000000 0,000000
276 1675207857 2,800000 -1,000000 -101,000000 0,000000 0,000000
276 1675207858 2,800000 -1,000000 -101,000000 0,000000 0,000000
276 1675207859 0,200000 -1,000000 -101,000000 0,000000 0,000000
276 1675207860 0,200000 -1,000000 -101,000000 0,000000 0,000000
276 1675207861 0,200000 -1,000000 -101,000000 0,000000 0,000000
276 1675207862 0,200000 -1,000000 -101,000000 0,000000 0,000000
276 1675207863 0,200000 -1,000000 -101,000000 0,000000 0,000000
276 1675207864 1,400000 -1,000000 -101,000000 0,000000 0,000000
276 1675207865 1,400000 -1,000000 -101,000000 0,000000 0,000000
276 1675207866 1,400000 -1,000000 -101,000000 0,000000 0,000000
276 1675207867 1,400000 -1,000000 -101,000000 0,000000 0,000000
276 1675207868 1,400000 -1,000000 -101,000000 0,000000 0,000000
276 1675207869 3,000000 -1,000000 -101,000000 0,000000 0,000000
276 1675207870 3,000000 -1,000000 -101,000000 0,000000 0,000000
276 1675207871 3,000000 -1,000000 -101,000000 0,000000 0,000000
276 1675207872 3,000000 -1,000000 -101,000000 0,000000 0,000000
276 1675207873 3,000000 -1,000000 -101,000000 0,000000 0,000000
276 1675207874 3,000000 -1,000000 -101,000000 0,000000 0,000000
276 1675207875 3,000000 -1,000000 -101,000000 0,000000 0,000000
276 1675207876 3,000000 -1,000000 -101,000000 0,000000 0,000000
276 1675207877 3,000000 -1,000000 -101,000000 0,000000 0,000000
276 1675207878 3,000000 -1,000000 -101,000000 0,000000 0,000000
276 1675207879 4,200000 -1,000000 -101,000000 0,000000 0,000000
276 1675207880 4,200000 -1,000000 -101,000000 0,000000 0,000000
276 1675207881 4,200000 -1,000000 -101,000000 0,000000 0,000000
276 1675207882 4,200000 -1,000000 -101,000000 0,000000 0,000000
276 1675207883 4,200000 -1,000000 -101,000000 0,000000 0,000000
276 1675207884 4,200000 -1,000000 -101,000000 0,000000 0,000000
276 1675207885 4,200000 -1,000000 -101,000000 0,000000 0,000000
276 1675207886 4,200000 -1,000000 -101,000000 0,000000 0,000000
276 1675207887 4,200000 -1,000000 -101,000000 0,000000 0,000000
276 1675207888 4,200000 -1,000000 -101,000000 0,000000 0,000000
276 1675207889 4,600000 -1,000000 -101,000000 0,000000 0,000000
276 1675207890 4,600000 -1,000000 -101,000000 0,000000 0,000000
276 1675207891 4,600000 -1,000000 -101,000000 0,000000 0,000000
276 1675207892 4,600000 -1,000000 -101,000000 0,000000 0,000000
276 1675207893 4,600000 -1,000000 -101,000000 0,000000 0,000000
276 1675207894 2,400000 -1,000000 -101,000000 0,000000 0,000000
276 1675207895 2,400000 -1,000000 -101,000000 0,000000 0,000000
276 1675207896 2,400000 -1,000000 -101,000000 0,000000 0,000000
276 1675207897 2,400000 -1,000000 -101,000000 0,000000 0,000000
276 1675207898 2,400000 -1,000000 -101,000000 0,000000 0,000000
276 1675207899 1,400000 -1,000000 -101,000000 0,000000 0,000000
276 1675207900 1,400000 -1,000000 -101,000000 0,000000 0,000000
276 1675207901 1,400000 -1,000000 -101,000000 0,000000 0,000000
276 1675207902 1,400000 -1,000000 -101,000000 0,000000 0,000000
276 1675207903 1,400000 -1,000000 -101,000000 0,000000 0,000000
276 1675207904 2,400000 -1,000000 -101,000000 0,000000 0,000000
276 1675207905 2,400000 -1,000000 -101,000000 0,000000 0,000000
276 1675207906 2,400000 -1,000000 -101,000000 0,000000 0,000000
276 1675207907 2,400000 -1,000000 -101,000000 0,000000 0,000000
276 1675207908 2,400000 -1,000000 -101,000000 0,000000 0,000000
276 1675207909 1,200000 -1,000000 -101,000000 0,000000 0,000000
276 1675207910 1,200000 -1,000000 -101,000000 0,000000 0,000000
276 1675207911 1,200000 -1,000000 -101,000000 0,000000 0,000000
276 1675207912 1,200000 -1,000000 -101,000000 0,000000 0,000000
276 1675207913 1,200000 -1,000000 -101,000000 0,000000 0,000000
276 1675207914 3,000000 -1,000000 -101,000000 0,000000 0,000000
276 1675207915 3,000000 -1,000000 -101,000000 0,000000 0,000000
276 1675207916 3,000000 -1,000000 -101,000000 0,000000 0,000000
276 1675207917 3,000000 -1,000000 -101,000000 0,000000 0,000000
276 1675207918 3,000000 -1,000000 -101,000000 0,000000 0,000000
276 1675207919 3,200000 -1,000000 -101,000000 0,000000 0,000000
276 1675207920 3,200000 -1,000000 -101,000000 0,000000 0,000000
276 1675207921 3,200000 -1,000000 -101,000000 0,000000 0,000000
276 1675207922 3,200000 -1,000000 -101,000000 0,000000 0,000000
276 1675207923 3,200000 -1,000000 -101,000000 0,000000 0,000000
276 1675207924 2,800000 -1,000000 -101,000000 0,000000 0,000000
276 1675207925 2,800000 -1,000000 -101,000000 0,000000 0,000000
276 1675207926 2,800000 -1,000000 -101,000000 0,000000 0,000000
276 1675207927 2,800000 -1,000000 -101,000000 0,000000 0,000000
276 1675207928 2,800000 -1,000000 -101,000000 0,000000 0,000000
276 1675207929 2,800000 -1,000000 -101,000000 0,000000 0,000000
276 1675207930 2,800000 -1,000000 -101,000000 0,000000 0,000000
276 1675207931 2,800000 -1,000000 -101,000000 0,000000 0,000000
276 1675207932 2,800000 -1,000000 -101,000000 0,000000 0,000000
276 1675207933 2,800000 -1,000000 -101,000000 0,000000 0,000000
276 1675207934 1,000000 -1,000000 -101,000000 0,000000 0,000000
276 1675207935 1,000000 -1,000000 -101,000000 0,000000 0,000000
276 1675207936 1,000000 -1,000000 -101,000000 0,000000 0,000000
276 1675207937 1,000000 -1,000000 -101,000000 0,000000 0,000000
276 1675207938 1,000000 -1,000000 -101,000000 0,000000 0,000000
276 1675207939 3,600000 -1,000000 -101,000000 0,000000 0,000000
276 1675207940 3,600000 -1,000000 -101,000000 0,000000 0,000000
276 1675207941 3,600000 -1,000000 -101,000000 0,000000 0,000000
276 1675207942 3,600000 -1,000000 -101,000000 0,000000 0,000000
276 1675207943 3,600000 -1,000000 -101,000000 0,000000 0,000000
276 1675207944 6,200000 -1,000000 -101,000000 0,000000 0,000000
276 1675207945 6,200000 -1,000000 -101,000000 0,000000 0,000000
276 1675207946 6,200000 -1,000000 -101,000000 0,000000 0,000000
276 1675207947 6,200000 -1,000000 -101,000000 0,000000 0,000000
276 1675207948 6,200000 -1,000000 -101,000000 0,000000 0,000000
276 1675207949 3,200000 -1,000000 -101,000000 0,000000 0,000000
276 1675207950 3,200000 -1,000000 -101,000000 0,000000 0,000000
276 1675207951 3,200000 -1,000000 -101,000000 0,000000 0,000000
276 1675207952 3,200000 -1,000000 -101,000000 0,000000 0,000000
276 1675207953 3,200000 -1,000000 -101,000000 0,000000 0,000000
276 1675207954 2,200000 -1,000000 -101,000000 0,000000 0,000000
276 1675207955 2,200000 -1,000000 -101,000000 0,000000 0,000000
276 1675207956 2,200000 -1,000000 -101,000000 0,000000 0,000000
276 1675207957 2,200000 -1,000000 -101,000000 0,000000 0,000000
276 1675207958 2,200000 -1,000000 -101,000000 0,000000 0,000000
276 1675207959 2,200000 -1,000000 -101,000000 0,000000 0,000000
276 1675207960 2,200000 -1,000000 -101,000000 0,000000 0,000000
276 1675207961 2,200000 -1,000000 -101,000000 0,000000 0,000000
276 1675207962 2,200000 -1,000000 -101,000000 0,000000 0,000000
276 1675207963 2,200000 -1,000000 -101,000000 0,000000 0,000000
276 1675207964 3,200000 -1,000000 -101,000000 0,000000 0,000000
276 1675207965 3,200000 -1,000000 -101,000000 0,000000 0,000000
276 1675207966 3,200000 -1,000000 -101,000000 0,000000 0,000000
276 1675207967 3,200000 -1,000000 -101,000000 0,000000 0,000000
276 1675207968 3,200000 -1,000000 -101,000000 0,000000 0,000000
276 1675207969 2,400000 -1,000000 -101,000000 0,000000 0,000000
276 1675207970 2,400000 -1,000000 -101,000000 0,000000 0,000000
276 1675207971 2,400000 -1,000000 -101,000000 0,000000 0,000000
276 1675207972 2,400000 -1,000000 -101,000000 0,000000 0,000000
276 1675207973 2,400000 -1,000000 -101,000000 0,000000 0,000000
276 1675207974 2,400000 -1,000000 -101,000000 0,000000 0,000000
276 1675207975 2,400000 -1,000000 -101,000000 0,000000 0,000000
276 1675207976 2,400000 -1,000000 -101,000000 0,000000 0,000000
276 1675207977 2,400000 -1,000000 -101,000000 0,000000 0,000000
276 1675207978 2,400000 -1,000000 -101,000000 0,000000 0,000000
276 1675207979 2,200000 -1,000000 -101,000000 0,000000 0,000000
276 1675207980 2,200000 -1,000000 -101,000000 0,000000 0,000000
276 1675207981 2,200000 -1,000000 -101,000000 0,000000 0,000000
276 1675207982 2,200000 -1,000000 -101,000000 0,000000 0,000000
276 1675207983 2,200000 -1,000000 -101,000000 0,000000 0,000000
276 1675207994 1,600000 -1,000000 -101,000000 0,000000 0,000000
276 1675207995 1,600000 -1,000000 -101,000000 0,000000 0,000000
276 1675207996 1,600000 -1,000000 -101,000000 0,000000 0,000000
276 1675207997 1,600000 -1,000000 -101,000000 0,000000 0,000000
276 1675207998 1,600000 -1,000000 -101,000000 0,000000 0,000000
276 1675207999 2,800000 -1,000000 -101,000000 0,000000 0,000000
276 1675208000 2,800000 -1,000000 -101,000000 0,000000 0,000000
276 1675208001 2,800000 -1,000000 -101,000000 0,000000 0,000000
276 1675208002 2,800000 -1,000000 -101,000000 0,000000 0,000000
276 1675208003 2,800000 -1,000000 -101,000000 0,000000 0,000000
276 1675208004 2,400000 -1,000000 -101,000000 0,000000 0,000000
276 1675208005 2,400000 -1,000000 -101,000000 0,000000 0,000000
276 1675208006 2,400000 -1,000000 -101,000000 0,000000 0,000000
276 1675208007 2,400000 -1,000000 -101,000000 0,000000 0,000000
276 1675208008 2,400000 -1,000000 -101,000000 0,000000 0,000000
276 1675208009 2,000000 -1,000000 -101,000000 0,000000 0,000000
276 1675208010 2,000000 -1,000000 -101,000000 0,000000 0,000000
276 1675208011 2,000000 -1,000000 -101,000000 0,000000 0,000000
276 1675208012 2,000000 -1,000000 -101,000000 0,000000 0,000000
276 1675208013 2,000000 -1,000000 -101,000000 0,000000 0,000000
276 1675208014 5,200000 -1,000000 -101,000000 0,000000 0,000000
276 1675208015 5,200000 -1,000000 -101,000000 0,000000 0,000000
276 1675208016 5,200000 -1,000000 -101,000000 0,000000 0,000000
276 1675208017 5,200000 -1,000000 -101,000000 0,000000 0,000000
276 1675208018 5,200000 -1,000000 -101,000000 0,000000 0,000000
276 1675208019 6,400000 -1,000000 -101,000000 0,000000 0,000000
276 1675208020 6,400000 -1,000000 -101,000000 0,000000 0,000000
276 1675208021 6,400000 -1,000000 -101,000000 0,000000 0,000000
276 1675208022 6,400000 -1,000000 -101,000000 0,000000 0,000000
276 1675208023 6,400000 -1,000000 -101,000000 0,000000 0,000000
276 1675208024 4,800000 -1,000000 -101,000000 0,000000 0,000000
276 1675208025 4,800000 -1,000000 -101,000000 0,000000 0,000000
276 1675208026 4,800000 -1,000000 -101,000000 0,000000 0,000000
276 1675208027 4,800000 -1,000000 -101,000000 0,000000 0,000000
276 1675208028 4,800000 -1,000000 -101,000000 0,000000 0,000000
276 1675208029 4,200000 -1,000000 -101,000000 0,000000 0,000000
276 1675208030 4,200000 -1,000000 -101,000000 0,000000 0,000000
276 1675208031 4,200000 -1,000000 -101,000000 0,000000 0,000000
276 1675208032 4,200000 -1,000000 -101,000000 0,000000 0,000000
276 1675208033 4,200000 -1,000000 -101,000000 0,000000 0,000000
276 1675208034 2,200000 -1,000000 -101,000000 0,000000 0,000000
276 1675208035 2,200000 -1,000000 -101,000000 0,000000 0,000000
276 1675208036 2,200000 -1,000000 -101,000000 0,000000 0,000000
276 1675208037 2,200000 -1,000000 -101,000000 0,000000 0,000000
276 1675208038 2,200000 -1,000000 -101,000000 0,000000 0,000000
276 1675208039 3,200000 -1,000000 -101,000000 0,000000 0,000000
276 1675208040 3,200000 -1,000000 -101,000000 0,000000 0,000000
276 1675208041 3,200000 -1,000000 -101,000000 0,000000 0,000000
276 1675208042 3,200000 -1,000000 -101,000000 0,000000 0,000000
276 1675208043 3,200000 -1,000000 -101,000000 0,000000 0,000000
276 1675208044 2,400000 -1,000000 -101,000000 0,000000 0,000000
276 1675208045 2,400000 -1,000000 -101,000000 0,000000 0,000000
276 1675208046 2,400000 -1,000000 -101,000000 0,000000 0,000000
276 1675208047 2,400000 -1,000000 -101,000000 0,000000 0,000000
276 1675208048 2,400000 -1,000000 -101,000000 0,000000 0,000000
276 1675208049 3,200000 -1,000000 -101,000000 0,000000 0,000000
276 1675208050 3,200000 -1,000000 -101,000000 0,000000 0,000000
276 1675208051 3,200000 -1,000000 -101,000000 0,000000 0,000000
276 1675208052 3,200000 -1,000000 -101,000000 0,000000 0,000000
276 1675208053 3,200000 -1,000000 -101,000000 0,000000 0,000000
276 1675208054 5,000000 -1,000000 -101,000000 0,000000 0,000000
276 1675208055 5,000000 -1,000000 -101,000000 0,000000 0,000000
276 1675208056 5,000000 -1,000000 -101,000000 0,000000 0,000000
276 1675208057 5,000000 -1,000000 -101,000000 0,000000 0,000000
276 1675208058 5,000000 -1,000000 -101,000000 0,000000 0,000000
276 1675208059 0,800000 -1,000000 -101,000000 0,000000 0,000000
276 1675208060 0,800000 -1,000000 -101,000000 0,000000 0,000000
276 1675208061 0,800000 -1,000000 -101,000000 0,000000 0,000000
276 1675208062 0,800000 -1,000000 -101,000000 0,000000 0,000000
276 1675208063 0,800000 -1,000000 -101,000000 0,000000 0,000000
276 1675208064 1,400000 -1,000000 -101,000000 0,000000 0,000000
276 1675208065 1,400000 -1,000000 -101,000000 0,000000 0,000000
276 1675208066 1,400000 -1,000000 -101,000000 0,000000 0,000000
276 1675208067 1,400000 -1,000000 -101,000000 0,000000 0,000000
276 1675208068 1,400000 -1,000000 -101,000000 0,000000 0,000000
276 1675208069 2,800000 -1,000000 -101,000000 0,000000 0,000000
276 1675208070 2,800000 -1,000000 -101,000000 0,000000 0,000000
276 1675208071 2,800000 -1,000000 -101,000000 0,000000 0,000000
276 1675208072 2,800000 -1,000000 -101,000000 0,000000 0,000000
276 1675208073 2,800000 -1,000000 -101,000000 0,000000 0,000000
276 1675208074 3,000000 -1,000000 -101,000000 0,000000 0,000000
276 1675208075 3,000000 -1,000000 -101,000000 0,000000 0,000000
276 1675208076 3,000000 -1,000000 -101,000000 0,000000 0,000000
276 1675208077 3,000000 -1,000000 -101,000000 0,000000 0,000000
276 1675208078 3,000000 -1,000000 -101,000000 0,000000 0,000000
276 1675208079 3,400000 -1,000000 -101,000000 0,000000 0,000000
276 1675208080 3,400000 -1,000000 -101,000000 0,000000 0,000000
276 1675208081 3,400000 -1,000000 -101,000000 0,000000 0,000000
276 1675208082 3,400000 -1,000000 -101,000000 0,000000 0,000000
276 1675208083 3,400000 -1,000000 -101,000000 0,000000 0,000000
276 1675208084 2,200000 -1,000000 -101,000000 0,000000 0,000000
276 1675208085 2,200000 -1,000000 -101,000000 0,000000 0,000000
276 1675208086 2,200000 -1,000000 -101,000000 0,000000 0,000000
276 1675208087 2,200000 -1,000000 -101,000000 0,000000 0,000000
276 1675208088 2,200000 -1,000000 -101,000000 0,000000 0,000000
276 1675208089 3,800000 -1,000000 -101,000000 0,000000 0,000000
276 1675208090 3,800000 -1,000000 -101,000000 0,000000 0,000000
276 1675208091 3,800000 -1,000000 -101,000000 0,000000 0,000000
276 1675208092 3,800000 -1,000000 -101,000000 0,000000 0,000000
276 1675208093 3,800000 -1,000000 -101,000000 0,000000 0,000000
276 1675208094 2,600000 -1,000000 -101,000000 0,000000 0,000000
276 1675208095 2,600000 -1,000000 -101,000000 0,000000 0,000000
276 1675208096 2,600000 -1,000000 -101,000000 0,000000 0,000000
276 1675208097 2,600000 -1,000000 -101,000000 0,000000 0,000000
276 1675208098 2,600000 -1,000000 -101,000000 0,000000 0,000000
276 1675208099 3,400000 -1,000000 -101,000000 0,000000 0,000000
276 1675208100 3,400000 -1,000000 -101,000000 0,000000 0,000000
276 1675208101 3,400000 -1,000000 -101,000000 0,000000 0,000000
276 1675208102 3,400000 -1,000000 -101,000000 0,000000 0,000000
276 1675208103 3,400000 -1,000000 -101,000000 0,000000 0,000000
276 1675208104 1,200000 -1,000000 -101,000000 0,000000 0,000000
276 1675208105 1,200000 -1,000000 -101,000000 0,000000 0,000000
276 1675208106 1,200000 -1,000000 -101,000000 0,000000 0,000000
276 1675208107 1,200000 -1,000000 -101,000000 0,000000 0,000000
276 1675208108 1,200000 -1,000000 -101,000000 0,000000 0,000000
276 1675208109 4,000000 -1,000000 -101,000000 0,000000 0,000000
276 1675208110 4,000000 -1,000000 -101,000000 0,000000 0,000000
276 1675208111 4,000000 -1,000000 -101,000000 0,000000 0,000000
276 1675208112 4,000000 -1,000000 -101,000000 0,000000 0,000000
276 1675208113 4,000000 -1,000000 -101,000000 0,000000 0,000000
276 1675208114 2,800000 -1,000000 -101,000000 0,000000 0,000000
276 1675208115 2,800000 -1,000000 -101,000000 0,000000 0,000000
276 1675208116 2,800000 -1,000000 -101,000000 0,000000 0,000000
276 1675208117 2,800000 -1,000000 -101,000000 0,000000 0,000000
276 1675208118 2,800000 -1,000000 -101,000000 0,000000 0,000000
276 1675208119 5,200000 -1,000000 -101,000000 0,000000 0,000000
276 1675208120 5,200000 -1,000000 -101,000000 0,000000 0,000000
276 1675208121 5,200000 -1,000000 -101,000000 0,000000 0,000000
276 1675208122 5,200000 -1,000000 -101,000000 0,000000 0,000000
276 1675208123 5,200000 -1,000000 -101,000000 0,000000 0,000000
276 1675208124 3,800000 -1,000000 -101,000000 0,000000 0,000000
276 1675208125 3,800000 -1,000000 -101,000000 0,000000 0,000000
276 1675208126 3,800000 -1,000000 -101,000000 0,000000 0,000000
276 1675208127 3,800000 -1,000000 -101,000000 0,000000 0,000000
276 1675208128 3,800000 -1,000000 -101,000000 0,000000 0,000000
276 1675208129 4,200000 -1,000000 -101,000000 0,000000 0,000000
276 1675208130 4,200000 -1,000000 -101,000000 0,000000 0,000000
276 1675208131 4,200000 -1,000000 -101,000000 0,000000 0,000000
276 1675208132 4,200000 -1,000000 -101,000000 0,000000 0,000000
276 1675208133 4,200000 -1,000000 -101,000000 0,000000 0,000000
276 1675208134 1,600000 -1,000000 -101,000000 0,000000 0,000000
276 1675208135 1,600000 -1,000000 -101,000000 0,000000 0,000000
276 1675208136 1,600000 -1,000000 -101,000000 0,000000 0,000000
276 1675208137 1,600000 -1,000000 -101,000000 0,000000 0,000000
276 1675208138 1,600000 -1,000000 -101,000000 0,000000 0,000000
276 1675208139 1,800000 -1,000000 -101,000000 0,000000 0,000000
276 1675208140 1,800000 -1,000000 -101,000000 0,000000 0,000000
276 1675208141 1,800000 -1,000000 -101,000000 0,000000 0,000000
276 1675208142 1,800000 -1,000000 -101,000000 0,000000 0,000000
276 1675208143 1,800000 -1,000000 -101,000000 0,000000 0,000000
276 1675208144 0,400000 -1,000000 -101,000000 0,000000 0,000000
276 1675208145 0,400000 -1,000000 -101,000000 0,000000 0,000000
276 1675208146 0,400000 -1,000000 -101,000000 0,000000 0,000000
276 1675208147 0,400000 -1,000000 -101,000000 0,000000 0,000000
276 1675208148 0,400000 -1,000000 -101,000000 0,000000 0,000000
276 1675208149 2,600000 -1,000000 -101,000000 0,000000 0,000000
276 1675208150 2,600000 -1,000000 -101,000000 0,000000 0,000000
276 1675208151 2,600000 -1,000000 -101,000000 0,000000 0,000000
276 1675208152 2,600000 -1,000000 -101,000000 0,000000 0,000000
276 1675208153 2,600000 -1,000000 -101,000000 0,000000 0,000000
276 1675208154 1,600000 -1,000000 -101,000000 0,000000 0,000000
276 1675208155 1,600000 -1,000000 -101,000000 0,000000 0,000000
276 1675208156 1,600000 -1,000000 -101,000000 0,000000 0,000000
276 1675208157 1,600000 -1,000000 -101,000000 0,000000 0,000000
276 1675208158 1,600000 -1,000000 -101,000000 0,000000 0,000000
276 1675208159 1,800000 -1,000000 -101,000000 0,000000 0,000000
276 1675208160 1,800000 -1,000000 -101,000000 0,000000 0,000000
276 1675208161 1,800000 -1,000000 -101,000000 0,000000 0,000000
276 1675208162 1,800000 -1,000000 -101,000000 0,000000 0,000000
276 1675208163 1,800000 -1,000000 -101,000000 0,000000 0,000000
276 1675208164 5,200000 -1,000000 -101,000000 0,000000 0,000000
276 1675208165 5,200000 -1,000000 -101,000000 0,000000 0,000000
276 1675208166 5,200000 -1,000000 -101,000000 0,000000 0,000000
276 1675208167 5,200000 -1,000000 -101,000000 0,000000 0,000000
276 1675208168 5,200000 -1,000000 -101,000000 0,000000 0,000000
276 1675208169 1,400000 -1,000000 -101,000000 0,000000 0,000000
276 1675208170 1,400000 -1,000000 -101,000000 0,000000 0,000000
276 1675208171 1,400000 -1,000000 -101,000000 0,000000 0,000000
276 1675208172 1,400000 -1,000000 -101,000000 0,000000 0,000000
276 1675208173 1,400000 -1,000000 -101,000000 0,000000 0,000000
276 1675208174 1,600000 -1,000000 -101,000000 0,000000 0,000000
276 1675208175 1,600000 -1,000000 -101,000000 0,000000 0,000000
276 1675208176 1,600000 -1,000000 -101,000000 0,000000 0,000000
276 1675208177 1,600000 -1,000000 -101,000000 0,000000 0,000000
276 1675208178 1,600000 -1,000000 -101,000000 0,000000 0,000000
276 1675208179 1,600000 -1,000000 -101,000000 0,000000 0,000000
276 1675208180 1,600000 -1,000000 -101,000000 0,000000 0,000000
276 1675208181 1,600000 -1,000000 -101,000000 0,000000 0,000000
276 1675208182 1,600000 -1,000000 -101,000000 0,000000 0,000000
276 1675208183 1,600000 -1,000000 -101,000000 0,000000 0,000000
276 1675208184 0,600000 -1,000000 -101,000000 0,000000 0,000000
276 1675208185 0,600000 -1,000000 -101,000000 0,000000 0,000000
276 1675208186 0,600000 -1,000000 -101,000000 0,000000 0,000000
276 1675208187 0,600000 -1,000000 -101,000000 0,000000 0,000000
276 1675208188 0,600000 -1,000000 -101,000000 0,000000 0,000000
276 1675208189 3,000000 -1,000000 -101,000000 0,000000 0,000000
276 1675208190 3,000000 -1,000000 -101,000000 0,000000 0,000000
276 1675208191 3,000000 -1,000000 -101,000000 0,000000 0,000000
276 1675208192 3,000000 -1,000000 -101,000000 0,000000 0,000000
276 1675208193 3,000000 -1,000000 -101,000000 0,000000 0,000000
276 1675208194 2,800000 -1,000000 -101,000000 0,000000 0,000000
276 1675208195 2,800000 -1,000000 -101,000000 0,000000 0,000000
276 1675208196 2,800000 -1,000000 -101,000000 0,000000 0,000000
276 1675208197 2,800000 -1,000000 -101,000000 0,000000 0,000000
276 1675208198 2,800000 -1,000000 -101,000000 0,000000 0,000000
276 1675208199 2,400000 -1,000000 -101,000000 0,000000 0,000000
276 1675208200 2,400000 -1,000000 -101,000000 0,000000 0,000000
276 1675208201 2,400000 -1,000000 -101,000000 0,000000 0,000000
276 1675208202 2,400000 -1,000000 -101,000000 0,000000 0,000000
276 1675208203 2,400000 -1,000000 -101,000000 0,000000 0,000000
276 1675208204 1,400000 -1,000000 -101,000000 0,000000 0,000000
276 1675208205 1,400000 -1,000000 -101,000000 0,000000 0,000000
276 1675208206 1,400000 -1,000000 -101,000000 0,000000 0,000000
276 1675208207 1,400000 -1,000000 -101,000000 0,000000 0,000000
276 1675208208 1,400000 -1,000000 -101,000000 0,000000 0,000000
276 1675208209 1,400000 -1,000000 -101,000000 0,000000 0,000000
276 1675208210 1,400000 -1,000000 -101,000000 0,000000 0,000000
276 1675208211 1,400000 -1,000000 -101,000000 0,000000 0,000000
276 1675208212 1,400000 -1,000000 -101,000000 0,000000 0,000000
276 1675208213 1,400000 -1,000000 -101,000000 0,000000 0,000000
276 1675208214 3,200000 -1,000000 -101,000000 0,000000 0,000000
276 1675208215 3,200000 -1,000000 -101,000000 0,000000 0,000000
276 1675208216 3,200000 -1,000000 -101,000000 0,000000 0,000000
276 1675208217 3,200000 -1,000000 -101,000000 0,000000 0,000000
276 1675208218 3,200000 -1,000000 -101,000000 0,000000 0,000000
276 1675208219 2,800000 -1,000000 -101,000000 0,000000 0,000000
276 1675208220 2,800000 -1,000000 -101,000000 0,000000 0,000000
276 1675208221 2,800000 -1,000000 -101,000000 0,000000 0,000000
276 1675208222 2,800000 -1,000000 -101,000000 0,000000 0,000000
276 1675208223 2,800000 -1,000000 -101,000000 0,000000 0,000000
276 1675208224 3,000000 -1,000000 -101,000000 0,000000 0,000000
276 1675208225 3,000000 -1,000000 -101,000000 0,000000 0,000000
276 1675208226 3,000000 -1,000000 -101,000000 0,000000 0,000000
276 1675208227 3,000000 -1,000000 -101,000000 0,000000 0,000000
276 1675208228 3,000000 -1,000000 -101,000000 0,000000 0,000000
276 1675208229 1,600000 -1,000000 -101,000000 0,000000 0,000000
276 1675208230 1,600000 -1,000000 -101,000000 0,000000 0,000000
276 1675208231 1,600000 -1,000000 -101,000000 0,000000 0,000000
276 1675208232 1,600000 -1,000000 -101,000000 0,000000 0,000000
276 1675208233 1,600000 -1,000000 -101,000000 0,000000 0,000000
276 1675208239 0,800000 -1,000000 -101,000000 0,000000 0,000000
276 1675208240 0,800000 -1,000000 -101,000000 0,000000 0,000000
276 1675208241 0,800000 -1,000000 -101,000000 0,000000 0,000000
276 1675208242 0,800000 -1,000000 -101,000000 0,000000 0,000000
276 1675208243 0,800000 -1,000000 -101,000000 0,000000 0,000000
276 1675208244 2,200000 -1,000000 -101,000000 0,000000 0,000000
276 1675208245 2,200000 -1,000000 -101,000000 0,000000 0,000000
276 1675208246 2,200000 -1,000000 -101,000000 0,000000 0,000000
276 1675208247 2,200000 -1,000000 -101,000000 0,000000 0,000000
276 1675208248 2,200000 -1,000000 -101,000000 0,000000 0,000000
276 1675208249 3,000000 -1,000000 -101,000000 0,000000 0,000000
276 1675208250 3,000000 -1,000000 -101,000000 0,000000 0,000000
276 1675208251 3,000000 -1,000000 -101,000000 0,000000 0,000000
276 1675208252 3,000000 -1,000000 -101,000000 0,000000 0,000000
276 1675208253 3,000000 -1,000000 -101,000000 0,000000 0,000000
276 1675208254 2,800000 -1,000000 -101,000000 0,000000 0,000000
276 1675208255 2,800000 -1,000000 -101,000000 0,000000 0,000000
276 1675208256 2,800000 -1,000000 -101,000000 0,000000 0,000000
276 1675208257 2,800000 -1,000000 -101,000000 0,000000 0,000000
276 1675208258 2,800000 -1,000000 -101,000000 0,000000 0,000000
276 1675208259 3,000000 -1,000000 -101,000000 0,000000 0,000000
276 1675208260 3,000000 -1,000000 -101,000000 0,000000 0,000000
276 1675208261 3,000000 -1,000000 -101,000000 0,000000 0,000000
276 1675208262 3,000000 -1,000000 -101,000000 0,000000 0,000000
276 1675208263 3,000000 -1,000000 -101,000000 0,000000 0,000000
276 1675208269 4,600000 -1,000000 -101,000000 0,000000 0,000000
276 1675208270 4,600000 -1,000000 -101,000000 0,000000 0,000000
276 1675208271 4,600000 -1,000000 -101,000000 0,000000 0,000000
276 1675208272 4,600000 -1,000000 -101,000000 0,000000 0,000000
276 1675208273 4,600000 -1,000000 -101,000000 0,000000 0,000000
276 1675208274 1,800000 -1,000000 -101,000000 0,000000 0,000000
276 1675208275 1,800000 -1,000000 -101,000000 0,000000 0,000000
276 1675208276 1,800000 -1,000000 -101,000000 0,000000 0,000000
276 1675208277 1,800000 -1,000000 -101,000000 0,000000 0,000000
276 1675208278 1,800000 -1,000000 -101,000000 0,000000 0,000000
276 1675208279 5,800000 -1,000000 -101,000000 0,000000 0,000000
276 1675208280 5,800000 -1,000000 -101,000000 0,000000 0,000000
276 1675208281 5,800000 -1,000000 -101,000000 0,000000 0,000000
276 1675208282 5,800000 -1,000000 -101,000000 0,000000 0,000000
276 1675208283 5,800000 -1,000000 -101,000000 0,000000 0,000000
276 1675208284 3,400000 -1,000000 -101,000000 0,000000 0,000000
276 1675208285 3,400000 -1,000000 -101,000000 0,000000 0,000000
276 1675208286 3,400000 -1,000000 -101,000000 0,000000 0,000000
276 1675208287 3,400000 -1,000000 -101,000000 0,000000 0,000000
276 1675208288 3,400000 -1,000000 -101,000000 0,000000 0,000000
276 1675208289 1,800000 -1,000000 -101,000000 0,000000 0,000000
276 1675208290 1,800000 -1,000000 -101,000000 0,000000 0,000000
276 1675208291 1,800000 -1,000000 -101,000000 0,000000 0,000000
276 1675208292 1,800000 -1,000000 -101,000000 0,000000 0,000000
276 1675208293 1,800000 -1,000000 -101,000000 0,000000 0,000000
276 1675208294 2,200000 -1,000000 -101,000000 0,000000 0,000000
276 1675208295 2,200000 -1,000000 -101,000000 0,000000 0,000000
276 1675208296 2,200000 -1,000000 -101,000000 0,000000 0,000000
276 1675208297 2,200000 -1,000000 -101,000000 0,000000 0,000000
276 1675208298 2,200000 -1,000000 -101,000000 0,000000 0,000000
276 1675208299 2,200000 -1,000000 -101,000000 0,000000 0,000000
276 1675208300 2,200000 -1,000000 -101,000000 0,000000 0,000000
276 1675208301 2,200000 -1,000000 -101,000000 0,000000 0,000000
276 1675208302 2,200000 -1,000000 -101,000000 0,000000 0,000000
276 1675208303 2,200000 -1,000000 -101,000000 0,000000 0,000000
276 1675208304 0,800000 -1,000000 -101,000000 0,000000 0,000000
276 1675208305 0,800000 -1,000000 -101,000000 0,000000 0,000000
276 1675208306 0,800000 -1,000000 -101,000000 0,000000 0,000000
276 1675208307 0,800000 -1,000000 -101,000000 0,000000 0,000000
276 1675208308 0,800000 -1,000000 -101,000000 0,000000 0,000000
276 1675208309 2,200000 -1,000000 -101,000000 0,000000 0,000000
276 1675208310 2,200000 -1,000000 -101,000000 0,000000 0,000000
276 1675208311 2,200000 -1,000000 -101,000000 0,000000 0,000000
276 1675208312 2,200000 -1,000000 -101,000000 0,000000 0,000000
276 1675208313 2,200000 -1,000000 -101,000000 0,000000 0,000000
276 1675208314 4,200000 -1,000000 -101,000000 0,000000 0,000000
276 1675208315 4,200000 -1,000000 -101,000000 0,000000 0,000000
276 1675208316 4,200000 -1,000000 -101,000000 0,000000 0,000000
276 1675208317 4,200000 -1,000000 -101,000000 0,000000 0,000000
276 1675208318 4,200000 -1,000000 -101,000000 0,000000 0,000000
276 1675208319 6,000000 -1,000000 -101,000000 0,000000 0,000000
276 1675208320 6,000000 -1,000000 -101,000000 0,000000 0,000000
276 1675208321 6,000000 -1,000000 -101,000000 0,000000 0,000000
276 1675208322 6,000000 -1,000000 -101,000000 0,000000 0,000000
276 1675208323 6,000000 -1,000000 -101,000000 0,000000 0,000000
276 1675208324 6,600000 -1,000000 -101,000000 0,000000 0,000000
276 1675208325 6,600000 -1,000000 -101,000000 0,000000 0,000000
276 1675208326 6,600000 -1,000000 -101,000000 0,000000 0,000000
276 1675208327 6,600000 -1,000000 -101,000000 0,000000 0,000000
276 1675208328 6,600000 -1,000000 -101,000000 0,000000 0,000000
276 1675208329 5,400000 -1,000000 -101,000000 0,000000 0,000000
276 1675208330 5,400000 -1,000000 -101,000000 0,000000 0,000000
276 1675208331 5,400000 -1,000000 -101,000000 0,000000 0,000000
276 1675208332 5,400000 -1,000000 -101,000000 0,000000 0,000000
276 1675208333 5,400000 -1,000000 -101,000000 0,000000 0,000000
276 1675208334 2,800000 -1,000000 -101,000000 0,000000 0,000000
276 1675208335 2,800000 -1,000000 -101,000000 0,000000 0,000000
276 1675208336 2,800000 -1,000000 -101,000000 0,000000 0,000000
276 1675208337 2,800000 -1,000000 -101,000000 0,000000 0,000000
276 1675208338 2,800000 -1,000000 -101,000000 0,000000 0,000000
276 1675208339 2,400000 -1,000000 -101,000000 0,000000 0,000000
276 1675208340 2,400000 -1,000000 -101,000000 0,000000 0,000000
276 1675208341 2,400000 -1,000000 -101,000000 0,000000 0,000000
276 1675208342 2,400000 -1,000000 -101,000000 0,000000 0,000000
276 1675208343 2,400000 -1,000000 -101,000000 0,000000 0,000000
276 1675208344 1,400000 -1,000000 -101,000000 0,000000 0,000000
276 1675208345 1,400000 -1,000000 -101,000000 0,000000 0,000000
276 1675208346 1,400000 -1,000000 -101,000000 0,000000 0,000000
276 1675208347 1,400000 -1,000000 -101,000000 0,000000 0,000000
276 1675208348 1,400000 -1,000000 -101,000000 0,000000 0,000000
276 1675208349 2,800000 -1,000000 -101,000000 0,000000 0,000000
276 1675208350 2,800000 -1,000000 -101,000000 0,000000 0,000000
276 1675208351 2,800000 -1,000000 -101,000000 0,000000 0,000000
276 1675208352 2,800000 -1,000000 -101,000000 0,000000 0,000000
276 1675208353 2,800000 -1,000000 -101,000000 0,000000 0,000000
276 1675208354 2,400000 -1,000000 -101,000000 0,000000 0,000000
276 1675208355 2,400000 -1,000000 -101,000000 0,000000 0,000000
276 1675208356 2,400000 -1,000000 -101,000000 0,000000 0,000000
276 1675208357 2,400000 -1,000000 -101,000000 0,000000 0,000000
276 1675208358 2,400000 -1,000000 -101,000000 0,000000 0,000000
276 1675208359 1,400000 -1,000000 -101,000000 0,000000 0,000000
276 1675208360 1,400000 -1,000000 -101,000000 0,000000 0,000000
276 1675208361 1,400000 -1,000000 -101,000000 0,000000 0,000000
276 1675208362 1,400000 -1,000000 -101,000000 0,000000 0,000000
276 1675208363 1,400000 -1,000000 -101,000000 0,000000 0,000000
276 1675208364 1,200000 -1,000000 -101,000000 0,000000 0,000000
276 1675208365 1,200000 -1,000000 -101,000000 0,000000 0,000000
276 1675208366 1,200000 -1,000000 -101,000000 0,000000 0,000000
276 1675208367 1,200000 -1,000000 -101,000000 0,000000 0,000000
276 1675208368 1,200000 -1,000000 -101,000000 0,000000 0,000000
276 1675208369 1,000000 -1,000000 -101,000000 0,000000 0,000000
276 1675208370 1,000000 -1,000000 -101,000000 0,000000 0,000000
276 1675208371 1,000000 -1,000000 -101,000000 0,000000 0,000000
276 1675208372 1,000000 -1,000000 -101,000000 0,000000 0,000000
276 1675208373 1,000000 -1,000000 -101,000000 0,000000 0,000000
276 1675208374 2,000000 -1,000000 -101,000000 0,000000 0,000000
276 1675208375 2,000000 -1,000000 -101,000000 0,000000 0,000000
276 1675208376 2,000000 -1,000000 -101,000000 0,000000 0,000000
276 1675208377 2,000000 -1,000000 -101,000000 0,000000 0,000000
276 1675208378 2,000000 -1,000000 -101,000000 0,000000 0,000000
276 1675208379 2,800000 -1,000000 -101,000000 0,000000 0,000000
276 1675208380 2,800000 -1,000000 -101,000000 0,000000 0,000000
276 1675208381 2,800000 -1,000000 -101,000000 0,000000 0,000000
276 1675208382 2,800000 -1,000000 -101,000000 0,000000 0,000000
276 1675208383 2,800000 -1,000000 -101,000000 0,000000 0,000000
276 1675208384 5,200000 -1,000000 -101,000000 0,000000 0,000000
276 1675208385 5,200000 -1,000000 -101,000000 0,000000 0,000000
276 1675208386 5,200000 -1,000000 -101,000000 0,000000 0,000000
276 1675208387 5,200000 -1,000000 -101,000000 0,000000 0,000000
276 1675208388 5,200000 -1,000000 -101,000000 0,000000 0,000000
276 1675208389 4,400000 -1,000000 -101,000000 0,000000 0,000000
276 1675208390 4,400000 -1,000000 -101,000000 0,000000 0,000000
276 1675208391 4,400000 -1,000000 -101,000000 0,000000 0,000000
276 1675208392 4,400000 -1,000000 -101,000000 0,000000 0,000000
276 1675208393 4,400000 -1,000000 -101,000000 0,000000 0,000000
276 1675208394 3,200000 -1,000000 -101,000000 0,000000 0,000000
276 1675208395 3,200000 -1,000000 -101,000000 0,000000 0,000000
276 1675208396 3,200000 -1,000000 -101,000000 0,000000 0,000000
276 1675208397 3,200000 -1,000000 -101,000000 0,000000 0,000000
276 1675208398 3,200000 -1,000000 -101,000000 0,000000 0,000000
276 1675208399 5,000000 -1,000000 -101,000000 0,000000 0,000000
276 1675208400 5,000000 -1,000000 -101,000000 0,000000 0,000000
276 1675208401 5,000000 -1,000000 -101,000000 0,000000 0,000000
276 1675208402 5,000000 -1,000000 -101,000000 0,000000 0,000000
276 1675208403 5,000000 -1,000000 -101,000000 0,000000 0,000000
276 1675208404 3,000000 -1,000000 -101,000000 0,000000 0,000000
276 1675208405 3,000000 -1,000000 -101,000000 0,000000 0,000000
276 1675208406 3,000000 -1,000000 -101,000000 0,000000 0,000000
276 1675208407 3,000000 -1,000000 -101,000000 0,000000 0,000000
276 1675208408 3,000000 -1,000000 -101,000000 0,000000 0,000000
276 1675208409 3,400000 -1,000000 -101,000000 0,000000 0,000000
276 1675208410 3,400000 -1,000000 -101,000000 0,000000 0,000000
276 1675208411 3,400000 -1,000000 -101,000000 0,000000 0,000000
276 1675208412 3,400000 -1,000000 -101,000000 0,000000 0,000000
276 1675208413 3,400000 -1,000000 -101,000000 0,000000 0,000000
276 1675208414 2,000000 -1,000000 -101,000000 0,000000 0,000000
276 1675208415 2,000000 -1,000000 -101,000000 0,000000 0,000000
276 1675208416 2,000000 -1,000000 -101,000000 0,000000 0,000000
276 1675208417 2,000000 -1,000000 -101,000000 0,000000 0,000000
276 1675208418 2,000000 -1,000000 -101,000000 0,000000 0,000000
276 1675208419 3,200000 -1,000000 -101,000000 0,000000 0,000000
276 1675208420 3,200000 -1,000000 -101,000000 0,000000 0,000000
276 1675208421 3,200000 -1,000000 -101,000000 0,000000 0,000000
276 1675208422 3,200000 -1,000000 -101,000000 0,000000 0,000000
276 1675208423 3,200000 -1,000000 -101,000000 0,000000 0,000000
276 1675208424 2,000000 -1,000000 -101,000000 0,000000 0,000000
276 1675208425 2,000000 -1,000000 -101,000000 0,000000 0,000000
276 1675208426 2,000000 -1,000000 -101,000000 0,000000 0,000000
276 1675208427 2,000000 -1,000000 -101,000000 0,000000 0,000000
276 1675208428 2,000000 -1,000000 -101,000000 0,000000 0,000000
276 1675208429 4,800000 -1,000000 -101,000000 0,000000 0,000000
276 1675208430 4,800000 -1,000000 -101,000000 0,000000 0,000000
276 1675208431 4,800000 -1,000000 -101,000000 0,000000 0,000000
276 1675208432 4,800000 -1,000000 -101,000000 0,000000 0,000000
276 1675208433 4,800000 -1,000000 -101,000000 0,000000 0,000000
276 1675208434 2,800000 -1,000000 -101,000000 0,000000 0,000000
276 1675208435 2,800000 -1,000000 -101,000000 0,000000 0,000000
276 1675208436 2,800000 -1,000000 -101,000000 0,000000 0,000000
276 1675208437 2,800000 -1,000000 -101,000000 0,000000 0,000000
276 1675208438 2,800000 -1,000000 -101,000000 0,000000 0,000000
276 1675208439 3,200000 -1,000000 -101,000000 0,000000 0,000000
276 1675208440 3,200000 -1,000000 -101,000000 0,000000 0,000000
276 1675208441 3,200000 -1,000000 -101,000000 0,000000 0,000000
276 1675208442 3,200000 -1,000000 -101,000000 0,000000 0,000000
276 1675208443 3,200000 -1,000000 -101,000000 0,000000 0,000000
276 1675208444 2,600000 -1,000000 -101,000000 0,000000 0,000000
276 1675208445 2,600000 -1,000000 -101,000000 0,000000 0,000000
276 1675208446 2,600000 -1,000000 -101,000000 0,000000 0,000000
276 1675208447 2,600000 -1,000000 -101,000000 0,000000 0,000000
276 1675208448 2,600000 -1,000000 -101,000000 0,000000 0,000000
276 1675208449 3,800000 -1,000000 -101,000000 0,000000 0,000000
276 1675208450 3,800000 -1,000000 -101,000000 0,000000 0,000000
276 1675208451 3,800000 -1,000000 -101,000000 0,000000 0,000000
276 1675208452 3,800000 -1,000000 -101,000000 0,000000 0,000000
276 1675208453 3,800000 -1,000000 -101,000000 0,000000 0,000000
276 1675208454 0,800000 -1,000000 -101,000000 0,000000 0,000000
276 1675208455 0,800000 -1,000000 -101,000000 0,000000 0,000000
276 1675208456 0,800000 -1,000000 -101,000000 0,000000 0,000000
276 1675208457 0,800000 -1,000000 -101,000000 0,000000 0,000000
276 1675208458 0,800000 -1,000000 -101,000000 0,000000 0,000000
276 1675208459 0,200000 -1,000000 -101,000000 0,000000 0,000000
276 1675208460 0,200000 -1,000000 -101,000000 0,000000 0,000000
276 1675208461 0,200000 -1,000000 -101,000000 0,000000 0,000000
276 1675208462 0,200000 -1,000000 -101,000000 0,000000 0,000000
276 1675208463 0,200000 -1,000000 -101,000000 0,000000 0,000000
276 1675208464 1,000000 -1,000000 -101,000000 0,000000 0,000000
276 1675208465 1,000000 -1,000000 -101,000000 0,000000 0,000000
276 1675208466 1,000000 -1,000000 -101,000000 0,000000 0,000000
276 1675208467 1,000000 -1,000000 -101,000000 0,000000 0,000000
276 1675208468 1,000000 -1,000000 -101,000000 0,000000 0,000000
276 1675208469 2,600000 -1,000000 -101,000000 0,000000 0,000000
276 1675208470 2,600000 -1,000000 -101,000000 0,000000 0,000000
276 1675208471 2,600000 -1,000000 -101,000000 0,000000 0,000000
276 1675208472 2,600000 -1,000000 -101,000000 0,000000 0,000000
276 1675208473 2,600000 -1,000000 -101,000000 0,000000 0,000000
276 1675208474 4,600000 -1,000000 -101,000000 0,000000 0,000000
276 1675208475 4,600000 -1,000000 -101,000000 0,000000 0,000000
276 1675208476 4,600000 -1,000000 -101,000000 0,000000 0,000000
276 1675208477 4,600000 -1,000000 -101,000000 0,000000 0,000000
276 1675208478 4,600000 -1,000000 -101,000000 0,000000 0,000000
276 1675208479 2,000000 -1,000000 -101,000000 0,000000 0,000000
276 1675208480 2,000000 -1,000000 -101,000000 0,000000 0,000000
276 1675208481 2,000000 -1,000000 -101,000000 0,000000 0,000000
276 1675208482 2,000000 -1,000000 -101,000000 0,000000 0,000000
276 1675208483 2,000000 -1,000000 -101,000000 0,000000 0,000000
276 1675208484 1,000000 -1,000000 -101,000000 0,000000 0,000000
276 1675208485 1,000000 -1,000000 -101,000000 0,000000 0,000000
276 1675208486 1,000000 -1,000000 -101,000000 0,000000 0,000000
276 1675208487 1,000000 -1,000000 -101,000000 0,000000 0,000000
276 1675208488 1,000000 -1,000000 -101,000000 0,000000 0,000000
276 1675208489 2,200000 -1,000000 -101,000000 0,000000 0,000000
276 1675208490 2,200000 -1,000000 -101,000000 0,000000 0,000000
276 1675208491 2,200000 -1,000000 -101,000000 0,000000 0,000000
276 1675208492 2,200000 -1,000000 -101,000000 0,000000 0,000000
276 1675208493 2,200000 -1,000000 -101,000000 0,000000 0,000000
276 1675208494 3,600000 -1,000000 -101,000000 0,000000 0,000000
276 1675208495 3,600000 -1,000000 -101,000000 0,000000 0,000000
276 1675208496 3,600000 -1,000000 -101,000000 0,000000 0,000000
276 1675208497 3,600000 -1,000000 -101,000000 0,000000 0,000000
276 1675208498 3,600000 -1,000000 -101,000000 0,000000 0,000000
276 1675208499 2,200000 -1,000000 -101,000000 0,000000 0,000000
276 1675208500 2,200000 -1,000000 -101,000000 0,000000 0,000000
276 1675208501 2,200000 -1,000000 -101,000000 0,000000 0,000000
276 1675208502 2,200000 -1,000000 -101,000000 0,000000 0,000000
276 1675208503 2,200000 -1,000000 -101,000000 0,000000 0,000000
276 1675208504 2,800000 -1,000000 -101,000000 0,000000 0,000000
276 1675208505 2,800000 -1,000000 -101,000000 0,000000 0,000000
276 1675208506 2,800000 -1,000000 -101,000000 0,000000 0,000000
276 1675208507 2,800000 -1,000000 -101,000000 0,000000 0,000000
276 1675208508 2,800000 -1,000000 -101,000000 0,000000 0,000000
276 1675208509 3,800000 -1,000000 -101,000000 0,000000 0,000000
276 1675208510 3,800000 -1,000000 -101,000000 0,000000 0,000000
276 1675208511 3,800000 -1,000000 -101,000000 0,000000 0,000000
276 1675208512 3,800000 -1,000000 -101,000000 0,000000 0,000000
276 1675208513 3,800000 -1,000000 -101,000000 0,000000 0,000000
276 1675208514 4,000000 -1,000000 -101,000000 0,000000 0,000000
276 1675208515 4,000000 -1,000000 -101,000000 0,000000 0,000000
276 1675208516 4,000000 -1,000000 -101,000000 0,000000 0,000000
276 1675208517 4,000000 -1,000000 -101,000000 0,000000 0,000000
276 1675208518 4,000000 -1,000000 -101,000000 0,000000 0,000000
276 1675208519 3,200000 -1,000000 -101,000000 0,000000 0,000000
276 1675208520 3,200000 -1,000000 -101,000000 0,000000 0,000000
276 1675208521 3,200000 -1,000000 -101,000000 0,000000 0,000000
276 1675208522 3,200000 -1,000000 -101,000000 0,000000 0,000000
276 1675208523 3,200000 -1,000000 -101,000000 0,000000 0,000000
276 1675208524 3,200000 -1,000000 -101,000000 0,000000 0,000000
276 1675208525 3,200000 -1,000000 -101,000000 0,000000 0,000000
276 1675208526 3,200000 -1,000000 -101,000000 0,000000 0,000000
276 1675208527 3,200000 -1,000000 -101,000000 0,000000 0,000000
276 1675208528 3,200000 -1,000000 -101,000000 0,000000 0,000000
276 1675208529 2,600000 -1,000000 -101,000000 0,000000 0,000000
276 1675208530 2,600000 -1,000000 -101,000000 0,000000 0,000000
276 1675208531 2,600000 -1,000000 -101,000000 0,000000 0,000000
276 1675208532 2,600000 -1,000000 -101,000000 0,000000 0,000000
276 1675208533 2,600000 -1,000000 -101,000000 0,000000 0,000000
276 1675208534 1,600000 -1,000000 -101,000000 0,000000 0,000000
276 1675208535 1,600000 -1,000000 -101,000000 0,000000 0,000000
276 1675208536 1,600000 -1,000000 -101,000000 0,000000 0,000000
276 1675208537 1,600000 -1,000000 -101,000000 0,000000 0,000000
276 1675208538 1,600000 -1,000000 -101,000000 0,000000 0,000000
276 1675208539 0,800000 -1,000000 -101,000000 0,000000 0,000000
276 1675208540 0,800000 -1,000000 -101,000000 0,000000 0,000000
276 1675208541 0,800000 -1,000000 -101,000000 0,000000 0,000000
276 1675208542 0,800000 -1,000000 -101,000000 0,000000 0,000000
276 1675208543 0,800000 -1,000000 -101,000000 0,000000 0,000000
276 1675208544 2,200000 -1,000000 -101,000000 0,000000 0,000000
276 1675208545 2,200000 -1,000000 -101,000000 0,000000 0,000000
276 1675208546 2,200000 -1,000000 -101,000000 0,000000 0,000000
276 1675208547 2,200000 -1,000000 -101,000000 0,000000 0,000000
276 1675208548 2,200000 -1,000000 -101,000000 0,000000 0,000000
276 1675208549 3,000000 -1,000000 -101,000000 0,000000 0,000000
276 1675208550 3,000000 -1,000000 -101,000000 0,000000 0,000000
276 1675208551 3,000000 -1,000000 -101,000000 0,000000 0,000000
276 1675208552 3,000000 -1,000000 -101,000000 0,000000 0,000000
276 1675208553 3,000000 -1,000000 -101,000000 0,000000 0,000000
276 1675208554 2,800000 -1,000000 -101,000000 0,000000 0,000000
276 1675208555 2,800000 -1,000000 -101,000000 0,000000 0,000000
276 1675208556 2,800000 -1,000000 -101,000000 0,000000 0,000000
276 1675208557 2,800000 -1,000000 -101,000000 0,000000 0,000000
276 1675208558 2,800000 -1,000000 -101,000000 0,000000 0,000000
276 1675208559 2,400000 -1,000000 -101,000000 0,000000 0,000000
276 1675208560 2,400000 -1,000000 -101,000000 0,000000 0,000000
276 1675208561 2,400000 -1,000000 -101,000000 0,000000 0,000000
276 1675208562 2,400000 -1,000000 -101,000000 0,000000 0,000000
276 1675208563 2,400000 -1,000000 -101,000000 0,000000 0,000000
276 1675208564 2,600000 -1,000000 -101,000000 0,000000 0,000000
276 1675208565 2,600000 -1,000000 -101,000000 0,000000 0,000000
276 1675208566 2,600000 -1,000000 -101,000000 0,000000 0,000000
276 1675208567 2,600000 -1,000000 -101,000000 0,000000 0,000000
276 1675208568 2,600000 -1,000000 -101,000000 0,000000 0,000000
276 1675208569 2,400000 -1,000000 -101,000000 0,000000 0,000000
276 1675208570 2,400000 -1,000000 -101,000000 0,000000 0,000000
276 1675208571 2,400000 -1,000000 -101,000000 0,000000 0,000000
276 1675208572 2,400000 -1,000000 -101,000000 0,000000 0,000000
276 1675208573 2,400000 -1,000000 -101,000000 0,000000 0,000000
276 1675208574 3,000000 -1,000000 -101,000000 0,000000 0,000000
276 1675208575 3,000000 -1,000000 -101,000000 0,000000 0,000000
276 1675208576 3,000000 -1,000000 -101,000000 0,000000 0,000000
276 1675208577 3,000000 -1,000000 -101,000000 0,000000 0,000000
276 1675208578 3,000000 -1,000000 -101,000000 0,000000 0,000000
276 1675208579 1,400000 -1,000000 -101,000000 0,000000 0,000000
276 1675208580 1,400000 -1,000000 -101,000000 0,000000 0,000000
276 1675208581 1,400000 -1,000000 -101,000000 0,000000 0,000000
276 1675208582 1,400000 -1,000000 -101,000000 0,000000 0,000000
276 1675208583 1,400000 -1,000000 -101,000000 0,000000 0,000000
276 1675208584 3,200000 -1,000000 -101,000000 0,000000 0,000000
276 1675208585 3,200000 -1,000000 -101,000000 0,000000 0,000000
276 1675208586 3,200000 -1,000000 -101,000000 0,000000 0,000000
276 1675208587 3,200000 -1,000000 -101,000000 0,000000 0,000000
276 1675208588 3,200000 -1,000000 -101,000000 0,000000 0,000000
276 1675208589 3,000000 -1,000000 -101,000000 0,000000 0,000000
276 1675208590 3,000000 -1,000000 -101,000000 0,000000 0,000000
276 1675208591 3,000000 -1,000000 -101,000000 0,000000 0,000000
276 1675208592 3,000000 -1,000000 -101,000000 0,000000 0,000000
276 1675208593 3,000000 -1,000000 -101,000000 0,000000 0,000000
276 1675208594 2,600000 -1,000000 -101,000000 0,000000 0,000000
276 1675208595 2,600000 -1,000000 -101,000000 0,000000 0,000000
276 1675208596 2,600000 -1,000000 -101,000000 0,000000 0,000000
276 1675208597 2,600000 -1,000000 -101,000000 0,000000 0,000000
276 1675208598 2,600000 -1,000000 -101,000000 0,000000 0,000000
276 1675208599 1,600000 -1,000000 -101,000000 0,000000 0,000000
276 1675208600 1,600000 -1,000000 -101,000000 0,000000 0,000000
276 1675208601 1,600000 -1,000000 -101,000000 0,000000 0,000000
276 1675208602 1,600000 -1,000000 -101,000000 0,000000 0,000000
276 1675208603 1,600000 -1,000000 -101,000000 0,000000 0,000000
276 1675208604 3,800000 -1,000000 -101,000000 0,000000 0,000000
276 1675208605 3,800000 -1,000000 -101,000000 0,000000 0,000000
276 1675208606 3,800000 -1,000000 -101,000000 0,000000 0,000000
276 1675208607 3,800000 -1,000000 -101,000000 0,000000 0,000000
276 1675208608 3,800000 -1,000000 -101,000000 0,000000 0,000000
276 1675208609 2,400000 -1,000000 -101,000000 0,000000 0,000000
276 1675208610 2,400000 -1,000000 -101,000000 0,000000 0,000000
276 1675208611 2,400000 -1,000000 -101,000000 0,000000 0,000000
