713 1675462107 0,000000 0,000000 -101,000000 0,000000 0,000000
713 1675462108 0,000000 0,000000 -101,000000 0,000000 0,000000
713 1675462109 0,000000 0,000000 -101,000000 0,000000 0,000000
713 1675462110 0,000000 0,000000 -101,000000 0,000000 0,000000
713 1675462111 0,000000 0,000000 -101,000000 0,000000 0,000000
713 1675462112 0,000000 0,000000 -101,000000 0,000000 0,000000
713 1675462113 0,000000 0,000000 -101,000000 0,000000 0,000000
713 1675462114 0,000000 0,000000 -101,000000 0,000000 0,000000
713 1675462115 0,000000 0,000000 -101,000000 0,000000 0,000000
713 1675462116 0,000000 0,000000 -101,000000 0,000000 0,000000
713 1675462117 0,000000 0,000000 -101,000000 0,000000 0,000000
713 1675462118 0,000000 0,000000 -101,000000 0,000000 0,000000
713 1675462119 0,000000 0,000000 -101,000000 0,000000 0,000000
713 1675462120 0,000000 0,000000 -101,000000 0,000000 0,000000
713 1675462121 3,000000 0,200000 0,600000 0,600000 -20,200000
713 1675462122 3,000000 0,200000 1,200000 1,200000 -20,200000
713 1675462123 3,000000 0,200000 1,800000 1,800000 -20,200000
713 1675462124 3,000000 0,200000 2,400000 2,400000 -20,200000
713 1675462125 3,000000 0,200000 3,000000 3,000000 -20,200000
713 1675462126 1,500000 0,400000 3,600000 3,600000 -20,200000
713 1675462127 1,500000 0,400000 4,200000 4,200000 -20,200000
713 1675462128 1,500000 0,400000 4,800000 4,800000 -20,200000
713 1675462129 1,500000 0,400000 5,400000 5,400000 -20,200000
713 1675462130 1,500000 0,400000 6,000000 6,000000 -20,200000
713 1675462131 -0,666667 0,600000 5,600000 5,600000 -20,200000
713 1675462132 -0,666667 0,600000 5,200000 5,200000 -20,200000
713 1675462133 -0,666667 0,600000 4,800000 4,800000 -20,200000
713 1675462134 -0,666667 0,600000 4,400000 4,400000 -20,200000
713 1675462135 -0,666667 0,600000 4,000000 4,000000 -20,200000
713 1675462136 0,000000 1,000000 4,000000 4,000000 -20,200000
713 1675462137 0,000000 1,000000 4,000000 4,000000 -20,200000
713 1675462138 0,000000 1,000000 4,000000 4,000000 -20,200000
713 1675462139 0,000000 1,000000 4,000000 4,000000 -20,200000
713 1675462140 0,000000 1,000000 4,000000 4,000000 -20,200000
713 1675462141 0,000000 1,200000 4,000000 4,000000 -20,200000
713 1675462142 0,000000 1,200000 4,000000 4,000000 -20,200000
713 1675462143 0,000000 1,200000 4,000000 4,000000 -20,200000
713 1675462144 0,000000 1,200000 4,000000 4,000000 -20,200000
713 1675462145 0,000000 1,200000 4,000000 4,000000 -20,200000
713 1675462146 0,444444 1,800000 4,800000 4,800000 -20,200000
713 1675462147 0,444444 1,800000 5,600000 5,600000 -20,200000
713 1675462148 0,444444 1,800000 6,400000 6,400000 -20,200000
713 1675462149 0,444444 1,800000 7,200000 7,200000 -20,200000
713 1675462150 0,444444 1,800000 8,000000 8,000000 -20,200000
713 1675462151 0,250000 2,400000 8,600000 8,600000 -20,200000
713 1675462152 0,250000 2,400000 9,200000 9,200000 -20,200000
713 1675462153 0,250000 2,400000 9,800000 9,800000 -20,200000
713 1675462154 0,250000 2,400000 10,400000 10,400000 -20,200000
713 1675462155 0,250000 2,400000 11,000000 11,000000 -20,200000
713 1675462156 0,230769 2,600000 11,600000 11,600000 -20,200000
713 1675462157 0,230769 2,600000 12,200000 12,200000 -20,200000
713 1675462158 0,230769 2,600000 12,800000 12,800000 -20,200000
713 1675462159 0,230769 2,600000 13,400000 13,400000 -20,200000
713 1675462160 0,230769 2,600000 14,000000 14,000000 -20,200000
713 1675462161 -0,266667 3,000000 13,200000 13,200000 -20,200000
713 1675462162 -0,266667 3,000000 12,400000 12,400000 -20,200000
713 1675462163 -0,266667 3,000000 11,600000 11,600000 -20,200000
713 1675462164 -0,266667 3,000000 10,800000 10,800000 -20,200000
713 1675462165 -0,266667 3,000000 10,000000 10,000000 -20,200000
713 1675462166 0,187500 3,200000 10,600000 10,600000 -20,200000
713 1675462167 0,187500 3,200000 11,200000 11,200000 -20,200000
713 1675462168 0,187500 3,200000 11,800000 11,800000 -20,200000
713 1675462169 0,187500 3,200000 12,400000 12,400000 -20,200000
713 1675462170 0,187500 3,200000 13,000000 13,000000 -20,200000
713 1675462171 0,117647 3,400000 13,400000 13,400000 -20,200000
713 1675462172 0,117647 3,400000 13,800000 13,800000 -20,200000
713 1675462173 0,117647 3,400000 14,200000 14,200000 -20,200000
713 1675462174 0,117647 3,400000 14,600000 14,600000 -20,200000
713 1675462175 0,117647 3,400000 15,000000 15,000000 -20,200000
713 1675462176 -0,055556 3,600000 14,800000 14,800000 -20,200000
713 1675462177 -0,055556 3,600000 14,600000 14,600000 -20,200000
713 1675462178 -0,055556 3,600000 14,400000 14,400000 -20,200000
713 1675462179 -0,055556 3,600000 14,200000 14,200000 -20,200000
713 1675462180 -0,055556 3,600000 14,000000 14,000000 -20,200000
713 1675462181 0,047619 4,200000 14,200000 14,200000 -20,200000
713 1675462182 0,047619 4,200000 14,400000 14,400000 -20,200000
713 1675462183 0,047619 4,200000 14,600000 14,600000 -20,200000
713 1675462184 0,047619 4,200000 14,800000 14,800000 -20,200000
713 1675462185 0,047619 4,200000 15,000000 15,000000 -20,200000
713 1675462186 0,291667 4,800000 16,400000 16,400000 -20,200000
713 1675462187 0,291667 4,800000 17,800000 17,800000 -20,200000
713 1675462188 0,291667 4,800000 19,200000 19,200000 -20,200000
713 1675462189 0,291667 4,800000 20,600000 20,600000 -20,200000
713 1675462190 0,291667 4,800000 22,000000 22,000000 -20,200000
713 1675462191 -0,153846 5,200000 21,200000 21,200000 -20,200000
713 1675462192 -0,153846 5,200000 20,400000 20,400000 -20,200000
713 1675462193 -0,153846 5,200000 19,600000 19,600000 -20,200000
713 1675462194 -0,153846 5,200000 18,800000 18,800000 -20,200000
713 1675462195 -0,153846 5,200000 18,000000 18,000000 -20,200000
713 1675462196 -0,103448 5,800000 17,400000 17,400000 -20,200000
713 1675462197 -0,103448 5,800000 16,800000 16,800000 -20,200000
713 1675462198 -0,103448 5,800000 16,200000 16,200000 -20,200000
713 1675462199 -0,103448 5,800000 15,600000 15,600000 -20,200000
713 1675462200 -0,103448 5,800000 15,000000 15,000000 -20,200000
713 1675462201 0,129032 6,200000 15,800000 15,800000 -20,200000
713 1675462202 0,129032 6,200000 16,600000 16,600000 -20,200000
713 1675462203 0,129032 6,200000 17,400000 17,400000 -20,200000
713 1675462204 0,129032 6,200000 18,200000 18,200000 -20,200000
713 1675462205 0,129032 6,200000 19,000000 19,000000 -20,200000
713 1675462206 0,027778 7,200000 19,200000 19,200000 -20,200000
713 1675462207 0,027778 7,200000 19,400000 19,400000 -20,200000
713 1675462208 0,027778 7,200000 19,600000 19,600000 -20,200000
713 1675462209 0,027778 7,200000 19,800000 19,800000 -20,200000
713 1675462210 0,027778 7,200000 20,000000 20,000000 -20,200000
713 1675462211 -0,046512 8,600000 19,600000 19,600000 -20,200000
713 1675462212 -0,046512 8,600000 19,200000 19,200000 -20,200000
713 1675462213 -0,046512 8,600000 18,800000 18,800000 -20,200000
713 1675462214 -0,046512 8,600000 18,400000 18,400000 -20,200000
713 1675462215 -0,046512 8,600000 18,000000 18,000000 -20,200000
713 1675462216 -0,083333 9,600000 17,200000 17,200000 -20,200000
713 1675462217 -0,083333 9,600000 16,400000 16,400000 -20,200000
713 1675462218 -0,083333 9,600000 15,600000 15,600000 -20,200000
713 1675462219 -0,083333 9,600000 14,800000 14,800000 -20,200000
713 1675462220 -0,083333 9,600000 14,000000 14,000000 -20,200000
713 1675462221 0,000000 9,600000 14,000000 14,000000 -20,200000
713 1675462222 0,000000 9,600000 14,000000 14,000000 -20,200000
713 1675462223 0,000000 9,600000 14,000000 14,000000 -20,200000
713 1675462224 0,000000 9,600000 14,000000 14,000000 -20,200000
713 1675462225 0,000000 9,600000 14,000000 14,000000 -20,200000
713 1675462226 0,080000 10,000000 14,800000 14,800000 -20,200000
713 1675462227 0,080000 10,000000 15,600000 15,600000 -20,200000
713 1675462228 0,080000 10,000000 16,400000 16,400000 -20,200000
713 1675462229 0,080000 10,000000 17,200000 17,200000 -20,200000
713 1675462230 0,080000 10,000000 18,000000 18,000000 -20,200000
713 1675462231 0,000000 10,200000 18,000000 18,000000 -20,200000
713 1675462232 0,000000 10,200000 18,000000 18,000000 -20,200000
713 1675462233 0,000000 10,200000 18,000000 18,000000 -20,200000
713 1675462234 0,000000 10,200000 18,000000 18,000000 -20,200000
713 1675462235 0,000000 10,200000 18,000000 18,000000 -20,200000
713 1675462236 0,056604 10,600000 18,600000 18,600000 -20,200000
713 1675462237 0,056604 10,600000 19,200000 19,200000 -20,200000
713 1675462238 0,056604 10,600000 19,800000 19,800000 -20,200000
713 1675462239 0,056604 10,600000 20,400000 20,400000 -20,200000
713 1675462240 0,056604 10,600000 21,000000 21,000000 -20,200000
713 1675462241 0,105263 11,400000 22,200000 22,200000 -20,200000
713 1675462242 0,105263 11,400000 23,400000 23,400000 -20,200000
713 1675462243 0,105263 11,400000 24,600000 24,600000 -20,200000
713 1675462244 0,105263 11,400000 25,800000 25,800000 -20,200000
713 1675462245 0,105263 11,400000 27,000000 27,000000 -20,200000
713 1675462246 0,196721 12,200000 29,400000 29,400000 -20,200000
713 1675462247 0,196721 12,200000 31,800000 31,800000 -20,200000
713 1675462248 0,196721 12,200000 34,200000 34,200000 -20,200000
713 1675462249 0,196721 12,200000 36,600000 36,600000 -20,200000
713 1675462250 0,196721 12,200000 39,000000 39,000000 -20,200000
713 1675462251 -0,121212 13,200000 37,400000 37,400000 -20,200000
713 1675462252 -0,121212 13,200000 35,800000 35,800000 -20,200000
713 1675462253 -0,121212 13,200000 34,200000 34,200000 -20,200000
713 1675462254 -0,121212 13,200000 32,600000 32,600000 -20,200000
713 1675462255 -0,121212 13,200000 31,000000 31,000000 -20,200000
713 1675462256 -0,028169 14,200000 30,600000 30,600000 -20,200000
713 1675462257 -0,028169 14,200000 30,200000 30,200000 -20,200000
713 1675462258 -0,028169 14,200000 29,800000 29,800000 -20,200000
713 1675462259 -0,028169 14,200000 29,400000 29,400000 -20,200000
713 1675462260 -0,028169 14,200000 29,000000 29,000000 -20,200000
713 1675462261 -0,052632 15,200000 28,200000 28,200000 -20,200000
713 1675462262 -0,052632 15,200000 27,400000 27,400000 -20,200000
713 1675462263 -0,052632 15,200000 26,600000 26,600000 -20,200000
713 1675462264 -0,052632 15,200000 25,800000 25,800000 -20,200000
713 1675462265 -0,052632 15,200000 25,000000 25,000000 -20,200000
713 1675462266 -0,012821 15,600000 24,800000 24,800000 -20,200000
713 1675462267 -0,012821 15,600000 24,600000 24,600000 -20,200000
713 1675462268 -0,012821 15,600000 24,400000 24,400000 -20,200000
713 1675462269 -0,012821 15,600000 24,200000 24,200000 -20,200000
713 1675462270 -0,012821 15,600000 24,000000 24,000000 -20,200000
713 1675462271 -0,012048 16,600000 23,800000 23,800000 -20,200000
713 1675462272 -0,012048 16,600000 23,600000 23,600000 -20,200000
713 1675462273 -0,012048 16,600000 23,400000 23,400000 -20,200000
713 1675462274 -0,012048 16,600000 23,200000 23,200000 -20,200000
713 1675462275 -0,012048 16,600000 23,000000 23,000000 -20,200000
713 1675462276 0,045977 17,400000 23,800000 23,800000 -20,200000
713 1675462277 0,045977 17,400000 24,600000 24,600000 -20,200000
713 1675462278 0,045977 17,400000 25,400000 25,400000 -20,200000
713 1675462279 0,045977 17,400000 26,200000 26,200000 -20,200000
713 1675462280 0,045977 17,400000 27,000000 27,000000 -20,200000
713 1675462281 -0,010989 18,200000 26,800000 26,800000 -20,200000
713 1675462282 -0,010989 18,200000 26,600000 26,600000 -20,200000
713 1675462283 -0,010989 18,200000 26,400000 26,400000 -20,200000
713 1675462284 -0,010989 18,200000 26,200000 26,200000 -20,200000
713 1675462285 -0,010989 18,200000 26,000000 26,000000 -20,200000
713 1675462286 0,021277 18,800000 26,400000 26,400000 -20,200000
713 1675462287 0,021277 18,800000 26,800000 26,800000 -20,200000
713 1675462288 0,021277 18,800000 27,200000 27,200000 -20,200000
713 1675462289 0,021277 18,800000 27,600000 27,600000 -20,200000
713 1675462290 0,021277 18,800000 28,000000 28,000000 -20,200000
713 1675462291 -0,010417 19,200000 27,800000 27,800000 -20,200000
713 1675462292 -0,010417 19,200000 27,600000 27,600000 -20,200000
713 1675462293 -0,010417 19,200000 27,400000 27,400000 -20,200000
713 1675462294 -0,010417 19,200000 27,200000 27,200000 -20,200000
713 1675462295 -0,010417 19,200000 27,000000 27,000000 -20,200000
713 1675462296 -0,010101 19,800000 26,800000 26,800000 -20,200000
713 1675462297 -0,010101 19,800000 26,600000 26,600000 -20,200000
713 1675462298 -0,010101 19,800000 26,400000 26,400000 -20,200000
713 1675462299 -0,010101 19,800000 26,200000 26,200000 -20,200000
713 1675462300 -0,010101 19,800000 26,000000 26,000000 -20,200000
713 1675462301 -0,009804 20,400000 25,800000 25,800000 -20,200000
713 1675462302 -0,009804 20,400000 25,600000 25,600000 -20,200000
713 1675462303 -0,009804 20,400000 25,400000 25,400000 -20,200000
713 1675462304 -0,009804 20,400000 25,200000 25,200000 -20,200000
713 1675462305 -0,009804 20,400000 25,000000 25,000000 -20,200000
713 1675462306 0,009615 20,800000 25,200000 25,200000 -20,200000
713 1675462307 0,009615 20,800000 25,400000 25,400000 -20,200000
713 1675462308 0,009615 20,800000 25,600000 25,600000 -20,200000
713 1675462309 0,009615 20,800000 25,800000 25,800000 -20,200000
713 1675462310 0,009615 20,800000 26,000000 26,000000 -20,200000
713 1675462311 0,083333 21,600000 27,800000 27,800000 -20,200000
713 1675462312 0,083333 21,600000 29,600000 29,600000 -20,200000
713 1675462313 0,083333 21,600000 31,400000 31,400000 -20,200000
713 1675462314 0,083333 21,600000 33,200000 33,200000 -20,200000
713 1675462315 0,083333 21,600000 35,000000 35,000000 -20,200000
713 1675462316 -0,017857 22,400000 34,600000 34,600000 -20,200000
713 1675462317 -0,017857 22,400000 34,200000 34,200000 -20,200000
713 1675462318 -0,017857 22,400000 33,800000 33,800000 -20,200000
713 1675462319 -0,017857 22,400000 33,400000 33,400000 -20,200000
713 1675462320 -0,017857 22,400000 33,000000 33,000000 -20,200000
713 1675462321 -0,008547 23,400000 32,800000 32,800000 -20,200000
713 1675462322 -0,008547 23,400000 32,600000 32,600000 -20,200000
713 1675462323 -0,008547 23,400000 32,400000 32,400000 -20,200000
713 1675462324 -0,008547 23,400000 32,200000 32,200000 -20,200000
713 1675462325 -0,008547 23,400000 32,000000 32,000000 -20,200000
713 1675462326 -0,016393 24,400000 31,600000 31,600000 -20,200000
713 1675462327 -0,016393 24,400000 31,200000 31,200000 -20,200000
713 1675462328 -0,016393 24,400000 30,800000 30,800000 -20,200000
713 1675462329 -0,016393 24,400000 30,400000 30,400000 -20,200000
713 1675462330 -0,016393 24,400000 30,000000 30,000000 -20,200000
713 1675462331 -0,040000 25,000000 29,000000 29,000000 -20,200000
713 1675462332 -0,040000 25,000000 28,000000 28,000000 -20,200000
713 1675462333 -0,040000 25,000000 27,000000 27,000000 -20,200000
713 1675462334 -0,040000 25,000000 26,000000 26,000000 -20,200000
713 1675462335 -0,040000 25,000000 25,000000 25,000000 -20,200000
713 1675462336 0,007812 25,600000 25,200000 25,200000 -20,200000
713 1675462337 0,007812 25,600000 25,400000 25,400000 -20,200000
713 1675462338 0,007813 25,600000 25,600000 25,600000 -20,200000
713 1675462339 0,007812 25,600000 25,800000 25,800000 -20,200000
713 1675462340 0,007812 25,600000 26,000000 26,000000 -20,200000
713 1675462341 0,023077 26,000000 26,600000 26,600000 -20,200000
713 1675462342 0,023077 26,000000 27,200000 27,200000 -20,200000
713 1675462343 0,023077 26,000000 27,800000 27,800000 -20,200000
713 1675462344 0,023077 26,000000 28,400000 28,400000 -20,200000
713 1675462345 0,023077 26,000000 29,000000 29,000000 -20,200000
713 1675462346 0,029851 26,800000 29,800000 29,800000 -20,200000
713 1675462347 0,029851 26,800000 30,600000 30,600000 -20,200000
713 1675462348 0,029851 26,800000 31,400000 31,400000 -20,200000
713 1675462349 0,029851 26,800000 32,200000 32,200000 -20,200000
713 1675462350 0,029851 26,800000 33,000000 33,000000 -20,200000
713 1675462351 0,007194 27,800000 33,200000 33,200000 -20,200000
713 1675462352 0,007194 27,800000 33,400000 33,400000 -20,200000
713 1675462353 0,007194 27,800000 33,600000 33,600000 -20,200000
713 1675462354 0,007194 27,800000 33,800000 33,800000 -20,200000
713 1675462355 0,007194 27,800000 34,000000 34,000000 -20,200000
713 1675462356 -0,014085 28,400000 33,600000 33,600000 -20,200000
713 1675462357 -0,014085 28,400000 33,200000 33,200000 -20,200000
713 1675462358 -0,014085 28,400000 32,800000 32,800000 -20,200000
713 1675462359 -0,014085 28,400000 32,400000 32,400000 -20,200000
713 1675462360 -0,014085 28,400000 32,000000 32,000000 -20,200000
713 1675462361 0,006944 28,800000 32,200000 32,200000 -20,200000
713 1675462362 0,006944 28,800000 32,400000 32,400000 -20,200000
713 1675462363 0,006944 28,800000 32,600000 32,600000 -20,200000
713 1675462364 0,006944 28,800000 32,800000 32,800000 -20,200000
713 1675462365 0,006944 28,800000 33,000000 33,000000 -20,200000
713 1675462366 0,000000 29,600000 33,000000 33,000000 -20,200000
713 1675462367 0,000000 29,600000 33,000000 33,000000 -20,200000
713 1675462368 0,000000 29,600000 33,000000 33,000000 -20,200000
713 1675462369 0,000000 29,600000 33,000000 33,000000 -20,200000
713 1675462370 0,000000 29,600000 33,000000 33,000000 -20,200000
713 1675462371 0,032680 30,600000 34,000000 34,000000 -20,200000
713 1675462372 0,032680 30,600000 35,000000 35,000000 -20,200000
713 1675462373 0,032680 30,600000 36,000000 36,000000 -20,200000
713 1675462374 0,032680 30,600000 37,000000 37,000000 -20,200000
713 1675462375 0,032680 30,600000 38,000000 38,000000 -20,200000
713 1675462376 -0,025316 31,600000 37,200000 37,200000 -20,200000
713 1675462377 -0,025316 31,600000 36,400000 36,400000 -20,200000
713 1675462378 -0,025316 31,600000 35,600000 35,600000 -20,200000
713 1675462379 -0,025316 31,600000 34,800000 34,800000 -20,200000
713 1675462380 -0,025316 31,600000 34,000000 34,000000 -20,200000
713 1675462381 -0,037267 32,200000 32,800000 32,800000 -20,200000
713 1675462382 -0,037267 32,200000 31,600000 31,600000 -20,200000
713 1675462383 -0,037267 32,200000 30,400000 30,400000 -20,200000
713 1675462384 -0,037267 32,200000 29,200000 29,200000 -20,200000
713 1675462385 -0,037267 32,200000 28,000000 28,000000 -20,200000
713 1675462386 0,030488 32,800000 29,000000 29,000000 -20,200000
713 1675462387 0,030488 32,800000 30,000000 30,000000 -20,200000
713 1675462388 0,030488 32,800000 31,000000 31,000000 -20,200000
713 1675462389 0,030488 32,800000 32,000000 32,000000 -20,200000
713 1675462390 0,030488 32,800000 33,000000 33,000000 -20,200000
713 1675462391 0,011905 33,600000 33,400000 33,400000 -20,200000
713 1675462392 0,011905 33,600000 33,800000 33,800000 -20,200000
713 1675462393 0,011905 33,600000 34,200000 34,200000 -20,200000
713 1675462394 0,011905 33,600000 34,600000 34,600000 -20,200000
713 1675462395 0,011905 33,600000 35,000000 35,000000 -20,200000
713 1675462396 0,005780 34,600000 35,200000 35,200000 -20,200000
713 1675462397 0,005780 34,600000 35,400000 35,400000 -20,200000
713 1675462398 0,005780 34,600000 35,600000 35,600000 -20,200000
713 1675462399 0,005780 34,600000 35,800000 35,800000 -20,200000
713 1675462400 0,005780 34,600000 36,000000 36,000000 -20,200000
713 1675462401 -0,017143 35,000000 35,400000 35,400000 -20,200000
713 1675462402 -0,017143 35,000000 34,800000 34,800000 -20,200000
713 1675462403 -0,017143 35,000000 34,200000 34,200000 -20,200000
713 1675462404 -0,017143 35,000000 33,600000 33,600000 -20,200000
713 1675462405 -0,017143 35,000000 33,000000 33,000000 -20,200000
713 1675462406 -0,011299 35,400000 32,600000 32,600000 -20,200000
713 1675462407 -0,011299 35,400000 32,200000 32,200000 -20,200000
713 1675462408 -0,011299 35,400000 31,800000 31,800000 -20,200000
713 1675462409 -0,011299 35,400000 31,400000 31,400000 -20,200000
713 1675462410 -0,011299 35,400000 31,000000 31,000000 -20,200000
713 1675462411 0,000000 35,800000 31,000000 31,000000 -20,200000
713 1675462412 0,000000 35,800000 31,000000 31,000000 -20,200000
713 1675462413 0,000000 35,800000 31,000000 31,000000 -20,200000
713 1675462414 0,000000 35,800000 31,000000 31,000000 -20,200000
713 1675462415 0,000000 35,800000 31,000000 31,000000 -20,200000
713 1675462416 0,005556 36,000000 31,200000 31,200000 -20,200000
713 1675462417 0,005556 36,000000 31,400000 31,400000 -20,200000
713 1675462418 0,005556 36,000000 31,600000 31,600000 -20,200000
713 1675462419 0,005556 36,000000 31,800000 31,800000 -20,200000
713 1675462420 0,005556 36,000000 32,000000 32,000000 -20,200000
713 1675462421 0,005525 36,200000 32,200000 32,200000 -20,200000
713 1675462422 0,005525 36,200000 32,400000 32,400000 -20,200000
713 1675462423 0,005525 36,200000 32,600000 32,600000 -20,200000
713 1675462424 0,005525 36,200000 32,800000 32,800000 -20,200000
713 1675462425 0,005525 36,200000 33,000000 33,000000 -20,200000
713 1675462426 0,021858 36,600000 33,800000 33,800000 -20,200000
713 1675462427 0,021858 36,600000 34,600000 34,600000 -20,200000
713 1675462428 0,021858 36,600000 35,400000 35,400000 -20,200000
713 1675462429 0,021858 36,600000 36,200000 36,200000 -20,200000
713 1675462430 0,021858 36,600000 37,000000 37,000000 -20,200000
713 1675462431 0,000000 37,800000 37,000000 37,000000 -20,200000
713 1675462432 0,000000 37,800000 37,000000 37,000000 -20,200000
713 1675462433 0,000000 37,800000 37,000000 37,000000 -20,200000
713 1675462434 0,000000 37,800000 37,000000 37,000000 -20,200000
713 1675462435 0,000000 37,800000 37,000000 37,000000 -20,200000
713 1675462436 0,000000 39,000000 37,000000 37,000000 -20,200000
713 1675462437 0,000000 39,000000 37,000000 37,000000 -20,200000
713 1675462438 0,000000 39,000000 37,000000 37,000000 -20,200000
713 1675462439 0,000000 39,000000 37,000000 37,000000 -20,200000
713 1675462440 0,000000 39,000000 37,000000 37,000000 -20,200000
713 1675462441 -0,009950 40,200000 36,600000 36,600000 -20,200000
713 1675462442 -0,009950 40,200000 36,200000 36,200000 -20,200000
713 1675462443 -0,009950 40,200000 35,800000 35,800000 -20,200000
713 1675462444 -0,009950 40,200000 35,400000 35,400000 -20,200000
713 1675462445 -0,009950 40,200000 35,000000 35,000000 -20,200000
713 1675462446 0,019324 41,400000 35,800000 35,800000 -20,200000
713 1675462447 0,019324 41,400000 36,600000 36,600000 -20,200000
713 1675462448 0,019324 41,400000 37,400000 37,400000 -20,200000
713 1675462449 0,019324 41,400000 38,200000 38,200000 -20,200000
713 1675462450 0,019324 41,400000 39,000000 39,000000 -20,200000
713 1675462451 -0,051643 42,600000 36,800000 36,800000 -20,200000
713 1675462452 -0,051643 42,600000 34,600000 34,600000 -20,200000
713 1675462453 -0,051643 42,600000 32,400000 32,400000 -20,200000
713 1675462454 -0,051643 42,600000 30,200000 30,200000 -20,200000
713 1675462455 -0,051643 42,600000 28,000000 28,000000 -20,200000
713 1675462456 -0,009132 43,800000 27,600000 27,600000 -20,200000
713 1675462457 -0,009132 43,800000 27,200000 27,200000 -20,200000
713 1675462458 -0,009132 43,800000 26,800000 26,800000 -20,200000
713 1675462459 -0,009132 43,800000 26,400000 26,400000 -20,200000
713 1675462460 -0,009132 43,800000 26,000000 26,000000 -20,200000
713 1675462461 -0,031250 44,800000 24,600000 24,600000 -20,200000
713 1675462462 -0,031250 44,800000 23,200000 23,200000 -20,200000
713 1675462463 -0,031250 44,800000 21,800000 21,800000 -20,200000
713 1675462464 -0,031250 44,800000 20,400000 20,400000 -20,200000
713 1675462465 -0,031250 44,800000 19,000000 19,000000 -20,200000
713 1675462466 0,008850 45,200000 19,400000 19,400000 -20,200000
713 1675462467 0,008850 45,200000 19,800000 19,800000 -20,200000
713 1675462468 0,008850 45,200000 20,200000 20,200000 -20,200000
713 1675462469 0,008850 45,200000 20,600000 20,600000 -20,200000
713 1675462470 0,008850 45,200000 21,000000 21,000000 -20,200000
713 1675462471 0,000000 45,600000 21,000000 21,000000 -20,200000
713 1675462472 0,000000 45,600000 21,000000 21,000000 -20,200000
713 1675462473 0,000000 45,600000 21,000000 21,000000 -20,200000
713 1675462474 0,000000 45,600000 21,000000 21,000000 -20,200000
713 1675462475 0,000000 45,600000 21,000000 21,000000 -20,200000
713 1675462476 0,013100 45,800000 21,600000 21,600000 -20,200000
713 1675462477 0,013100 45,800000 22,200000 22,200000 -20,200000
713 1675462478 0,013100 45,800000 22,800000 22,800000 -20,200000
713 1675462479 0,013100 45,800000 23,400000 23,400000 -20,200000
713 1675462480 0,013100 45,800000 24,000000 24,000000 -20,200000
713 1675462481 -0,013043 46,000000 23,400000 23,400000 -20,200000
713 1675462482 -0,013043 46,000000 22,800000 22,800000 -20,200000
713 1675462483 -0,013043 46,000000 22,200000 22,200000 -20,200000
713 1675462484 -0,013043 46,000000 21,600000 21,600000 -20,200000
713 1675462485 -0,013043 46,000000 21,000000 21,000000 -20,200000
713 1675462486 -0,008658 46,200000 20,600000 20,600000 -20,200000
713 1675462487 -0,008658 46,200000 20,200000 20,200000 -20,200000
713 1675462488 -0,008658 46,200000 19,800000 19,800000 -20,200000
713 1675462489 -0,008658 46,200000 19,400000 19,400000 -20,200000
713 1675462490 -0,008658 46,200000 19,000000 19,000000 -20,200000
713 1675462491 0,017167 46,600000 19,800000 19,800000 -20,200000
713 1675462492 0,017167 46,600000 20,600000 20,600000 -20,200000
713 1675462493 0,017167 46,600000 21,400000 21,400000 -20,200000
713 1675462494 0,017167 46,600000 22,200000 22,200000 -20,200000
713 1675462495 0,017167 46,600000 23,000000 23,000000 -20,200000
713 1675462496 0,029661 47,200000 24,400000 24,400000 -20,200000
713 1675462497 0,029661 47,200000 25,800000 25,800000 -20,200000
713 1675462498 0,029661 47,200000 27,200000 27,200000 -20,200000
713 1675462499 0,029661 47,200000 28,600000 28,600000 -20,200000
713 1675462500 0,029661 47,200000 30,000000 30,000000 -20,200000
713 1675462501 0,000000 48,000000 30,000000 30,000000 -20,200000
713 1675462502 0,000000 48,000000 30,000000 30,000000 -20,200000
713 1675462503 0,000000 48,000000 30,000000 30,000000 -20,200000
713 1675462504 0,000000 48,000000 30,000000 30,000000 -20,200000
713 1675462505 0,000000 48,000000 30,000000 30,000000 -20,200000
713 1675462506 -0,028571 49,000000 28,600000 28,600000 -20,200000
713 1675462507 -0,028571 49,000000 27,200000 27,200000 -20,200000
713 1675462508 -0,028571 49,000000 25,800000 25,800000 -20,200000
713 1675462509 -0,028571 49,000000 24,400000 24,400000 -20,200000
713 1675462510 -0,028571 49,000000 23,000000 23,000000 -20,200000
713 1675462511 -0,020243 49,400000 22,000000 22,000000 -20,200000
713 1675462512 -0,020243 49,400000 21,000000 21,000000 -20,200000
713 1675462513 -0,020243 49,400000 20,000000 20,000000 -20,200000
713 1675462514 -0,020243 49,400000 19,000000 19,000000 -20,200000
713 1675462515 -0,020243 49,400000 18,000000 18,000000 -20,200000
713 1675462516 -0,003984 50,200000 17,800000 17,800000 -20,200000
713 1675462517 -0,003984 50,200000 17,600000 17,600000 -20,200000
713 1675462518 -0,003984 50,200000 17,400000 17,400000 -20,200000
713 1675462519 -0,003984 50,200000 17,200000 17,200000 -20,200000
713 1675462520 -0,003984 50,200000 17,000000 17,000000 -20,200000
713 1675462521 0,011673 51,400000 17,600000 17,600000 -20,200000
713 1675462522 0,011673 51,400000 18,200000 18,200000 -20,200000
713 1675462523 0,011673 51,400000 18,800000 18,800000 -20,200000
713 1675462524 0,011673 51,400000 19,400000 19,400000 -20,200000
713 1675462525 0,011673 51,400000 20,000000 20,000000 -20,200000
713 1675462526 0,015444 51,800000 20,800000 20,800000 -20,200000
713 1675462527 0,015444 51,800000 21,600000 21,600000 -20,200000
713 1675462528 0,015444 51,800000 22,400000 22,400000 -20,200000
713 1675462529 0,015444 51,800000 23,200000 23,200000 -20,200000
713 1675462530 0,015444 51,800000 24,000000 24,000000 -20,200000
713 1675462531 0,000000 52,000000 24,000000 24,000000 -20,200000
713 1675462532 0,000000 52,000000 24,000000 24,000000 -20,200000
713 1675462533 0,000000 52,000000 24,000000 24,000000 -20,200000
713 1675462534 0,000000 52,000000 24,000000 24,000000 -20,200000
713 1675462535 0,000000 52,000000 24,000000 24,000000 -20,200000
713 1675462536 0,011450 52,400000 24,600000 24,600000 -20,200000
713 1675462537 0,011450 52,400000 25,200000 25,200000 -20,200000
713 1675462538 0,011450 52,400000 25,800000 25,800000 -20,200000
713 1675462539 0,011450 52,400000 26,400000 26,400000 -20,200000
713 1675462540 0,011450 52,400000 27,000000 27,000000 -20,200000
713 1675462541 0,003788 52,800000 27,200000 27,200000 -20,200000
713 1675462542 0,003788 52,800000 27,400000 27,400000 -20,200000
713 1675462543 0,003788 52,800000 27,600000 27,600000 -20,200000
713 1675462544 0,003788 52,800000 27,800000 27,800000 -20,200000
713 1675462545 0,003788 52,800000 28,000000 28,000000 -20,200000
713 1675462546 0,014981 53,400000 28,800000 28,800000 -20,200000
713 1675462547 0,014981 53,400000 29,600000 29,600000 -20,200000
713 1675462548 0,014981 53,400000 30,400000 30,400000 -20,200000
713 1675462549 0,014981 53,400000 31,200000 31,200000 -20,200000
713 1675462550 0,014981 53,400000 32,000000 32,000000 -20,200000
713 1675462551 -0,003676 54,400000 31,800000 31,800000 -20,200000
713 1675462552 -0,003676 54,400000 31,600000 31,600000 -20,200000
713 1675462553 -0,003676 54,400000 31,400000 31,400000 -20,200000
713 1675462554 -0,003676 54,400000 31,200000 31,200000 -20,200000
713 1675462555 -0,003676 54,400000 31,000000 31,000000 -20,200000
713 1675462556 0,032727 55,000000 32,800000 32,800000 -20,200000
713 1675462557 0,032727 55,000000 34,600000 34,600000 -20,200000
713 1675462558 0,032727 55,000000 36,400000 36,400000 -20,200000
713 1675462559 0,032727 55,000000 38,200000 38,200000 -20,200000
713 1675462560 0,032727 55,000000 40,000000 40,000000 -20,200000
713 1675462561 -0,025180 55,600000 38,600000 38,600000 -20,200000
713 1675462562 -0,025180 55,600000 37,200000 37,200000 -20,200000
713 1675462563 -0,025180 55,600000 35,800000 35,800000 -20,200000
713 1675462564 -0,025180 55,600000 34,400000 34,400000 -20,200000
713 1675462565 -0,025180 55,600000 33,000000 33,000000 -20,200000
713 1675462566 -0,014235 56,200000 32,200000 32,200000 -20,200000
713 1675462567 -0,014235 56,200000 31,400000 31,400000 -20,200000
713 1675462568 -0,014235 56,200000 30,600000 30,600000 -20,200000
713 1675462569 -0,014235 56,200000 29,800000 29,800000 -20,200000
713 1675462570 -0,014235 56,200000 29,000000 29,000000 -20,200000
713 1675462571 0,003521 56,800000 29,200000 29,200000 -20,200000
713 1675462572 0,003521 56,800000 29,400000 29,400000 -20,200000
713 1675462573 0,003521 56,800000 29,600000 29,600000 -20,200000
713 1675462574 0,003521 56,800000 29,800000 29,800000 -20,200000
713 1675462575 0,003521 56,800000 30,000000 30,000000 -20,200000
713 1675462576 0,006969 57,400000 30,400000 30,400000 -20,200000
713 1675462577 0,006969 57,400000 30,800000 30,800000 -20,200000
713 1675462578 0,006969 57,400000 31,200000 31,200000 -20,200000
713 1675462579 0,006969 57,400000 31,600000 31,600000 -20,200000
713 1675462580 0,006969 57,400000 32,000000 32,000000 -20,200000
713 1675462581 -0,020478 58,600000 30,800000 30,800000 -20,200000
713 1675462582 -0,020478 58,600000 29,600000 29,600000 -20,200000
713 1675462583 -0,020478 58,600000 28,400000 28,400000 -20,200000
713 1675462584 -0,020478 58,600000 27,200000 27,200000 -20,200000
713 1675462585 -0,020478 58,600000 26,000000 26,000000 -20,200000
713 1675462586 -0,010135 59,200000 25,400000 25,400000 -20,200000
713 1675462587 -0,010135 59,200000 24,800000 24,800000 -20,200000
713 1675462588 -0,010135 59,200000 24,200000 24,200000 -20,200000
713 1675462589 -0,010135 59,200000 23,600000 23,600000 -20,200000
713 1675462590 -0,010135 59,200000 23,000000 23,000000 -20,200000
713 1675462591 0,003356 59,600000 23,200000 23,200000 -20,200000
713 1675462592 0,003356 59,600000 23,400000 23,400000 -20,200000
713 1675462593 0,003356 59,600000 23,600000 23,600000 -20,200000
713 1675462594 0,003356 59,600000 23,800000 23,800000 -20,200000
713 1675462595 0,003356 59,600000 24,000000 24,000000 -20,200000
713 1675462596 0,009934 60,400000 24,600000 24,600000 -20,200000
713 1675462597 0,009934 60,400000 25,200000 25,200000 -20,200000
713 1675462598 0,009934 60,400000 25,800000 25,800000 -20,200000
713 1675462599 0,009934 60,400000 26,400000 26,400000 -20,200000
713 1675462600 0,009934 60,400000 27,000000 27,000000 -20,200000
713 1675462601 -0,003289 60,800000 26,800000 26,800000 -20,200000
713 1675462602 -0,003289 60,800000 26,600000 26,600000 -20,200000
713 1675462603 -0,003289 60,800000 26,400000 26,400000 -20,200000
713 1675462604 -0,003289 60,800000 26,200000 26,200000 -20,200000
713 1675462605 -0,003289 60,800000 26,000000 26,000000 -20,200000
713 1675462606 0,009804 61,200000 26,600000 26,600000 -20,200000
713 1675462607 0,009804 61,200000 27,200000 27,200000 -20,200000
713 1675462608 0,009804 61,200000 27,800000 27,800000 -20,200000
713 1675462609 0,009804 61,200000 28,400000 28,400000 -20,200000
713 1675462610 0,009804 61,200000 29,000000 29,000000 -20,200000
713 1675462611 0,006452 62,000000 29,400000 29,400000 -20,200000
713 1675462612 0,006452 62,000000 29,800000 29,800000 -20,200000
713 1675462613 0,006452 62,000000 30,200000 30,200000 -20,200000
713 1675462614 0,006452 62,000000 30,600000 30,600000 -20,200000
713 1675462615 0,006452 62,000000 31,000000 31,000000 -20,200000
713 1675462616 -0,006410 62,400000 30,600000 30,600000 -20,200000
713 1675462617 -0,006410 62,400000 30,200000 30,200000 -20,200000
713 1675462618 -0,006410 62,400000 29,800000 29,800000 -20,200000
713 1675462619 -0,006410 62,400000 29,400000 29,400000 -20,200000
713 1675462620 -0,006410 62,400000 29,000000 29,000000 -20,200000
713 1675462621 0,015873 63,000000 30,000000 30,000000 -20,200000
713 1675462622 0,015873 63,000000 31,000000 31,000000 -20,200000
713 1675462623 0,015873 63,000000 32,000000 32,000000 -20,200000
713 1675462624 0,015873 63,000000 33,000000 33,000000 -20,200000
713 1675462625 0,015873 63,000000 34,000000 34,000000 -20,200000
713 1675462626 -0,003145 63,600000 33,800000 33,800000 -20,200000
713 1675462627 -0,003145 63,600000 33,600000 33,600000 -20,200000
713 1675462628 -0,003145 63,600000 33,400000 33,400000 -20,200000
713 1675462629 -0,003145 63,600000 33,200000 33,200000 -20,200000
713 1675462630 -0,003145 63,600000 33,000000 33,000000 -20,200000
713 1675462631 -0,012461 64,200000 32,200000 32,200000 -20,200000
713 1675462632 -0,012461 64,200000 31,400000 31,400000 -20,200000
713 1675462633 -0,012461 64,200000 30,600000 30,600000 -20,200000
713 1675462634 -0,012461 64,200000 29,800000 29,800000 -20,200000
713 1675462635 -0,012461 64,200000 29,000000 29,000000 -20,200000
713 1675462636 0,003086 64,800000 29,200000 29,200000 -20,200000
713 1675462637 0,003086 64,800000 29,400000 29,400000 -20,200000
713 1675462638 0,003086 64,800000 29,600000 29,600000 -20,200000
713 1675462639 0,003086 64,800000 29,800000 29,800000 -20,200000
713 1675462640 0,003086 64,800000 30,000000 30,000000 -20,200000
713 1675462641 0,006098 65,600000 30,400000 30,400000 -20,200000
713 1675462703 0,000000 0,333333 30,000000 30,000000 3400,333333
713 1675462702 0,000000 0,333333 30,000000 30,000000 3400,333333
713 1675462701 0,000000 0,333333 30,000000 30,000000 3400,333333
713 1675462700 3,000000 0,200000 30,000000 30,000000 2040,272000
713 1675462699 3,000000 0,200000 29,400000 29,400000 2040,272000
713 1675462698 3,000000 0,200000 28,800000 28,800000 2040,272000
713 1675462697 3,000000 0,200000 28,200000 28,200000 2040,272000
713 1675462696 3,000000 0,200000 27,600000 27,600000 2040,272000
713 1675462695 -5,000000 0,200000 27,000000 27,000000 2040,400000
713 1675462694 -5,000000 0,200000 28,000000 28,000000 2040,400000
713 1675462693 -5,000000 0,200000 29,000000 29,000000 2040,400000
713 1675462692 -5,000000 0,200000 30,000000 30,000000 2040,400000
713 1675462691 -5,000000 0,200000 31,000000 31,000000 2040,400000
713 1675462690 0,000000 0,200000 32,000000 32,000000 2040,200000
713 1675462689 0,000000 0,200000 32,000000 32,000000 2040,200000
713 1675462688 0,000000 0,200000 32,000000 32,000000 2040,200000
713 1675462687 0,000000 0,200000 32,000000 32,000000 2040,200000
713 1675462686 0,000000 0,200000 32,000000 32,000000 2040,200000
713 1675462685 5,000000 0,200000 32,000000 32,000000 2040,400000
713 1675462684 5,000000 0,200000 31,000000 31,000000 2040,400000
713 1675462683 5,000000 0,200000 30,000000 30,000000 2040,400000
713 1675462682 5,000000 0,200000 29,000000 29,000000 2040,400000
713 1675462681 5,000000 0,200000 28,000000 28,000000 2040,400000
713 1675462680 -1,000000 0,200000 27,000000 27,000000 2040,208000
713 1675462679 -1,000000 0,200000 27,200000 27,200000 2040,208000
713 1675462678 -1,000000 0,200000 27,400000 27,400000 2040,208000
713 1675462677 -1,000000 0,200000 27,600000 27,600000 2040,208000
713 1675462676 -1,000000 0,200000 27,800000 27,800000 2040,208000
713 1675462675 3,000000 0,200000 28,000000 28,000000 2040,272000
713 1675462674 3,000000 0,200000 27,400000 27,400000 2040,272000
713 1675462673 3,000000 0,200000 26,800000 26,800000 2040,272000
713 1675462672 3,000000 0,200000 26,200000 26,200000 2040,272000
713 1675462671 3,000000 0,200000 25,600000 25,600000 2040,272000
713 1675462670 0,000000 0,200000 25,000000 25,000000 2040,200000
713 1675462669 0,000000 0,200000 25,000000 25,000000 2040,200000
713 1675462668 0,000000 0,200000 25,000000 25,000000 2040,200000
713 1675462667 0,000000 0,200000 25,000000 25,000000 2040,200000
713 1675462666 0,000000 0,200000 25,000000 25,000000 2040,200000
713 1675462665 -7,000000 0,200000 25,000000 25,000000 2040,592000
713 1675462664 -7,000000 0,200000 26,400000 26,400000 2040,592000
713 1675462663 -7,000000 0,200000 27,800000 27,800000 2040,592000
713 1675462662 -7,000000 0,200000 29,200000 29,200000 2040,592000
713 1675462661 -7,000000 0,200000 30,600000 30,600000 2040,592000
713 1675462660 4,000000 0,200000 32,000000 32,000000 2040,328000
713 1675462659 4,000000 0,200000 31,200000 31,200000 2040,328000
713 1675462658 4,000000 0,200000 30,400000 30,400000 2040,328000
713 1675462657 4,000000 0,200000 29,600000 29,600000 2040,328000
713 1675462656 4,000000 0,200000 28,800000 28,800000 2040,328000
713 1675462655 -7,000000 0,200000 28,000000 28,000000 2040,592000
713 1675462654 -7,000000 0,200000 29,400000 29,400000 2040,592000
713 1675462653 -7,000000 0,200000 30,800000 30,800000 2040,592000
713 1675462652 -7,000000 0,200000 32,200000 32,200000 2040,592000
713 1675462651 -7,000000 0,200000 33,600000 33,600000 2040,592000
713 1675462650 3,000000 0,200000 35,000000 35,000000 2040,272000
713 1675462649 3,000000 0,200000 34,400000 34,400000 2040,272000
713 1675462648 3,000000 0,200000 33,800000 33,800000 2040,272000
713 1675462647 3,000000 0,200000 33,200000 33,200000 2040,272000
713 1675462646 3,000000 0,200000 32,600000 32,600000 2040,272000
713 1675462645 2,000000 0,200000 32,000000 32,000000 2040,232000
713 1675462644 2,000000 0,200000 31,600000 31,600000 2040,232000
713 1675462643 2,000000 0,200000 31,200000 31,200000 2040,232000
713 1675462642 2,000000 0,200000 30,800000 30,800000 2040,232000
713 1675462642 0,006098 65,600000 30,800000 30,800000 -20,200000
713 1675462643 0,006098 65,600000 31,200000 31,200000 -20,200000
713 1675462644 0,006098 65,600000 31,600000 31,600000 -20,200000
713 1675462645 0,006098 65,600000 32,000000 32,000000 -20,200000
713 1675462646 0,009009 66,600000 32,600000 32,600000 -20,200000
713 1675462647 0,009009 66,600000 33,200000 33,200000 -20,200000
713 1675462648 0,009009 66,600000 33,800000 33,800000 -20,200000
713 1675462649 0,009009 66,600000 34,400000 34,400000 -20,200000
713 1675462650 0,009009 66,600000 35,000000 35,000000 -20,200000
713 1675462651 -0,020588 68,000000 33,600000 33,600000 -20,200000
713 1675462652 -0,020588 68,000000 32,200000 32,200000 -20,200000
713 1675462653 -0,020588 68,000000 30,800000 30,800000 -20,200000
713 1675462654 -0,020588 68,000000 29,400000 29,400000 -20,200000
713 1675462655 -0,020588 68,000000 28,000000 28,000000 -20,200000
713 1675462656 0,011594 69,000000 28,800000 28,800000 -20,200000
713 1675462657 0,011594 69,000000 29,600000 29,600000 -20,200000
713 1675462658 0,011594 69,000000 30,400000 30,400000 -20,200000
713 1675462659 0,011594 69,000000 31,200000 31,200000 -20,200000
713 1675462660 0,011594 69,000000 32,000000 32,000000 -20,200000
713 1675462661 -0,020115 69,600000 30,600000 30,600000 -20,200000
713 1675462662 -0,020115 69,600000 29,200000 29,200000 -20,200000
713 1675462663 -0,020115 69,600000 27,800000 27,800000 -20,200000
713 1675462664 -0,020115 69,600000 26,400000 26,400000 -20,200000
713 1675462665 -0,020115 69,600000 25,000000 25,000000 -20,200000
713 1675462666 0,000000 69,800000 25,000000 25,000000 -20,200000
713 1675462667 0,000000 69,800000 25,000000 25,000000 -20,200000
713 1675462668 0,000000 69,800000 25,000000 25,000000 -20,200000
713 1675462669 0,000000 69,800000 25,000000 25,000000 -20,200000
713 1675462670 0,000000 69,800000 25,000000 25,000000 -20,200000
713 1675462671 0,008547 70,200000 25,600000 25,600000 -20,200000
713 1675462672 0,008547 70,200000 26,200000 26,200000 -20,200000
713 1675462673 0,008547 70,200000 26,800000 26,800000 -20,200000
713 1675462674 0,008547 70,200000 27,400000 27,400000 -20,200000
713 1675462675 0,008547 70,200000 28,000000 28,000000 -20,200000
713 1675462676 -0,002825 70,800000 27,800000 27,800000 -20,200000
713 1675462677 -0,002825 70,800000 27,600000 27,600000 -20,200000
713 1675462678 -0,002825 70,800000 27,400000 27,400000 -20,200000
713 1675462679 -0,002825 70,800000 27,200000 27,200000 -20,200000
713 1675462680 -0,002825 70,800000 27,000000 27,000000 -20,200000
713 1675462681 0,014006 71,400000 28,000000 28,000000 -20,200000
713 1675462682 0,014006 71,400000 29,000000 29,000000 -20,200000
713 1675462683 0,014006 71,400000 30,000000 30,000000 -20,200000
713 1675462684 0,014006 71,400000 31,000000 31,000000 -20,200000
713 1675462685 0,014006 71,400000 32,000000 32,000000 -20,200000
713 1675462686 0,000000 72,200000 32,000000 32,000000 -20,200000
713 1675462687 0,000000 72,200000 32,000000 32,000000 -20,200000
713 1675462688 0,000000 72,200000 32,000000 32,000000 -20,200000
713 1675462689 0,000000 72,200000 32,000000 32,000000 -20,200000
713 1675462690 0,000000 72,200000 32,000000 32,000000 -20,200000
713 1675462691 -0,013736 72,800000 31,000000 31,000000 -20,200000
713 1675462692 -0,013736 72,800000 30,000000 30,000000 -20,200000
713 1675462693 -0,013736 72,800000 29,000000 29,000000 -20,200000
713 1675462694 -0,013736 72,800000 28,000000 28,000000 -20,200000
713 1675462695 -0,013736 72,800000 27,000000 27,000000 -20,200000
713 1675462696 0,008219 73,000000 27,600000 27,600000 -20,200000
713 1675462697 0,008219 73,000000 28,200000 28,200000 -20,200000
713 1675462698 0,008219 73,000000 28,800000 28,800000 -20,200000
713 1675462699 0,008219 73,000000 29,400000 29,400000 -20,200000
713 1675462700 0,008219 73,000000 30,000000 30,000000 -20,200000
713 1675462701 0,000000 73,600000 30,000000 30,000000 -20,200000
713 1675462702 0,000000 73,600000 30,000000 30,000000 -20,200000
713 1675462703 0,000000 73,600000 30,000000 30,000000 -20,200000
713 1675462704 0,000000 73,600000 30,000000 30,000000 -20,200000
713 1675462705 0,000000 73,600000 30,000000 30,000000 -20,200000
713 1675462706 -0,005376 74,400000 29,600000 29,600000 -20,200000
713 1675462707 -0,005376 74,400000 29,200000 29,200000 -20,200000
713 1675462708 -0,005376 74,400000 28,800000 28,800000 -20,200000
713 1675462709 -0,005376 74,400000 28,400000 28,400000 -20,200000
713 1675462710 -0,005376 74,400000 28,000000 28,000000 -20,200000
713 1675462711 -0,002681 74,600000 27,800000 27,800000 -20,200000
713 1675462712 -0,002681 74,600000 27,600000 27,600000 -20,200000
713 1675462713 -0,002681 74,600000 27,400000 27,400000 -20,200000
713 1675462714 -0,002681 74,600000 27,200000 27,200000 -20,200000
713 1675462715 -0,002681 74,600000 27,000000 27,000000 -20,200000
713 1675462716 0,002674 74,800000 27,200000 27,200000 -20,200000
713 1675462717 0,002674 74,800000 27,400000 27,400000 -20,200000
713 1675462718 0,002674 74,800000 27,600000 27,600000 -20,200000
713 1675462719 0,002674 74,800000 27,800000 27,800000 -20,200000
713 1675462720 0,002674 74,800000 28,000000 28,000000 -20,200000
713 1675462721 0,000000 75,200000 28,000000 28,000000 -20,200000
713 1675462722 0,000000 75,200000 28,000000 28,000000 -20,200000
713 1675462723 0,000000 75,200000 28,000000 28,000000 -20,200000
713 1675462724 0,000000 75,200000 28,000000 28,000000 -20,200000
713 1675462725 0,000000 75,200000 28,000000 28,000000 -20,200000
713 1675462726 0,000000 75,200000 28,000000 28,000000 -20,200000
713 1675462727 0,000000 75,200000 28,000000 28,000000 -20,200000
713 1675462728 0,000000 75,200000 28,000000 28,000000 -20,200000
713 1675462729 0,000000 75,200000 28,000000 28,000000 -20,200000
713 1675462730 0,000000 75,200000 28,000000 28,000000 -20,200000
713 1675462731 0,000000 75,200000 28,000000 28,000000 -20,200000
713 1675462732 0,000000 75,200000 28,000000 28,000000 -20,200000
713 1675462733 0,000000 75,200000 28,000000 28,000000 -20,200000
713 1675462734 0,000000 75,200000 28,000000 28,000000 -20,200000
713 1675462735 0,000000 75,200000 28,000000 28,000000 -20,200000
713 1675462736 -0,005291 75,600000 27,600000 27,600000 -20,200000
713 1675462737 -0,005291 75,600000 27,200000 27,200000 -20,200000
713 1675462738 -0,005291 75,600000 26,800000 26,800000 -20,200000
713 1675462739 -0,005291 75,600000 26,400000 26,400000 -20,200000
713 1675462740 -0,005291 75,600000 26,000000 26,000000 -20,200000
713 1675462741 0,013089 76,400000 27,000000 27,000000 -20,200000
713 1675462742 0,013089 76,400000 28,000000 28,000000 -20,200000
713 1675462743 0,013089 76,400000 29,000000 29,000000 -20,200000
713 1675462744 0,013089 76,400000 30,000000 30,000000 -20,200000
713 1675462745 0,013089 76,400000 31,000000 31,000000 -20,200000
713 1675462746 0,018088 77,400000 32,400000 32,400000 -20,200000
713 1675462747 0,018088 77,400000 33,800000 33,800000 -20,200000
713 1675462748 0,018088 77,400000 35,200000 35,200000 -20,200000
713 1675462749 0,018088 77,400000 36,600000 36,600000 -20,200000
713 1675462750 0,018088 77,400000 38,000000 38,000000 -20,200000
713 1675462751 -0,020305 78,800000 36,400000 36,400000 -20,200000
713 1675462752 -0,020305 78,800000 34,800000 34,800000 -20,200000
713 1675462753 -0,020305 78,800000 33,200000 33,200000 -20,200000
713 1675462754 -0,020305 78,800000 31,600000 31,600000 -20,200000
713 1675462755 -0,020305 78,800000 30,000000 30,000000 -20,200000
713 1675462756 0,010050 79,600000 30,800000 30,800000 -20,200000
713 1675462757 0,010050 79,600000 31,600000 31,600000 -20,200000
713 1675462758 0,010050 79,600000 32,400000 32,400000 -20,200000
713 1675462759 0,010050 79,600000 33,200000 33,200000 -20,200000
713 1675462760 0,010050 79,600000 34,000000 34,000000 -20,200000
713 1675462761 -0,002469 81,000000 33,800000 33,800000 -20,200000
713 1675462762 -0,002469 81,000000 33,600000 33,600000 -20,200000
713 1675462763 -0,002469 81,000000 33,400000 33,400000 -20,200000
713 1675462764 -0,002469 81,000000 33,200000 33,200000 -20,200000
713 1675462765 -0,002469 81,000000 33,000000 33,000000 -20,200000
713 1675462766 -0,002439 82,000000 32,800000 32,800000 -20,200000
713 1675462767 -0,002439 82,000000 32,600000 32,600000 -20,200000
713 1675462768 -0,002439 82,000000 32,400000 32,400000 -20,200000
713 1675462769 -0,002439 82,000000 32,200000 32,200000 -20,200000
713 1675462770 -0,002439 82,000000 32,000000 32,000000 -20,200000
713 1675462771 0,007212 83,200000 32,600000 32,600000 -20,200000
713 1675462772 0,007212 83,200000 33,200000 33,200000 -20,200000
713 1675462773 0,007212 83,200000 33,800000 33,800000 -20,200000
713 1675462774 0,007212 83,200000 34,400000 34,400000 -20,200000
713 1675462775 0,007212 83,200000 35,000000 35,000000 -20,200000
713 1675462776 0,014320 83,800000 36,200000 36,200000 -20,200000
713 1675462777 0,014320 83,800000 37,400000 37,400000 -20,200000
713 1675462778 0,014320 83,800000 38,600000 38,600000 -20,200000
713 1675462779 0,014320 83,800000 39,800000 39,800000 -20,200000
713 1675462780 0,014320 83,800000 41,000000 41,000000 -20,200000
713 1675462781 -0,009456 84,600000 40,200000 40,200000 -20,200000
713 1675462782 -0,009456 84,600000 39,400000 39,400000 -20,200000
713 1675462783 -0,009456 84,600000 38,600000 38,600000 -20,200000
713 1675462784 -0,009456 84,600000 37,800000 37,800000 -20,200000
713 1675462785 -0,009456 84,600000 37,000000 37,000000 -20,200000
713 1675462786 -0,002358 84,800000 36,800000 36,800000 -20,200000
713 1675462787 -0,002358 84,800000 36,600000 36,600000 -20,200000
713 1675462788 -0,002358 84,800000 36,400000 36,400000 -20,200000
713 1675462789 -0,002358 84,800000 36,200000 36,200000 -20,200000
713 1675462790 -0,002358 84,800000 36,000000 36,000000 -20,200000
713 1675462791 -0,004706 85,000000 35,600000 35,600000 -20,200000
713 1675462792 -0,004706 85,000000 35,200000 35,200000 -20,200000
713 1675462793 -0,004706 85,000000 34,800000 34,800000 -20,200000
713 1675462794 -0,004706 85,000000 34,400000 34,400000 -20,200000
713 1675462795 -0,004706 85,000000 34,000000 34,000000 -20,200000
713 1675462796 0,000000 85,000000 34,000000 34,000000 -20,200000
713 1675462797 0,000000 85,000000 34,000000 34,000000 -20,200000
713 1675462798 0,000000 85,000000 34,000000 34,000000 -20,200000
713 1675462799 0,000000 85,000000 34,000000 34,000000 -20,200000
713 1675462800 0,000000 85,000000 34,000000 34,000000 -20,200000
713 1675462801 -0,004684 85,400000 33,600000 33,600000 -20,200000
713 1675462802 -0,004684 85,400000 33,200000 33,200000 -20,200000
713 1675462803 -0,004684 85,400000 32,800000 32,800000 -20,200000
713 1675462804 -0,004684 85,400000 32,400000 32,400000 -20,200000
713 1675462805 -0,004684 85,400000 32,000000 32,000000 -20,200000
713 1675462806 0,000000 85,400000 32,000000 32,000000 -20,200000
713 1675462807 0,000000 85,400000 32,000000 32,000000 -20,200000
713 1675462808 0,000000 85,400000 32,000000 32,000000 -20,200000
713 1675462809 0,000000 85,400000 32,000000 32,000000 -20,200000
713 1675462810 0,000000 85,400000 32,000000 32,000000 -20,200000
713 1675462811 -0,011655 85,800000 31,000000 31,000000 -20,200000
713 1675462812 -0,011655 85,800000 30,000000 30,000000 -20,200000
713 1675462813 -0,011655 85,800000 29,000000 29,000000 -20,200000
713 1675462814 -0,011655 85,800000 28,000000 28,000000 -20,200000
713 1675462815 -0,011655 85,800000 27,000000 27,000000 -20,200000
713 1675462816 0,000000 85,800000 27,000000 27,000000 -20,200000
713 1675462817 0,000000 85,800000 27,000000 27,000000 -20,200000
713 1675462818 0,000000 85,800000 27,000000 27,000000 -20,200000
713 1675462819 0,000000 85,800000 27,000000 27,000000 -20,200000
713 1675462820 0,000000 85,800000 27,000000 27,000000 -20,200000
713 1675462821 0,000000 86,000000 27,000000 27,000000 -20,200000
713 1675462822 0,000000 86,000000 27,000000 27,000000 -20,200000
713 1675462823 0,000000 86,000000 27,000000 27,000000 -20,200000
713 1675462824 0,000000 86,000000 27,000000 27,000000 -20,200000
713 1675462825 0,000000 86,000000 27,000000 27,000000 -20,200000
713 1675462826 0,013761 87,200000 28,200000 28,200000 -20,200000
713 1675462827 0,013761 87,200000 29,400000 29,400000 -20,200000
713 1675462828 0,013761 87,200000 30,600000 30,600000 -20,200000
713 1675462829 0,013761 87,200000 31,800000 31,800000 -20,200000
713 1675462830 0,013761 87,200000 33,000000 33,000000 -20,200000
713 1675462831 0,022624 88,400000 35,000000 35,000000 -20,200000
713 1675462832 0,022624 88,400000 37,000000 37,000000 -20,200000
713 1675462833 0,022624 88,400000 39,000000 39,000000 -20,200000
713 1675462834 0,022624 88,400000 41,000000 41,000000 -20,200000
713 1675462835 0,022624 88,400000 43,000000 43,000000 -20,200000
713 1675462836 0,000000 90,000000 43,000000 43,000000 -20,200000
713 1675462837 0,000000 90,000000 43,000000 43,000000 -20,200000
713 1675462838 0,000000 90,000000 43,000000 43,000000 -20,200000
713 1675462839 0,000000 90,000000 43,000000 43,000000 -20,200000
713 1675462840 0,000000 90,000000 43,000000 43,000000 -20,200000
713 1675462841 -0,024176 91,000000 40,800000 40,800000 -20,200000
713 1675462842 -0,024176 91,000000 38,600000 38,600000 -20,200000
713 1675462843 -0,024176 91,000000 36,400000 36,400000 -20,200000
713 1675462844 -0,024176 91,000000 34,200000 34,200000 -20,200000
713 1675462845 -0,024176 91,000000 32,000000 32,000000 -20,200000
713 1675462846 0,006565 91,400000 32,600000 32,600000 -20,200000
713 1675462847 0,006565 91,400000 33,200000 33,200000 -20,200000
713 1675462848 0,006565 91,400000 33,800000 33,800000 -20,200000
713 1675462849 0,006565 91,400000 34,400000 34,400000 -20,200000
713 1675462850 0,006565 91,400000 35,000000 35,000000 -20,200000
713 1675462851 -0,004301 93,000000 34,600000 34,600000 -20,200000
713 1675462852 -0,004301 93,000000 34,200000 34,200000 -20,200000
713 1675462853 -0,004301 93,000000 33,800000 33,800000 -20,200000
713 1675462854 -0,004301 93,000000 33,400000 33,400000 -20,200000
713 1675462855 -0,004301 93,000000 33,000000 33,000000 -20,200000
713 1675462856 0,004237 94,400000 33,400000 33,400000 -20,200000
713 1675462857 0,004237 94,400000 33,800000 33,800000 -20,200000
713 1675462858 0,004237 94,400000 34,200000 34,200000 -20,200000
713 1675462859 0,004237 94,400000 34,600000 34,600000 -20,200000
713 1675462860 0,004237 94,400000 35,000000 35,000000 -20,200000
713 1675462861 -0,014706 95,200000 33,600000 33,600000 -20,200000
713 1675462862 -0,014706 95,200000 32,200000 32,200000 -20,200000
713 1675462863 -0,014706 95,200000 30,800000 30,800000 -20,200000
713 1675462864 -0,014706 95,200000 29,400000 29,400000 -20,200000
713 1675462865 -0,014706 95,200000 28,000000 28,000000 -20,200000
713 1675462866 0,006263 95,800000 28,600000 28,600000 -20,200000
713 1675462867 0,006263 95,800000 29,200000 29,200000 -20,200000
713 1675462868 0,006263 95,800000 29,800000 29,800000 -20,200000
713 1675462869 0,006263 95,800000 30,400000 30,400000 -20,200000
713 1675462870 0,006263 95,800000 31,000000 31,000000 -20,200000
713 1675462871 0,016563 96,600000 32,600000 32,600000 -20,200000
713 1675462872 0,016563 96,600000 34,200000 34,200000 -20,200000
713 1675462873 0,016563 96,600000 35,800000 35,800000 -20,200000
713 1675462874 0,016563 96,600000 37,400000 37,400000 -20,200000
713 1675462875 0,016563 96,600000 39,000000 39,000000 -20,200000
713 1675462876 -0,008180 97,800000 38,200000 38,200000 -20,200000
713 1675462877 -0,008180 97,800000 37,400000 37,400000 -20,200000
713 1675462878 -0,008180 97,800000 36,600000 36,600000 -20,200000
713 1675462879 -0,008180 97,800000 35,800000 35,800000 -20,200000
713 1675462880 -0,008180 97,800000 35,000000 35,000000 -20,200000
713 1675462881 -0,010142 98,600000 34,000000 34,000000 -20,200000
713 1675462882 -0,010142 98,600000 33,000000 33,000000 -20,200000
713 1675462883 -0,010142 98,600000 32,000000 32,000000 -20,200000
713 1675462884 -0,010142 98,600000 31,000000 31,000000 -20,200000
713 1675462885 -0,010142 98,600000 30,000000 30,000000 -20,200000
713 1675462886 -0,008065 99,200000 29,200000 29,200000 -20,200000
713 1675462887 -0,008065 99,200000 28,400000 28,400000 -20,200000
713 1675462888 -0,008065 99,200000 27,600000 27,600000 -20,200000
713 1675462889 -0,008065 99,200000 26,800000 26,800000 -20,200000
713 1675462890 -0,008065 99,200000 26,000000 26,000000 -20,200000
713 1675462891 -0,004000 100,000000 25,600000 25,600000 -20,200000
713 1675462892 -0,004000 100,000000 25,200000 25,200000 -20,200000
713 1675462893 -0,004000 100,000000 24,800000 24,800000 -20,200000
713 1675462894 -0,004000 100,000000 24,400000 24,400000 -20,200000
713 1675462895 -0,004000 100,000000 24,000000 24,000000 -20,200000
713 1675462896 0,005929 101,200000 24,600000 24,600000 -20,200000
713 1675462897 0,005929 101,200000 25,200000 25,200000 -20,200000
713 1675462898 0,005929 101,200000 25,800000 25,800000 -20,200000
713 1675462899 0,005929 101,200000 26,400000 26,400000 -20,200000
713 1675462900 0,005929 101,200000 27,000000 27,000000 -20,200000
713 1675462901 -0,001965 101,800000 26,800000 26,800000 -20,200000
713 1675462902 -0,001965 101,800000 26,600000 26,600000 -20,200000
713 1675462903 -0,001965 101,800000 26,400000 26,400000 -20,200000
713 1675462904 -0,001965 101,800000 26,200000 26,200000 -20,200000
713 1675462905 -0,001965 101,800000 26,000000 26,000000 -20,200000
713 1675462906 0,005848 102,600000 26,600000 26,600000 -20,200000
713 1675462907 0,005848 102,600000 27,200000 27,200000 -20,200000
713 1675462908 0,005848 102,600000 27,800000 27,800000 -20,200000
713 1675462909 0,005848 102,600000 28,400000 28,400000 -20,200000
713 1675462910 0,005848 102,600000 29,000000 29,000000 -20,200000
713 1675462911 0,003883 103,000000 29,400000 29,400000 -20,200000
713 1675462912 0,003883 103,000000 29,800000 29,800000 -20,200000
713 1675462913 0,003883 103,000000 30,200000 30,200000 -20,200000
713 1675462914 0,003883 103,000000 30,600000 30,600000 -20,200000
713 1675462915 0,003883 103,000000 31,000000 31,000000 -20,200000
713 1675462916 -0,003876 103,200000 30,600000 30,600000 -20,200000
713 1675462917 -0,003876 103,200000 30,200000 30,200000 -20,200000
713 1675462918 -0,003876 103,200000 29,800000 29,800000 -20,200000
713 1675462919 -0,003876 103,200000 29,400000 29,400000 -20,200000
713 1675462920 -0,003876 103,200000 29,000000 29,000000 -20,200000
713 1675462921 -0,001931 103,600000 28,800000 28,800000 -20,200000
713 1675462922 -0,001931 103,600000 28,600000 28,600000 -20,200000
713 1675462923 -0,001931 103,600000 28,400000 28,400000 -20,200000
713 1675462924 -0,001931 103,600000 28,200000 28,200000 -20,200000
713 1675462925 -0,001931 103,600000 28,000000 28,000000 -20,200000
713 1675462926 0,009579 104,400000 29,000000 29,000000 -20,200000
713 1675462927 0,009579 104,400000 30,000000 30,000000 -20,200000
713 1675462928 0,009579 104,400000 31,000000 31,000000 -20,200000
713 1675462929 0,009579 104,400000 32,000000 32,000000 -20,200000
713 1675462930 0,009579 104,400000 33,000000 33,000000 -20,200000
713 1675462931 0,003802 105,200000 33,400000 33,400000 -20,200000
713 1675462932 0,003802 105,200000 33,800000 33,800000 -20,200000
713 1675462933 0,003802 105,200000 34,200000 34,200000 -20,200000
713 1675462934 0,003802 105,200000 34,600000 34,600000 -20,200000
713 1675462935 0,003802 105,200000 35,000000 35,000000 -20,200000
713 1675462936 -0,005671 105,800000 34,400000 34,400000 -20,200000
713 1675462937 -0,005671 105,800000 33,800000 33,800000 -20,200000
713 1675462938 -0,005671 105,800000 33,200000 33,200000 -20,200000
713 1675462939 -0,005671 105,800000 32,600000 32,600000 -20,200000
713 1675462940 -0,005671 105,800000 32,000000 32,000000 -20,200000
713 1675462941 0,001873 106,800000 32,200000 32,200000 -20,200000
713 1675462942 0,001873 106,800000 32,400000 32,400000 -20,200000
713 1675462943 0,001873 106,800000 32,600000 32,600000 -20,200000
713 1675462944 0,001873 106,800000 32,800000 32,800000 -20,200000
713 1675462945 0,001873 106,800000 33,000000 33,000000 -20,200000
713 1675462946 0,007449 107,400000 33,800000 33,800000 -20,200000
713 1675462947 0,007449 107,400000 34,600000 34,600000 -20,200000
713 1675462948 0,007449 107,400000 35,400000 35,400000 -20,200000
713 1675462949 0,007449 107,400000 36,200000 36,200000 -20,200000
713 1675462950 0,007449 107,400000 37,000000 37,000000 -20,200000
713 1675462951 -0,012868 108,800000 35,600000 35,600000 -20,200000
713 1675462952 -0,012868 108,800000 34,200000 34,200000 -20,200000
713 1675462953 -0,012868 108,800000 32,800000 32,800000 -20,200000
713 1675462954 -0,012868 108,800000 31,400000 31,400000 -20,200000
713 1675462955 -0,012868 108,800000 30,000000 30,000000 -20,200000
713 1675462956 0,001818 110,000000 30,200000 30,200000 -20,200000
713 1675462957 0,001818 110,000000 30,400000 30,400000 -20,200000
713 1675462958 0,001818 110,000000 30,600000 30,600000 -20,200000
713 1675462959 0,001818 110,000000 30,800000 30,800000 -20,200000
713 1675462960 0,001818 110,000000 31,000000 31,000000 -20,200000
713 1675462961 -0,009009 111,000000 30,000000 30,000000 -20,200000
713 1675462962 -0,009009 111,000000 29,000000 29,000000 -20,200000
713 1675462963 -0,009009 111,000000 28,000000 28,000000 -20,200000
713 1675462964 -0,009009 111,000000 27,000000 27,000000 -20,200000
713 1675462965 -0,009009 111,000000 26,000000 26,000000 -20,200000
713 1675462966 0,001795 111,400000 26,200000 26,200000 -20,200000
713 1675462967 0,001795 111,400000 26,400000 26,400000 -20,200000
713 1675462968 0,001795 111,400000 26,600000 26,600000 -20,200000
713 1675462969 0,001795 111,400000 26,800000 26,800000 -20,200000
713 1675462970 0,001795 111,400000 27,000000 27,000000 -20,200000
713 1675462971 0,003571 112,000000 27,400000 27,400000 -20,200000
713 1675462972 0,003571 112,000000 27,800000 27,800000 -20,200000
713 1675462973 0,003571 112,000000 28,200000 28,200000 -20,200000
713 1675462974 0,003571 112,000000 28,600000 28,600000 -20,200000
713 1675462975 0,003571 112,000000 29,000000 29,000000 -20,200000
713 1675462976 -0,003565 112,200000 28,600000 28,600000 -20,200000
713 1675462977 -0,003565 112,200000 28,200000 28,200000 -20,200000
713 1675462978 -0,003565 112,200000 27,800000 27,800000 -20,200000
713 1675462979 -0,003565 112,200000 27,400000 27,400000 -20,200000
713 1675462980 -0,003565 112,200000 27,000000 27,000000 -20,200000
713 1675462981 0,000000 112,800000 27,000000 27,000000 -20,200000
713 1675462982 0,000000 112,800000 27,000000 27,000000 -20,200000
713 1675462983 0,000000 112,800000 27,000000 27,000000 -20,200000
713 1675462984 0,000000 112,800000 27,000000 27,000000 -20,200000
713 1675462985 0,000000 112,800000 27,000000 27,000000 -20,200000
713 1675462986 0,015762 114,200000 28,800000 28,800000 -20,200000
713 1675462987 0,015762 114,200000 30,600000 30,600000 -20,200000
713 1675462988 0,015762 114,200000 32,400000 32,400000 -20,200000
713 1675462989 0,015762 114,200000 34,200000 34,200000 -20,200000
713 1675462990 0,015762 114,200000 36,000000 36,000000 -20,200000
713 1675462991 0,006969 114,800000 36,800000 36,800000 -20,200000
713 1675462992 0,006969 114,800000 37,600000 37,600000 -20,200000
713 1675462993 0,006969 114,800000 38,400000 38,400000 -20,200000
713 1675462994 0,006969 114,800000 39,200000 39,200000 -20,200000
713 1675462995 0,006969 114,800000 40,000000 40,000000 -20,200000
713 1675462996 -0,010381 115,600000 38,800000 38,800000 -20,200000
713 1675462997 -0,010381 115,600000 37,600000 37,600000 -20,200000
713 1675462998 -0,010381 115,600000 36,400000 36,400000 -20,200000
713 1675462999 -0,010381 115,600000 35,200000 35,200000 -20,200000
713 1675463000 -0,010381 115,600000 34,000000 34,000000 -20,200000
713 1675463001 0,003436 116,400000 34,400000 34,400000 -20,200000
713 1675463002 0,003436 116,400000 34,800000 34,800000 -20,200000
713 1675463003 0,003436 116,400000 35,200000 35,200000 -20,200000
713 1675463004 0,003436 116,400000 35,600000 35,600000 -20,200000
713 1675463005 0,003436 116,400000 36,000000 36,000000 -20,200000
713 1675463006 -0,008532 117,200000 35,000000 35,000000 -20,200000
713 1675463007 -0,008532 117,200000 34,000000 34,000000 -20,200000
713 1675463008 -0,008532 117,200000 33,000000 33,000000 -20,200000
713 1675463009 -0,008532 117,200000 32,000000 32,000000 -20,200000
713 1675463010 -0,008532 117,200000 31,000000 31,000000 -20,200000
713 1675463011 -0,001704 117,400000 30,800000 30,800000 -20,200000
713 1675463012 -0,001704 117,400000 30,600000 30,600000 -20,200000
713 1675463013 -0,001704 117,400000 30,400000 30,400000 -20,200000
713 1675463014 -0,001704 117,400000 30,200000 30,200000 -20,200000
713 1675463015 -0,001704 117,400000 30,000000 30,000000 -20,200000
713 1675463016 0,000000 118,200000 30,000000 30,000000 -20,200000
713 1675463017 0,000000 118,200000 30,000000 30,000000 -20,200000
713 1675463018 0,000000 118,200000 30,000000 30,000000 -20,200000
713 1675463019 0,000000 118,200000 30,000000 30,000000 -20,200000
713 1675463020 0,000000 118,200000 30,000000 30,000000 -20,200000
713 1675463021 0,003356 119,200000 30,400000 30,400000 -20,200000
713 1675463022 0,003356 119,200000 30,800000 30,800000 -20,200000
713 1675463023 0,003356 119,200000 31,200000 31,200000 -20,200000
713 1675463024 0,003356 119,200000 31,600000 31,600000 -20,200000
713 1675463025 0,003356 119,200000 32,000000 32,000000 -20,200000
713 1675463026 0,000000 119,600000 32,000000 32,000000 -20,200000
713 1675463027 0,000000 119,600000 32,000000 32,000000 -20,200000
713 1675463028 0,000000 119,600000 32,000000 32,000000 -20,200000
713 1675463029 0,000000 119,600000 32,000000 32,000000 -20,200000
713 1675463030 0,000000 119,600000 32,000000 32,000000 -20,200000
713 1675463031 -0,003328 120,200000 31,600000 31,600000 -20,200000
713 1675463032 -0,003328 120,200000 31,200000 31,200000 -20,200000
713 1675463033 -0,003328 120,200000 30,800000 30,800000 -20,200000
713 1675463034 -0,003328 120,200000 30,400000 30,400000 -20,200000
713 1675463035 -0,003328 120,200000 30,000000 30,000000 -20,200000
713 1675463036 -0,004983 120,400000 29,400000 29,400000 -20,200000
713 1675463037 -0,004983 120,400000 28,800000 28,800000 -20,200000
713 1675463038 -0,004983 120,400000 28,200000 28,200000 -20,200000
713 1675463039 -0,004983 120,400000 27,600000 27,600000 -20,200000
713 1675463040 -0,004983 120,400000 27,000000 27,000000 -20,200000
713 1675463041 0,003306 121,000000 27,400000 27,400000 -20,200000
713 1675463042 0,003306 121,000000 27,800000 27,800000 -20,200000
713 1675463043 0,003306 121,000000 28,200000 28,200000 -20,200000
713 1675463044 0,003306 121,000000 28,600000 28,600000 -20,200000
713 1675463045 0,003306 121,000000 29,000000 29,000000 -20,200000
713 1675463046 0,009868 121,600000 30,200000 30,200000 -20,200000
713 1675463047 0,009868 121,600000 31,400000 31,400000 -20,200000
713 1675463048 0,009868 121,600000 32,600000 32,600000 -20,200000
713 1675463049 0,009868 121,600000 33,800000 33,800000 -20,200000
713 1675463050 0,009868 121,600000 35,000000 35,000000 -20,200000
713 1675463051 -0,008157 122,600000 34,000000 34,000000 -20,200000
713 1675463052 -0,008157 122,600000 33,000000 33,000000 -20,200000
713 1675463053 -0,008157 122,600000 32,000000 32,000000 -20,200000
713 1675463054 -0,008157 122,600000 31,000000 31,000000 -20,200000
713 1675463055 -0,008157 122,600000 30,000000 30,000000 -20,200000
713 1675463056 0,016181 123,600000 32,000000 32,000000 -20,200000
713 1675463057 0,016181 123,600000 34,000000 34,000000 -20,200000
713 1675463058 0,016181 123,600000 36,000000 36,000000 -20,200000
713 1675463059 0,016181 123,600000 38,000000 38,000000 -20,200000
713 1675463060 0,016181 123,600000 40,000000 40,000000 -20,200000
713 1675463061 -0,003195 125,200000 39,600000 39,600000 -20,200000
713 1675463062 -0,003195 125,200000 39,200000 39,200000 -20,200000
713 1675463063 -0,003195 125,200000 38,800000 38,800000 -20,200000
713 1675463064 -0,003195 125,200000 38,400000 38,400000 -20,200000
713 1675463065 -0,003195 125,200000 38,000000 38,000000 -20,200000
713 1675463066 -0,001587 126,000000 37,800000 37,800000 -20,200000
713 1675463067 -0,001587 126,000000 37,600000 37,600000 -20,200000
713 1675463068 -0,001587 126,000000 37,400000 37,400000 -20,200000
713 1675463069 -0,001587 126,000000 37,200000 37,200000 -20,200000
713 1675463070 -0,001587 126,000000 37,000000 37,000000 -20,200000
713 1675463071 -0,006319 126,600000 36,200000 36,200000 -20,200000
713 1675463072 -0,006319 126,600000 35,400000 35,400000 -20,200000
713 1675463073 -0,006319 126,600000 34,600000 34,600000 -20,200000
713 1675463074 -0,006319 126,600000 33,800000 33,800000 -20,200000
713 1675463075 -0,006319 126,600000 33,000000 33,000000 -20,200000
713 1675463076 0,001567 127,600000 33,200000 33,200000 -20,200000
713 1675463077 0,001567 127,600000 33,400000 33,400000 -20,200000
713 1675463078 0,001567 127,600000 33,600000 33,600000 -20,200000
713 1675463079 0,001567 127,600000 33,800000 33,800000 -20,200000
713 1675463080 0,001567 127,600000 34,000000 34,000000 -20,200000
713 1675463081 -0,007764 128,800000 33,000000 33,000000 -20,200000
713 1675463082 -0,007764 128,800000 32,000000 32,000000 -20,200000
713 1675463083 -0,007764 128,800000 31,000000 31,000000 -20,200000
713 1675463084 -0,007764 128,800000 30,000000 30,000000 -20,200000
713 1675463085 -0,007764 128,800000 29,000000 29,000000 -20,200000
713 1675463086 0,001550 129,000000 29,200000 29,200000 -20,200000
713 1675463087 0,001550 129,000000 29,400000 29,400000 -20,200000
713 1675463088 0,001550 129,000000 29,600000 29,600000 -20,200000
713 1675463089 0,001550 129,000000 29,800000 29,800000 -20,200000
713 1675463090 0,001550 129,000000 30,000000 30,000000 -20,200000
713 1675463091 0,000000 129,800000 30,000000 30,000000 -20,200000
713 1675463092 0,000000 129,800000 30,000000 30,000000 -20,200000
713 1675463093 0,000000 129,800000 30,000000 30,000000 -20,200000
713 1675463094 0,000000 129,800000 30,000000 30,000000 -20,200000
713 1675463095 0,000000 129,800000 30,000000 30,000000 -20,200000
713 1675463096 0,006135 130,400000 30,800000 30,800000 -20,200000
713 1675463097 0,006135 130,400000 31,600000 31,600000 -20,200000
713 1675463098 0,006135 130,400000 32,400000 32,400000 -20,200000
713 1675463099 0,006135 130,400000 33,200000 33,200000 -20,200000
713 1675463100 0,006135 130,400000 34,000000 34,000000 -20,200000
713 1675463101 0,000000 130,400000 34,000000 34,000000 -20,200000
713 1675463102 0,000000 130,400000 34,000000 34,000000 -20,200000
713 1675463103 0,000000 130,400000 34,000000 34,000000 -20,200000
713 1675463104 0,000000 130,400000 34,000000 34,000000 -20,200000
713 1675463105 0,000000 130,400000 34,000000 34,000000 -20,200000
713 1675463106 -0,003063 130,600000 33,600000 33,600000 -20,200000
713 1675463107 -0,003063 130,600000 33,200000 33,200000 -20,200000
713 1675463108 -0,003063 130,600000 32,800000 32,800000 -20,200000
713 1675463109 -0,003063 130,600000 32,400000 32,400000 -20,200000
713 1675463110 -0,003063 130,600000 32,000000 32,000000 -20,200000
713 1675463111 -0,006088 131,400000 31,200000 31,200000 -20,200000
713 1675463112 -0,006088 131,400000 30,400000 30,400000 -20,200000
713 1675463113 -0,006088 131,400000 29,600000 29,600000 -20,200000
713 1675463114 -0,006088 131,400000 28,800000 28,800000 -20,200000
713 1675463115 -0,006088 131,400000 28,000000 28,000000 -20,200000
713 1675463116 0,010590 132,200000 29,400000 29,400000 -20,200000
713 1675463117 0,010590 132,200000 30,800000 30,800000 -20,200000
713 1675463118 0,010590 132,200000 32,200000 32,200000 -20,200000
713 1675463119 0,010590 132,200000 33,600000 33,600000 -20,200000
713 1675463120 0,010590 132,200000 35,000000 35,000000 -20,200000
713 1675463121 0,000000 133,200000 35,000000 35,000000 -20,200000
713 1675463122 0,000000 133,200000 35,000000 35,000000 -20,200000
713 1675463123 0,000000 133,200000 35,000000 35,000000 -20,200000
713 1675463124 0,000000 133,200000 35,000000 35,000000 -20,200000
713 1675463125 0,000000 133,200000 35,000000 35,000000 -20,200000
713 1675463126 -0,007463 134,000000 34,000000 34,000000 -20,200000
713 1675463127 -0,007463 134,000000 33,000000 33,000000 -20,200000
713 1675463128 -0,007463 134,000000 32,000000 32,000000 -20,200000
713 1675463129 -0,007463 134,000000 31,000000 31,000000 -20,200000
713 1675463130 -0,007463 134,000000 30,000000 30,000000 -20,200000
713 1675463131 -0,001486 134,600000 29,800000 29,800000 -20,200000
713 1675463132 -0,001486 134,600000 29,600000 29,600000 -20,200000
713 1675463133 -0,001486 134,600000 29,400000 29,400000 -20,200000
713 1675463134 -0,001486 134,600000 29,200000 29,200000 -20,200000
713 1675463135 -0,001486 134,600000 29,000000 29,000000 -20,200000
713 1675463136 0,007375 135,600000 30,000000 30,000000 -20,200000
713 1675463137 0,007375 135,600000 31,000000 31,000000 -20,200000
713 1675463138 0,007375 135,600000 32,000000 32,000000 -20,200000
713 1675463139 0,007375 135,600000 33,000000 33,000000 -20,200000
713 1675463140 0,007375 135,600000 34,000000 34,000000 -20,200000
713 1675463141 -0,004392 136,600000 33,400000 33,400000 -20,200000
713 1675463142 -0,004392 136,600000 32,800000 32,800000 -20,200000
713 1675463143 -0,004392 136,600000 32,200000 32,200000 -20,200000
713 1675463144 -0,004392 136,600000 31,600000 31,600000 -20,200000
713 1675463145 -0,004392 136,600000 31,000000 31,000000 -20,200000
713 1675463146 -0,002915 137,200000 30,600000 30,600000 -20,200000
713 1675463147 -0,002915 137,200000 30,200000 30,200000 -20,200000
713 1675463148 -0,002915 137,200000 29,800000 29,800000 -20,200000
713 1675463149 -0,002915 137,200000 29,400000 29,400000 -20,200000
713 1675463150 -0,002915 137,200000 29,000000 29,000000 -20,200000
713 1675463151 0,007246 138,000000 30,000000 30,000000 -20,200000
713 1675463152 0,007246 138,000000 31,000000 31,000000 -20,200000
713 1675463153 0,007246 138,000000 32,000000 32,000000 -20,200000
713 1675463154 0,007246 138,000000 33,000000 33,000000 -20,200000
713 1675463155 0,007246 138,000000 34,000000 34,000000 -20,200000
713 1675463156 -0,001439 139,000000 33,800000 33,800000 -20,200000
713 1675463157 -0,001439 139,000000 33,600000 33,600000 -20,200000
713 1675463158 -0,001439 139,000000 33,400000 33,400000 -20,200000
713 1675463159 -0,001439 139,000000 33,200000 33,200000 -20,200000
713 1675463160 -0,001439 139,000000 33,000000 33,000000 -20,200000
713 1675463161 -0,005739 139,400000 32,200000 32,200000 -20,200000
713 1675463162 -0,005739 139,400000 31,400000 31,400000 -20,200000
713 1675463163 -0,005739 139,400000 30,600000 30,600000 -20,200000
713 1675463164 -0,005739 139,400000 29,800000 29,800000 -20,200000
713 1675463165 -0,005739 139,400000 29,000000 29,000000 -20,200000
713 1675463166 0,001433 139,600000 29,200000 29,200000 -20,200000
713 1675463167 0,001433 139,600000 29,400000 29,400000 -20,200000
713 1675463168 0,001433 139,600000 29,600000 29,600000 -20,200000
713 1675463169 0,001433 139,600000 29,800000 29,800000 -20,200000
713 1675463170 0,001433 139,600000 30,000000 30,000000 -20,200000
713 1675463171 0,005714 140,000000 30,800000 30,800000 -20,200000
713 1675463172 0,005714 140,000000 31,600000 31,600000 -20,200000
713 1675463173 0,005714 140,000000 32,400000 32,400000 -20,200000
713 1675463174 0,005714 140,000000 33,200000 33,200000 -20,200000
713 1675463175 0,005714 140,000000 34,000000 34,000000 -20,200000
713 1675463176 0,000000 141,000000 34,000000 34,000000 -20,200000
713 1675463177 0,000000 141,000000 34,000000 34,000000 -20,200000
713 1675463178 0,000000 141,000000 34,000000 34,000000 -20,200000
713 1675463179 0,000000 141,000000 34,000000 34,000000 -20,200000
713 1675463180 0,000000 141,000000 34,000000 34,000000 -20,200000
713 1675463181 0,005650 141,600000 34,800000 34,800000 -20,200000
713 1675463182 0,005650 141,600000 35,600000 35,600000 -20,200000
713 1675463183 0,005650 141,600000 36,400000 36,400000 -20,200000
713 1675463184 0,005650 141,600000 37,200000 37,200000 -20,200000
713 1675463185 0,005650 141,600000 38,000000 38,000000 -20,200000
713 1675463186 -0,011220 142,600000 36,400000 36,400000 -20,200000
713 1675463187 -0,011220 142,600000 34,800000 34,800000 -20,200000
713 1675463188 -0,011220 142,600000 33,200000 33,200000 -20,200000
713 1675463189 -0,011220 142,600000 31,600000 31,600000 -20,200000
713 1675463190 -0,011220 142,600000 30,000000 30,000000 -20,200000
713 1675463191 -0,004178 143,600000 29,400000 29,400000 -20,200000
713 1675463192 -0,004178 143,600000 28,800000 28,800000 -20,200000
713 1675463193 -0,004178 143,600000 28,200000 28,200000 -20,200000
713 1675463194 -0,004178 143,600000 27,600000 27,600000 -20,200000
713 1675463195 -0,004178 143,600000 27,000000 27,000000 -20,200000
713 1675463196 0,001387 144,200000 27,200000 27,200000 -20,200000
713 1675463197 0,001387 144,200000 27,400000 27,400000 -20,200000
713 1675463198 0,001387 144,200000 27,600000 27,600000 -20,200000
713 1675463199 0,001387 144,200000 27,800000 27,800000 -20,200000
713 1675463200 0,001387 144,200000 28,000000 28,000000 -20,200000
713 1675463201 -0,005510 145,200000 27,200000 27,200000 -20,200000
713 1675463202 -0,005510 145,200000 26,400000 26,400000 -20,200000
713 1675463203 -0,005510 145,200000 25,600000 25,600000 -20,200000
713 1675463204 -0,005510 145,200000 24,800000 24,800000 -20,200000
713 1675463205 -0,005510 145,200000 24,000000 24,000000 -20,200000
713 1675463206 0,002725 146,800000 24,400000 24,400000 -20,200000
713 1675463207 0,002725 146,800000 24,800000 24,800000 -20,200000
713 1675463208 0,002725 146,800000 25,200000 25,200000 -20,200000
713 1675463209 0,002725 146,800000 25,600000 25,600000 -20,200000
713 1675463210 0,002725 146,800000 26,000000 26,000000 -20,200000
713 1675463211 0,008130 147,600000 27,200000 27,200000 -20,200000
713 1675463212 0,008130 147,600000 28,400000 28,400000 -20,200000
713 1675463213 0,008130 147,600000 29,600000 29,600000 -20,200000
713 1675463214 0,008130 147,600000 30,800000 30,800000 -20,200000
713 1675463215 0,008130 147,600000 32,000000 32,000000 -20,200000
713 1675463216 -0,002699 148,200000 31,600000 31,600000 -20,200000
713 1675463217 -0,002699 148,200000 31,200000 31,200000 -20,200000
713 1675463218 -0,002699 148,200000 30,800000 30,800000 -20,200000
713 1675463219 -0,002699 148,200000 30,400000 30,400000 -20,200000
713 1675463220 -0,002699 148,200000 30,000000 30,000000 -20,200000
713 1675463221 -0,002692 148,600000 29,600000 29,600000 -20,200000
713 1675463222 -0,002692 148,600000 29,200000 29,200000 -20,200000
713 1675463223 -0,002692 148,600000 28,800000 28,800000 -20,200000
713 1675463224 -0,002692 148,600000 28,400000 28,400000 -20,200000
713 1675463225 -0,002692 148,600000 28,000000 28,000000 -20,200000
713 1675463226 0,004032 148,800000 28,600000 28,600000 -20,200000
713 1675463227 0,004032 148,800000 29,200000 29,200000 -20,200000
713 1675463228 0,004032 148,800000 29,800000 29,800000 -20,200000
713 1675463229 0,004032 148,800000 30,400000 30,400000 -20,200000
713 1675463230 0,004032 148,800000 31,000000 31,000000 -20,200000
713 1675463231 -0,004016 149,400000 30,400000 30,400000 -20,200000
713 1675463232 -0,004016 149,400000 29,800000 29,800000 -20,200000
713 1675463233 -0,004016 149,400000 29,200000 29,200000 -20,200000
713 1675463234 -0,004016 149,400000 28,600000 28,600000 -20,200000
713 1675463235 -0,004016 149,400000 28,000000 28,000000 -20,200000
713 1675463236 0,002670 149,800000 28,400000 28,400000 -20,200000
713 1675463237 0,002670 149,800000 28,800000 28,800000 -20,200000
713 1675463238 0,002670 149,800000 29,200000 29,200000 -20,200000
713 1675463239 0,002670 149,800000 29,600000 29,600000 -20,200000
713 1675463240 0,002670 149,800000 30,000000 30,000000 -20,200000
713 1675463241 0,003989 150,400000 30,600000 30,600000 -20,200000
713 1675463242 0,003989 150,400000 31,200000 31,200000 -20,200000
713 1675463243 0,003989 150,400000 31,800000 31,800000 -20,200000
713 1675463244 0,003989 150,400000 32,400000 32,400000 -20,200000
713 1675463245 0,003989 150,400000 33,000000 33,000000 -20,200000
713 1675463246 0,000000 151,000000 33,000000 33,000000 -20,200000
713 1675463247 0,000000 151,000000 33,000000 33,000000 -20,200000
713 1675463248 0,000000 151,000000 33,000000 33,000000 -20,200000
713 1675463249 0,000000 151,000000 33,000000 33,000000 -20,200000
713 1675463250 0,000000 151,000000 33,000000 33,000000 -20,200000
713 1675463251 0,005270 151,800000 33,800000 33,800000 -20,200000
713 1675463252 0,005270 151,800000 34,600000 34,600000 -20,200000
713 1675463253 0,005270 151,800000 35,400000 35,400000 -20,200000
713 1675463254 0,005270 151,800000 36,200000 36,200000 -20,200000
713 1675463255 0,005270 151,800000 37,000000 37,000000 -20,200000
713 1675463256 -0,002625 152,400000 36,600000 36,600000 -20,200000
713 1675463257 -0,002625 152,400000 36,200000 36,200000 -20,200000
713 1675463258 -0,002625 152,400000 35,800000 35,800000 -20,200000
713 1675463259 -0,002625 152,400000 35,400000 35,400000 -20,200000
713 1675463260 -0,002625 152,400000 35,000000 35,000000 -20,200000
713 1675463261 -0,014323 153,600000 32,800000 32,800000 -20,200000
713 1675463262 -0,014323 153,600000 30,600000 30,600000 -20,200000
713 1675463263 -0,014323 153,600000 28,400000 28,400000 -20,200000
713 1675463264 -0,014323 153,600000 26,200000 26,200000 -20,200000
713 1675463265 -0,014323 153,600000 24,000000 24,000000 -20,200000
713 1675463266 0,003881 154,600000 24,600000 24,600000 -20,200000
713 1675463267 0,003881 154,600000 25,200000 25,200000 -20,200000
713 1675463268 0,003881 154,600000 25,800000 25,800000 -20,200000
713 1675463269 0,003881 154,600000 26,400000 26,400000 -20,200000
713 1675463270 0,003881 154,600000 27,000000 27,000000 -20,200000
713 1675463271 0,009009 155,400000 28,400000 28,400000 -20,200000
713 1675463272 0,009009 155,400000 29,800000 29,800000 -20,200000
713 1675463273 0,009009 155,400000 31,200000 31,200000 -20,200000
713 1675463274 0,009009 155,400000 32,600000 32,600000 -20,200000
713 1675463275 0,009009 155,400000 34,000000 34,000000 -20,200000
713 1675463276 -0,007682 156,200000 32,800000 32,800000 -20,200000
713 1675463277 -0,007682 156,200000 31,600000 31,600000 -20,200000
713 1675463278 -0,007682 156,200000 30,400000 30,400000 -20,200000
713 1675463279 -0,007682 156,200000 29,200000 29,200000 -20,200000
713 1675463280 -0,007682 156,200000 28,000000 28,000000 -20,200000
713 1675463281 0,000000 156,800000 28,000000 28,000000 -20,200000
713 1675463282 0,000000 156,800000 28,000000 28,000000 -20,200000
713 1675463283 0,000000 156,800000 28,000000 28,000000 -20,200000
713 1675463284 0,000000 156,800000 28,000000 28,000000 -20,200000
713 1675463285 0,000000 156,800000 28,000000 28,000000 -20,200000
713 1675463286 0,003817 157,200000 28,600000 28,600000 -20,200000
713 1675463287 0,003817 157,200000 29,200000 29,200000 -20,200000
713 1675463288 0,003817 157,200000 29,800000 29,800000 -20,200000
713 1675463289 0,003817 157,200000 30,400000 30,400000 -20,200000
713 1675463290 0,003817 157,200000 31,000000 31,000000 -20,200000
713 1675463291 0,003812 157,400000 31,600000 31,600000 -20,200000
713 1675463292 0,003812 157,400000 32,200000 32,200000 -20,200000
713 1675463293 0,003812 157,400000 32,800000 32,800000 -20,200000
713 1675463294 0,003812 157,400000 33,400000 33,400000 -20,200000
713 1675463295 0,003812 157,400000 34,000000 34,000000 -20,200000
713 1675463296 -0,001264 158,200000 33,800000 33,800000 -20,200000
713 1675463297 -0,001264 158,200000 33,600000 33,600000 -20,200000
713 1675463298 -0,001264 158,200000 33,400000 33,400000 -20,200000
713 1675463299 -0,001264 158,200000 33,200000 33,200000 -20,200000
713 1675463300 -0,001264 158,200000 33,000000 33,000000 -20,200000
713 1675463301 0,008816 158,800000 34,400000 34,400000 -20,200000
713 1675463302 0,008816 158,800000 35,800000 35,800000 -20,200000
713 1675463303 0,008816 158,800000 37,200000 37,200000 -20,200000
713 1675463304 0,008816 158,800000 38,600000 38,600000 -20,200000
713 1675463305 0,008816 158,800000 40,000000 40,000000 -20,200000
713 1675463306 -0,006274 159,400000 39,000000 39,000000 -20,200000
713 1675463307 -0,006274 159,400000 38,000000 38,000000 -20,200000
713 1675463308 -0,006274 159,400000 37,000000 37,000000 -20,200000
713 1675463309 -0,006274 159,400000 36,000000 36,000000 -20,200000
713 1675463310 -0,006274 159,400000 35,000000 35,000000 -20,200000
713 1675463311 -0,004994 160,200000 34,200000 34,200000 -20,200000
713 1675463312 -0,004994 160,200000 33,400000 33,400000 -20,200000
713 1675463313 -0,004994 160,200000 32,600000 32,600000 -20,200000
713 1675463314 -0,004994 160,200000 31,800000 31,800000 -20,200000
713 1675463315 -0,004994 160,200000 31,000000 31,000000 -20,200000
713 1675463316 0,001242 161,000000 31,200000 31,200000 -20,200000
713 1675463317 0,001242 161,000000 31,400000 31,400000 -20,200000
713 1675463318 0,001242 161,000000 31,600000 31,600000 -20,200000
713 1675463319 0,001242 161,000000 31,800000 31,800000 -20,200000
713 1675463320 0,001242 161,000000 32,000000 32,000000 -20,200000
713 1675463321 -0,001239 161,400000 31,800000 31,800000 -20,200000
713 1675463322 -0,001239 161,400000 31,600000 31,600000 -20,200000
713 1675463323 -0,001239 161,400000 31,400000 31,400000 -20,200000
713 1675463324 -0,001239 161,400000 31,200000 31,200000 -20,200000
713 1675463325 -0,001239 161,400000 31,000000 31,000000 -20,200000
713 1675463326 -0,002472 161,800000 30,600000 30,600000 -20,200000
713 1675463327 -0,002472 161,800000 30,200000 30,200000 -20,200000
713 1675463328 -0,002472 161,800000 29,800000 29,800000 -20,200000
713 1675463329 -0,002472 161,800000 29,400000 29,400000 -20,200000
713 1675463330 -0,002472 161,800000 29,000000 29,000000 -20,200000
713 1675463331 0,000000 162,200000 29,000000 29,000000 -20,200000
713 1675463332 0,000000 162,200000 29,000000 29,000000 -20,200000
713 1675463333 0,000000 162,200000 29,000000 29,000000 -20,200000
713 1675463334 0,000000 162,200000 29,000000 29,000000 -20,200000
713 1675463335 0,000000 162,200000 29,000000 29,000000 -20,200000
713 1675463336 -0,002460 162,600000 28,600000 28,600000 -20,200000
713 1675463337 -0,002460 162,600000 28,200000 28,200000 -20,200000
713 1675463338 -0,002460 162,600000 27,800000 27,800000 -20,200000
713 1675463339 -0,002460 162,600000 27,400000 27,400000 -20,200000
713 1675463340 -0,002460 162,600000 27,000000 27,000000 -20,200000
713 1675463341 0,000000 163,200000 27,000000 27,000000 -20,200000
713 1675463342 0,000000 163,200000 27,000000 27,000000 -20,200000
713 1675463343 0,000000 163,200000 27,000000 27,000000 -20,200000
713 1675463344 0,000000 163,200000 27,000000 27,000000 -20,200000
713 1675463345 0,000000 163,200000 27,000000 27,000000 -20,200000
713 1675463346 0,003667 163,600000 27,600000 27,600000 -20,200000
713 1675463347 0,003667 163,600000 28,200000 28,200000 -20,200000
713 1675463348 0,003667 163,600000 28,800000 28,800000 -20,200000
713 1675463349 0,003667 163,600000 29,400000 29,400000 -20,200000
713 1675463350 0,003667 163,600000 30,000000 30,000000 -20,200000
713 1675463351 -0,002439 164,000000 29,600000 29,600000 -20,200000
713 1675463352 -0,002439 164,000000 29,200000 29,200000 -20,200000
713 1675463353 -0,002439 164,000000 28,800000 28,800000 -20,200000
713 1675463354 -0,002439 164,000000 28,400000 28,400000 -20,200000
713 1675463355 -0,002439 164,000000 28,000000 28,000000 -20,200000
713 1675463356 0,003650 164,400000 28,600000 28,600000 -20,200000
713 1675463357 0,003650 164,400000 29,200000 29,200000 -20,200000
713 1675463358 0,003650 164,400000 29,800000 29,800000 -20,200000
713 1675463359 0,003650 164,400000 30,400000 30,400000 -20,200000
713 1675463360 0,003650 164,400000 31,000000 31,000000 -20,200000
713 1675463361 0,000000 165,600000 31,000000 31,000000 -20,200000
713 1675463362 0,000000 165,600000 31,000000 31,000000 -20,200000
713 1675463363 0,000000 165,600000 31,000000 31,000000 -20,200000
713 1675463364 0,000000 165,600000 31,000000 31,000000 -20,200000
713 1675463365 0,000000 165,600000 31,000000 31,000000 -20,200000
713 1675463366 0,009627 166,200000 32,600000 32,600000 -20,200000
713 1675463367 0,009627 166,200000 34,200000 34,200000 -20,200000
713 1675463368 0,009627 166,200000 35,800000 35,800000 -20,200000
713 1675463369 0,009627 166,200000 37,400000 37,400000 -20,200000
713 1675463370 0,009627 166,200000 39,000000 39,000000 -20,200000
713 1675463371 0,001196 167,200000 39,200000 39,200000 -20,200000
713 1675463372 0,001196 167,200000 39,400000 39,400000 -20,200000
713 1675463373 0,001196 167,200000 39,600000 39,600000 -20,200000
713 1675463374 0,001196 167,200000 39,800000 39,800000 -20,200000
713 1675463375 0,001196 167,200000 40,000000 40,000000 -20,200000
713 1675463376 -0,009501 168,400000 38,400000 38,400000 -20,200000
713 1675463377 -0,009501 168,400000 36,800000 36,800000 -20,200000
713 1675463378 -0,009501 168,400000 35,200000 35,200000 -20,200000
713 1675463379 -0,009501 168,400000 33,600000 33,600000 -20,200000
713 1675463380 -0,009501 168,400000 32,000000 32,000000 -20,200000
713 1675463381 -0,003555 168,800000 31,400000 31,400000 -20,200000
713 1675463382 -0,003555 168,800000 30,800000 30,800000 -20,200000
713 1675463383 -0,003555 168,800000 30,200000 30,200000 -20,200000
713 1675463384 -0,003555 168,800000 29,600000 29,600000 -20,200000
713 1675463385 -0,003555 168,800000 29,000000 29,000000 -20,200000
713 1675463386 -0,002361 169,400000 28,600000 28,600000 -20,200000
713 1675463387 -0,002361 169,400000 28,200000 28,200000 -20,200000
713 1675463388 -0,002361 169,400000 27,800000 27,800000 -20,200000
713 1675463389 -0,002361 169,400000 27,400000 27,400000 -20,200000
713 1675463390 -0,002361 169,400000 27,000000 27,000000 -20,200000
713 1675463391 0,001176 170,000000 27,200000 27,200000 -20,200000
713 1675463392 0,001176 170,000000 27,400000 27,400000 -20,200000
713 1675463393 0,001176 170,000000 27,600000 27,600000 -20,200000
713 1675463394 0,001176 170,000000 27,800000 27,800000 -20,200000
713 1675463395 0,001176 170,000000 28,000000 28,000000 -20,200000
713 1675463396 0,000000 170,400000 28,000000 28,000000 -20,200000
713 1675463397 0,000000 170,400000 28,000000 28,000000 -20,200000
713 1675463398 0,000000 170,400000 28,000000 28,000000 -20,200000
713 1675463399 0,000000 170,400000 28,000000 28,000000 -20,200000
713 1675463400 0,000000 170,400000 28,000000 28,000000 -20,200000
713 1675463401 -0,001170 171,000000 27,800000 27,800000 -20,200000
713 1675463402 -0,001170 171,000000 27,600000 27,600000 -20,200000
713 1675463403 -0,001170 171,000000 27,400000 27,400000 -20,200000
713 1675463404 -0,001170 171,000000 27,200000 27,200000 -20,200000
713 1675463405 -0,001170 171,000000 27,000000 27,000000 -20,200000
713 1675463406 0,000000 171,000000 27,000000 27,000000 -20,200000
713 1675463407 0,000000 171,000000 27,000000 27,000000 -20,200000
713 1675463408 0,000000 171,000000 27,000000 27,000000 -20,200000
713 1675463409 0,000000 171,000000 27,000000 27,000000 -20,200000
713 1675463410 0,000000 171,000000 27,000000 27,000000 -20,200000
713 1675463411 -0,003501 171,400000 26,400000 26,400000 -20,200000
713 1675463412 -0,003501 171,400000 25,800000 25,800000 -20,200000
713 1675463413 -0,003501 171,400000 25,200000 25,200000 -20,200000
713 1675463414 -0,003501 171,400000 24,600000 24,600000 -20,200000
713 1675463415 -0,003501 171,400000 24,000000 24,000000 -20,200000
713 1675463416 0,003492 171,800000 24,600000 24,600000 -20,200000
713 1675463417 0,003492 171,800000 25,200000 25,200000 -20,200000
713 1675463418 0,003492 171,800000 25,800000 25,800000 -20,200000
713 1675463419 0,003492 171,800000 26,400000 26,400000 -20,200000
713 1675463420 0,003492 171,800000 27,000000 27,000000 -20,200000
713 1675463421 0,001157 172,800000 27,200000 27,200000 -20,200000
713 1675463422 0,001157 172,800000 27,400000 27,400000 -20,200000
713 1675463423 0,001157 172,800000 27,600000 27,600000 -20,200000
713 1675463424 0,001157 172,800000 27,800000 27,800000 -20,200000
713 1675463425 0,001157 172,800000 28,000000 28,000000 -20,200000
713 1675463426 -0,002301 173,800000 27,600000 27,600000 -20,200000
713 1675463427 -0,002301 173,800000 27,200000 27,200000 -20,200000
713 1675463428 -0,002301 173,800000 26,800000 26,800000 -20,200000
713 1675463429 -0,002301 173,800000 26,400000 26,400000 -20,200000
713 1675463430 -0,002301 173,800000 26,000000 26,000000 -20,200000
713 1675463431 0,000000 174,600000 26,000000 26,000000 -20,200000
713 1675463432 0,000000 174,600000 26,000000 26,000000 -20,200000
713 1675463433 0,000000 174,600000 26,000000 26,000000 -20,200000
713 1675463434 0,000000 174,600000 26,000000 26,000000 -20,200000
713 1675463435 0,000000 174,600000 26,000000 26,000000 -20,200000
713 1675463436 0,003421 175,400000 26,600000 26,600000 -20,200000
713 1675463437 0,003421 175,400000 27,200000 27,200000 -20,200000
713 1675463438 0,003421 175,400000 27,800000 27,800000 -20,200000
713 1675463439 0,003421 175,400000 28,400000 28,400000 -20,200000
713 1675463440 0,003421 175,400000 29,000000 29,000000 -20,200000
713 1675463441 -0,002278 175,600000 28,600000 28,600000 -20,200000
713 1675463442 -0,002278 175,600000 28,200000 28,200000 -20,200000
713 1675463443 -0,002278 175,600000 27,800000 27,800000 -20,200000
713 1675463444 -0,002278 175,600000 27,400000 27,400000 -20,200000
713 1675463445 -0,002278 175,600000 27,000000 27,000000 -20,200000
713 1675463446 0,002273 176,000000 27,400000 27,400000 -20,200000
713 1675463447 0,002273 176,000000 27,800000 27,800000 -20,200000
713 1675463448 0,002273 176,000000 28,200000 28,200000 -20,200000
713 1675463449 0,002273 176,000000 28,600000 28,600000 -20,200000
713 1675463450 0,002273 176,000000 29,000000 29,000000 -20,200000
713 1675463451 0,003394 176,800000 29,600000 29,600000 -20,200000
713 1675463452 0,003394 176,800000 30,200000 30,200000 -20,200000
713 1675463453 0,003394 176,800000 30,800000 30,800000 -20,200000
713 1675463454 0,003394 176,800000 31,400000 31,400000 -20,200000
713 1675463455 0,003394 176,800000 32,000000 32,000000 -20,200000
713 1675463456 0,000000 177,400000 32,000000 32,000000 -20,200000
713 1675463457 0,000000 177,400000 32,000000 32,000000 -20,200000
713 1675463458 0,000000 177,400000 32,000000 32,000000 -20,200000
713 1675463459 0,000000 177,400000 32,000000 32,000000 -20,200000
713 1675463460 0,000000 177,400000 32,000000 32,000000 -20,200000
713 1675463461 -0,007856 178,200000 30,600000 30,600000 -20,200000
713 1675463462 -0,007856 178,200000 29,200000 29,200000 -20,200000
713 1675463463 -0,007856 178,200000 27,800000 27,800000 -20,200000
713 1675463464 -0,007856 178,200000 26,400000 26,400000 -20,200000
713 1675463465 -0,007856 178,200000 25,000000 25,000000 -20,200000
713 1675463466 0,003352 179,000000 25,600000 25,600000 -20,200000
713 1675463467 0,003352 179,000000 26,200000 26,200000 -20,200000
713 1675463468 0,003352 179,000000 26,800000 26,800000 -20,200000
713 1675463469 0,003352 179,000000 27,400000 27,400000 -20,200000
713 1675463470 0,003352 179,000000 28,000000 28,000000 -20,200000
713 1675463471 0,003348 179,200000 28,600000 28,600000 -20,200000
713 1675463472 0,003348 179,200000 29,200000 29,200000 -20,200000
713 1675463473 0,003348 179,200000 29,800000 29,800000 -20,200000
713 1675463474 0,003348 179,200000 30,400000 30,400000 -20,200000
713 1675463475 0,003348 179,200000 31,000000 31,000000 -20,200000
713 1675463476 -0,005568 179,600000 30,000000 30,000000 -20,200000
713 1675463477 -0,005568 179,600000 29,000000 29,000000 -20,200000
713 1675463478 -0,005568 179,600000 28,000000 28,000000 -20,200000
713 1675463479 -0,005568 179,600000 27,000000 27,000000 -20,200000
713 1675463480 -0,005568 179,600000 26,000000 26,000000 -20,200000
713 1675463481 0,000000 179,600000 26,000000 26,000000 -20,200000
713 1675463482 0,000000 179,600000 26,000000 26,000000 -20,200000
713 1675463483 0,000000 179,600000 26,000000 26,000000 -20,200000
713 1675463484 0,000000 179,600000 26,000000 26,000000 -20,200000
713 1675463485 0,000000 179,600000 26,000000 26,000000 -20,200000
713 1675463486 -0,001110 180,200000 25,800000 25,800000 -20,200000
713 1675463487 -0,001110 180,200000 25,600000 25,600000 -20,200000
713 1675463488 -0,001110 180,200000 25,400000 25,400000 -20,200000
713 1675463489 -0,001110 180,200000 25,200000 25,200000 -20,200000
713 1675463490 -0,001110 180,200000 25,000000 25,000000 -20,200000
713 1675463491 0,005531 180,800000 26,000000 26,000000 -20,200000
713 1675463492 0,005531 180,800000 27,000000 27,000000 -20,200000
713 1675463493 0,005531 180,800000 28,000000 28,000000 -20,200000
713 1675463494 0,005531 180,800000 29,000000 29,000000 -20,200000
713 1675463495 0,005531 180,800000 30,000000 30,000000 -20,200000
713 1675463496 0,003297 182,000000 30,600000 30,600000 -20,200000
713 1675463497 0,003297 182,000000 31,200000 31,200000 -20,200000
713 1675463498 0,003297 182,000000 31,800000 31,800000 -20,200000
713 1675463499 0,003297 182,000000 32,400000 32,400000 -20,200000
713 1675463500 0,003297 182,000000 33,000000 33,000000 -20,200000
713 1675463501 -0,001093 183,000000 32,800000 32,800000 -20,200000
713 1675463502 -0,001093 183,000000 32,600000 32,600000 -20,200000
713 1675463503 -0,001093 183,000000 32,400000 32,400000 -20,200000
713 1675463504 -0,001093 183,000000 32,200000 32,200000 -20,200000
713 1675463505 -0,001093 183,000000 32,000000 32,000000 -20,200000
713 1675463506 -0,006522 184,000000 30,800000 30,800000 -20,200000
713 1675463507 -0,006522 184,000000 29,600000 29,600000 -20,200000
713 1675463508 -0,006522 184,000000 28,400000 28,400000 -20,200000
713 1675463509 -0,006522 184,000000 27,200000 27,200000 -20,200000
713 1675463510 -0,006522 184,000000 26,000000 26,000000 -20,200000
713 1675463511 0,000000 184,800000 26,000000 26,000000 -20,200000
713 1675463512 0,000000 184,800000 26,000000 26,000000 -20,200000
713 1675463513 0,000000 184,800000 26,000000 26,000000 -20,200000
713 1675463514 0,000000 184,800000 26,000000 26,000000 -20,200000
713 1675463515 0,000000 184,800000 26,000000 26,000000 -20,200000
713 1675463516 0,002157 185,400000 26,400000 26,400000 -20,200000
713 1675463517 0,002157 185,400000 26,800000 26,800000 -20,200000
713 1675463518 0,002157 185,400000 27,200000 27,200000 -20,200000
713 1675463519 0,002157 185,400000 27,600000 27,600000 -20,200000
713 1675463520 0,002157 185,400000 28,000000 28,000000 -20,200000
713 1675463521 0,005376 186,000000 29,000000 29,000000 -20,200000
713 1675463522 0,005376 186,000000 30,000000 30,000000 -20,200000
713 1675463523 0,005376 186,000000 31,000000 31,000000 -20,200000
713 1675463524 0,005376 186,000000 32,000000 32,000000 -20,200000
713 1675463525 0,005376 186,000000 33,000000 33,000000 -20,200000
713 1675463526 0,001071 186,800000 33,200000 33,200000 -20,200000
713 1675463527 0,001071 186,800000 33,400000 33,400000 -20,200000
713 1675463528 0,001071 186,800000 33,600000 33,600000 -20,200000
713 1675463529 0,001071 186,800000 33,800000 33,800000 -20,200000
713 1675463530 0,001071 186,800000 34,000000 34,000000 -20,200000
