705 1675462121 0,800000 -1,000000 -101,000000 0,000000 0,000000
705 1675462122 0,800000 -1,000000 -101,000000 0,000000 0,000000
705 1675462123 0,800000 -1,000000 -101,000000 0,000000 0,000000
705 1675462124 0,800000 -1,000000 -101,000000 0,000000 0,000000
705 1675462125 0,800000 -1,000000 -101,000000 0,000000 0,000000
705 1675462126 1,400000 -1,000000 -101,000000 0,000000 0,000000
705 1675462127 1,400000 -1,000000 -101,000000 0,000000 0,000000
705 1675462128 1,400000 -1,000000 -101,000000 0,000000 0,000000
705 1675462129 1,400000 -1,000000 -101,000000 0,000000 0,000000
705 1675462130 1,400000 -1,000000 -101,000000 0,000000 0,000000
705 1675462131 1,200000 -1,000000 -101,000000 0,000000 0,000000
705 1675462132 1,200000 -1,000000 -101,000000 0,000000 0,000000
705 1675462133 1,200000 -1,000000 -101,000000 0,000000 0,000000
705 1675462134 1,200000 -1,000000 -101,000000 0,000000 0,000000
705 1675462135 1,200000 -1,000000 -101,000000 0,000000 0,000000
705 1675462136 1,000000 -1,000000 -101,000000 0,000000 0,000000
705 1675462137 1,000000 -1,000000 -101,000000 0,000000 0,000000
705 1675462138 1,000000 -1,000000 -101,000000 0,000000 0,000000
705 1675462139 1,000000 -1,000000 -101,000000 0,000000 0,000000
705 1675462140 1,000000 -1,000000 -101,000000 0,000000 0,000000
705 1675462141 0,800000 -1,000000 -101,000000 0,000000 0,000000
705 1675462142 0,800000 -1,000000 -101,000000 0,000000 0,000000
705 1675462143 0,800000 -1,000000 -101,000000 0,000000 0,000000
705 1675462144 0,800000 -1,000000 -101,000000 0,000000 0,000000
705 1675462145 0,800000 -1,000000 -101,000000 0,000000 0,000000
705 1675462146 2,000000 -1,000000 -101,000000 0,000000 0,000000
705 1675462147 2,000000 -1,000000 -101,000000 0,000000 0,000000
705 1675462148 2,000000 -1,000000 -101,000000 0,000000 0,000000
705 1675462149 2,000000 -1,000000 -101,000000 0,000000 0,000000
705 1675462150 2,000000 -1,000000 -101,000000 0,000000 0,000000
705 1675462151 2,400000 -1,000000 -101,000000 0,000000 0,000000
705 1675462152 2,400000 -1,000000 -101,000000 0,000000 0,000000
705 1675462153 2,400000 -1,000000 -101,000000 0,000000 0,000000
705 1675462154 2,400000 -1,000000 -101,000000 0,000000 0,000000
705 1675462155 2,400000 -1,000000 -101,000000 0,000000 0,000000
705 1675462156 1,400000 -1,000000 -101,000000 0,000000 0,000000
705 1675462157 1,400000 -1,000000 -101,000000 0,000000 0,000000
705 1675462158 1,400000 -1,000000 -101,000000 0,000000 0,000000
705 1675462159 1,400000 -1,000000 -101,000000 0,000000 0,000000
705 1675462160 1,400000 -1,000000 -101,000000 0,000000 0,000000
705 1675462161 1,600000 -1,000000 -101,000000 0,000000 0,000000
705 1675462162 1,600000 -1,000000 -101,000000 0,000000 0,000000
705 1675462163 1,600000 -1,000000 -101,000000 0,000000 0,000000
705 1675462164 1,600000 -1,000000 -101,000000 0,000000 0,000000
705 1675462165 1,600000 -1,000000 -101,000000 0,000000 0,000000
705 1675462166 0,800000 -1,000000 -101,000000 0,000000 0,000000
705 1675462167 0,800000 -1,000000 -101,000000 0,000000 0,000000
705 1675462168 0,800000 -1,000000 -101,000000 0,000000 0,000000
705 1675462169 0,800000 -1,000000 -101,000000 0,000000 0,000000
705 1675462170 0,800000 -1,000000 -101,000000 0,000000 0,000000
705 1675462171 1,400000 -1,000000 -101,000000 0,000000 0,000000
705 1675462172 1,400000 -1,000000 -101,000000 0,000000 0,000000
705 1675462173 1,400000 -1,000000 -101,000000 0,000000 0,000000
705 1675462174 1,400000 -1,000000 -101,000000 0,000000 0,000000
705 1675462175 1,400000 -1,000000 -101,000000 0,000000 0,000000
705 1675462176 1,200000 -1,000000 -101,000000 0,000000 0,000000
705 1675462177 1,200000 -1,000000 -101,000000 0,000000 0,000000
705 1675462178 1,200000 -1,000000 -101,000000 0,000000 0,000000
705 1675462179 1,200000 -1,000000 -101,000000 0,000000 0,000000
705 1675462180 1,200000 -1,000000 -101,000000 0,000000 0,000000
705 1675462181 1,800000 -1,000000 -101,000000 0,000000 0,000000
705 1675462182 1,800000 -1,000000 -101,000000 0,000000 0,000000
705 1675462183 1,800000 -1,000000 -101,000000 0,000000 0,000000
705 1675462184 1,800000 -1,000000 -101,000000 0,000000 0,000000
705 1675462185 1,800000 -1,000000 -101,000000 0,000000 0,000000
705 1675462186 3,400000 -1,000000 -101,000000 0,000000 0,000000
705 1675462187 3,400000 -1,000000 -101,000000 0,000000 0,000000
705 1675462188 3,400000 -1,000000 -101,000000 0,000000 0,000000
705 1675462189 3,400000 -1,000000 -101,000000 0,000000 0,000000
705 1675462190 3,400000 -1,000000 -101,000000 0,000000 0,000000
705 1675462191 2,400000 -1,000000 -101,000000 0,000000 0,000000
705 1675462192 2,400000 -1,000000 -101,000000 0,000000 0,000000
705 1675462193 2,400000 -1,000000 -101,000000 0,000000 0,000000
705 1675462194 2,400000 -1,000000 -101,000000 0,000000 0,000000
705 1675462195 2,400000 -1,000000 -101,000000 0,000000 0,000000
705 1675462196 1,200000 -1,000000 -101,000000 0,000000 0,000000
705 1675462197 1,200000 -1,000000 -101,000000 0,000000 0,000000
705 1675462198 1,200000 -1,000000 -101,000000 0,000000 0,000000
705 1675462199 1,200000 -1,000000 -101,000000 0,000000 0,000000
705 1675462200 1,200000 -1,000000 -101,000000 0,000000 0,000000
705 1675462201 2,600000 -1,000000 -101,000000 0,000000 0,000000
705 1675462202 2,600000 -1,000000 -101,000000 0,000000 0,000000
705 1675462203 2,600000 -1,000000 -101,000000 0,000000 0,000000
705 1675462204 2,600000 -1,000000 -101,000000 0,000000 0,000000
705 1675462205 2,600000 -1,000000 -101,000000 0,000000 0,000000
705 1675462206 3,800000 -1,000000 -101,000000 0,000000 0,000000
705 1675462207 3,800000 -1,000000 -101,000000 0,000000 0,000000
705 1675462208 3,800000 -1,000000 -101,000000 0,000000 0,000000
705 1675462209 3,800000 -1,000000 -101,000000 0,000000 0,000000
705 1675462210 3,800000 -1,000000 -101,000000 0,000000 0,000000
705 1675462211 6,000000 -1,000000 -101,000000 0,000000 0,000000
705 1675462212 6,000000 -1,000000 -101,000000 0,000000 0,000000
705 1675462213 6,000000 -1,000000 -101,000000 0,000000 0,000000
705 1675462214 6,000000 -1,000000 -101,000000 0,000000 0,000000
705 1675462215 6,000000 -1,000000 -101,000000 0,000000 0,000000
705 1675462216 3,800000 -1,000000 -101,000000 0,000000 0,000000
705 1675462217 3,800000 -1,000000 -101,000000 0,000000 0,000000
705 1675462218 3,800000 -1,000000 -101,000000 0,000000 0,000000
705 1675462219 3,800000 -1,000000 -101,000000 0,000000 0,000000
705 1675462220 3,800000 -1,000000 -101,000000 0,000000 0,000000
705 1675462221 0,200000 -1,000000 -101,000000 0,000000 0,000000
705 1675462222 0,200000 -1,000000 -101,000000 0,000000 0,000000
705 1675462223 0,200000 -1,000000 -101,000000 0,000000 0,000000
705 1675462224 0,200000 -1,000000 -101,000000 0,000000 0,000000
705 1675462225 0,200000 -1,000000 -101,000000 0,000000 0,000000
705 1675462226 1,200000 -1,000000 -101,000000 0,000000 0,000000
705 1675462227 1,200000 -1,000000 -101,000000 0,000000 0,000000
705 1675462228 1,200000 -1,000000 -101,000000 0,000000 0,000000
705 1675462229 1,200000 -1,000000 -101,000000 0,000000 0,000000
705 1675462230 1,200000 -1,000000 -101,000000 0,000000 0,000000
705 1675462231 0,600000 -1,000000 -101,000000 0,000000 0,000000
705 1675462232 0,600000 -1,000000 -101,000000 0,000000 0,000000
705 1675462233 0,600000 -1,000000 -101,000000 0,000000 0,000000
705 1675462234 0,600000 -1,000000 -101,000000 0,000000 0,000000
705 1675462235 0,600000 -1,000000 -101,000000 0,000000 0,000000
705 1675462236 1,600000 -1,000000 -101,000000 0,000000 0,000000
705 1675462237 1,600000 -1,000000 -101,000000 0,000000 0,000000
705 1675462238 1,600000 -1,000000 -101,000000 0,000000 0,000000
705 1675462239 1,600000 -1,000000 -101,000000 0,000000 0,000000
705 1675462240 1,600000 -1,000000 -101,000000 0,000000 0,000000
705 1675462241 3,200000 -1,000000 -101,000000 0,000000 0,000000
705 1675462242 3,200000 -1,000000 -101,000000 0,000000 0,000000
705 1675462243 3,200000 -1,000000 -101,000000 0,000000 0,000000
705 1675462244 3,200000 -1,000000 -101,000000 0,000000 0,000000
705 1675462245 3,200000 -1,000000 -101,000000 0,000000 0,000000
705 1675462246 5,600000 -1,000000 -101,000000 0,000000 0,000000
705 1675462247 5,600000 -1,000000 -101,000000 0,000000 0,000000
705 1675462248 5,600000 -1,000000 -101,000000 0,000000 0,000000
705 1675462249 5,600000 -1,000000 -101,000000 0,000000 0,000000
705 1675462250 5,600000 -1,000000 -101,000000 0,000000 0,000000
705 1675462251 4,800000 -1,000000 -101,000000 0,000000 0,000000
705 1675462252 4,800000 -1,000000 -101,000000 0,000000 0,000000
705 1675462253 4,800000 -1,000000 -101,000000 0,000000 0,000000
705 1675462254 4,800000 -1,000000 -101,000000 0,000000 0,000000
705 1675462255 4,800000 -1,000000 -101,000000 0,000000 0,000000
705 1675462256 3,800000 -1,000000 -101,000000 0,000000 0,000000
705 1675462257 3,800000 -1,000000 -101,000000 0,000000 0,000000
705 1675462258 3,800000 -1,000000 -101,000000 0,000000 0,000000
705 1675462259 3,800000 -1,000000 -101,000000 0,000000 0,000000
705 1675462260 3,800000 -1,000000 -101,000000 0,000000 0,000000
705 1675462261 4,000000 -1,000000 -101,000000 0,000000 0,000000
705 1675462262 4,000000 -1,000000 -101,000000 0,000000 0,000000
705 1675462263 4,000000 -1,000000 -101,000000 0,000000 0,000000
705 1675462264 4,000000 -1,000000 -101,000000 0,000000 0,000000
705 1675462265 4,000000 -1,000000 -101,000000 0,000000 0,000000
705 1675462266 1,800000 -1,000000 -101,000000 0,000000 0,000000
705 1675462267 1,800000 -1,000000 -101,000000 0,000000 0,000000
705 1675462268 1,800000 -1,000000 -101,000000 0,000000 0,000000
705 1675462269 1,800000 -1,000000 -101,000000 0,000000 0,000000
705 1675462270 1,800000 -1,000000 -101,000000 0,000000 0,000000
705 1675462271 3,000000 -1,000000 -101,000000 0,000000 0,000000
705 1675462272 3,000000 -1,000000 -101,000000 0,000000 0,000000
705 1675462273 3,000000 -1,000000 -101,000000 0,000000 0,000000
705 1675462274 3,000000 -1,000000 -101,000000 0,000000 0,000000
705 1675462275 3,000000 -1,000000 -101,000000 0,000000 0,000000
705 1675462276 4,000000 -1,000000 -101,000000 0,000000 0,000000
705 1675462277 4,000000 -1,000000 -101,000000 0,000000 0,000000
705 1675462278 4,000000 -1,000000 -101,000000 0,000000 0,000000
705 1675462279 4,000000 -1,000000 -101,000000 0,000000 0,000000
705 1675462280 4,000000 -1,000000 -101,000000 0,000000 0,000000
705 1675462281 2,000000 -1,000000 -101,000000 0,000000 0,000000
705 1675462282 2,000000 -1,000000 -101,000000 0,000000 0,000000
705 1675462283 2,000000 -1,000000 -101,000000 0,000000 0,000000
705 1675462284 2,000000 -1,000000 -101,000000 0,000000 0,000000
705 1675462285 2,000000 -1,000000 -101,000000 0,000000 0,000000
705 1675462286 3,800000 -1,000000 -101,000000 0,000000 0,000000
705 1675462287 3,800000 -1,000000 -101,000000 0,000000 0,000000
705 1675462288 3,800000 -1,000000 -101,000000 0,000000 0,000000
705 1675462289 3,800000 -1,000000 -101,000000 0,000000 0,000000
705 1675462290 3,800000 -1,000000 -101,000000 0,000000 0,000000
705 1675462291 1,800000 -1,000000 -101,000000 0,000000 0,000000
705 1675462292 1,800000 -1,000000 -101,000000 0,000000 0,000000
705 1675462293 1,800000 -1,000000 -101,000000 0,000000 0,000000
705 1675462294 1,800000 -1,000000 -101,000000 0,000000 0,000000
705 1675462295 1,800000 -1,000000 -101,000000 0,000000 0,000000
705 1675462296 1,800000 -1,000000 -101,000000 0,000000 0,000000
705 1675462297 1,800000 -1,000000 -101,000000 0,000000 0,000000
705 1675462298 1,800000 -1,000000 -101,000000 0,000000 0,000000
705 1675462299 1,800000 -1,000000 -101,000000 0,000000 0,000000
705 1675462300 1,800000 -1,000000 -101,000000 0,000000 0,000000
705 1675462301 2,200000 -1,000000 -101,000000 0,000000 0,000000
705 1675462302 2,200000 -1,000000 -101,000000 0,000000 0,000000
705 1675462303 2,200000 -1,000000 -101,000000 0,000000 0,000000
705 1675462304 2,200000 -1,000000 -101,000000 0,000000 0,000000
705 1675462305 2,200000 -1,000000 -101,000000 0,000000 0,000000
705 1675462306 1,400000 -1,000000 -101,000000 0,000000 0,000000
705 1675462307 1,400000 -1,000000 -101,000000 0,000000 0,000000
705 1675462308 1,400000 -1,000000 -101,000000 0,000000 0,000000
705 1675462309 1,400000 -1,000000 -101,000000 0,000000 0,000000
705 1675462310 1,400000 -1,000000 -101,000000 0,000000 0,000000
705 1675462311 4,400000 -1,000000 -101,000000 0,000000 0,000000
705 1675462312 4,400000 -1,000000 -101,000000 0,000000 0,000000
705 1675462313 4,400000 -1,000000 -101,000000 0,000000 0,000000
705 1675462314 4,400000 -1,000000 -101,000000 0,000000 0,000000
705 1675462315 4,400000 -1,000000 -101,000000 0,000000 0,000000
705 1675462316 4,000000 -1,000000 -101,000000 0,000000 0,000000
705 1675462317 4,000000 -1,000000 -101,000000 0,000000 0,000000
705 1675462318 4,000000 -1,000000 -101,000000 0,000000 0,000000
705 1675462319 4,000000 -1,000000 -101,000000 0,000000 0,000000
705 1675462320 4,000000 -1,000000 -101,000000 0,000000 0,000000
705 1675462321 4,000000 -1,000000 -101,000000 0,000000 0,000000
705 1675462322 4,000000 -1,000000 -101,000000 0,000000 0,000000
705 1675462323 4,000000 -1,000000 -101,000000 0,000000 0,000000
705 1675462324 4,000000 -1,000000 -101,000000 0,000000 0,000000
705 1675462325 4,000000 -1,000000 -101,000000 0,000000 0,000000
705 1675462326 6,000000 -1,000000 -101,000000 0,000000 0,000000
705 1675462327 6,000000 -1,000000 -101,000000 0,000000 0,000000
705 1675462328 6,000000 -1,000000 -101,000000 0,000000 0,000000
705 1675462329 6,000000 -1,000000 -101,000000 0,000000 0,000000
705 1675462330 6,000000 -1,000000 -101,000000 0,000000 0,000000
705 1675462331 0,800000 -1,000000 -101,000000 0,000000 0,000000
705 1675462332 0,800000 -1,000000 -101,000000 0,000000 0,000000
705 1675462333 0,800000 -1,000000 -101,000000 0,000000 0,000000
705 1675462334 0,800000 -1,000000 -101,000000 0,000000 0,000000
705 1675462335 0,800000 -1,000000 -101,000000 0,000000 0,000000
705 1675462336 2,400000 -1,000000 -101,000000 0,000000 0,000000
705 1675462337 2,400000 -1,000000 -101,000000 0,000000 0,000000
705 1675462338 2,400000 -1,000000 -101,000000 0,000000 0,000000
705 1675462339 2,400000 -1,000000 -101,000000 0,000000 0,000000
705 1675462340 2,400000 -1,000000 -101,000000 0,000000 0,000000
705 1675462341 1,200000 -1,000000 -101,000000 0,000000 0,000000
705 1675462342 1,200000 -1,000000 -101,000000 0,000000 0,000000
705 1675462343 1,200000 -1,000000 -101,000000 0,000000 0,000000
705 1675462344 1,200000 -1,000000 -101,000000 0,000000 0,000000
705 1675462345 1,200000 -1,000000 -101,000000 0,000000 0,000000
705 1675462346 3,800000 -1,000000 -101,000000 0,000000 0,000000
705 1675462347 3,800000 -1,000000 -101,000000 0,000000 0,000000
705 1675462348 3,800000 -1,000000 -101,000000 0,000000 0,000000
705 1675462349 3,800000 -1,000000 -101,000000 0,000000 0,000000
705 1675462350 3,800000 -1,000000 -101,000000 0,000000 0,000000
705 1675462351 5,000000 -1,000000 -101,000000 0,000000 0,000000
705 1675462352 5,000000 -1,000000 -101,000000 0,000000 0,000000
705 1675462353 5,000000 -1,000000 -101,000000 0,000000 0,000000
705 1675462354 5,000000 -1,000000 -101,000000 0,000000 0,000000
705 1675462355 5,000000 -1,000000 -101,000000 0,000000 0,000000
705 1675462356 2,400000 -1,000000 -101,000000 0,000000 0,000000
705 1675462357 2,400000 -1,000000 -101,000000 0,000000 0,000000
705 1675462358 2,400000 -1,000000 -101,000000 0,000000 0,000000
705 1675462359 2,400000 -1,000000 -101,000000 0,000000 0,000000
705 1675462360 2,400000 -1,000000 -101,000000 0,000000 0,000000
705 1675462361 2,200000 -1,000000 -101,000000 0,000000 0,000000
705 1675462362 2,200000 -1,000000 -101,000000 0,000000 0,000000
705 1675462363 2,200000 -1,000000 -101,000000 0,000000 0,000000
705 1675462364 2,200000 -1,000000 -101,000000 0,000000 0,000000
705 1675462365 2,200000 -1,000000 -101,000000 0,000000 0,000000
705 1675462366 3,400000 -1,000000 -101,000000 0,000000 0,000000
705 1675462367 3,400000 -1,000000 -101,000000 0,000000 0,000000
705 1675462368 3,400000 -1,000000 -101,000000 0,000000 0,000000
705 1675462369 3,400000 -1,000000 -101,000000 0,000000 0,000000
705 1675462370 3,400000 -1,000000 -101,000000 0,000000 0,000000
705 1675462371 4,600000 -1,000000 -101,000000 0,000000 0,000000
705 1675462372 4,600000 -1,000000 -101,000000 0,000000 0,000000
705 1675462373 4,600000 -1,000000 -101,000000 0,000000 0,000000
705 1675462374 4,600000 -1,000000 -101,000000 0,000000 0,000000
705 1675462375 4,600000 -1,000000 -101,000000 0,000000 0,000000
705 1675462376 3,800000 -1,000000 -101,000000 0,000000 0,000000
705 1675462377 3,800000 -1,000000 -101,000000 0,000000 0,000000
705 1675462378 3,800000 -1,000000 -101,000000 0,000000 0,000000
705 1675462379 3,800000 -1,000000 -101,000000 0,000000 0,000000
705 1675462380 3,800000 -1,000000 -101,000000 0,000000 0,000000
705 1675462381 1,800000 -1,000000 -101,000000 0,000000 0,000000
705 1675462382 1,800000 -1,000000 -101,000000 0,000000 0,000000
705 1675462383 1,800000 -1,000000 -101,000000 0,000000 0,000000
705 1675462384 1,800000 -1,000000 -101,000000 0,000000 0,000000
705 1675462385 1,800000 -1,000000 -101,000000 0,000000 0,000000
705 1675462386 3,400000 -1,000000 -101,000000 0,000000 0,000000
705 1675462387 3,400000 -1,000000 -101,000000 0,000000 0,000000
705 1675462388 3,400000 -1,000000 -101,000000 0,000000 0,000000
705 1675462389 3,400000 -1,000000 -101,000000 0,000000 0,000000
705 1675462390 3,400000 -1,000000 -101,000000 0,000000 0,000000
705 1675462391 2,800000 -1,000000 -101,000000 0,000000 0,000000
705 1675462392 2,800000 -1,000000 -101,000000 0,000000 0,000000
705 1675462393 2,800000 -1,000000 -101,000000 0,000000 0,000000
705 1675462394 2,800000 -1,000000 -101,000000 0,000000 0,000000
705 1675462395 2,800000 -1,000000 -101,000000 0,000000 0,000000
705 1675462396 3,200000 -1,000000 -101,000000 0,000000 0,000000
705 1675462397 3,200000 -1,000000 -101,000000 0,000000 0,000000
705 1675462398 3,200000 -1,000000 -101,000000 0,000000 0,000000
705 1675462399 3,200000 -1,000000 -101,000000 0,000000 0,000000
705 1675462400 3,200000 -1,000000 -101,000000 0,000000 0,000000
790 1675462351 0,200000 -1,000000 -101,000000 0,000000 0,000000
790 1675462352 0,200000 -1,000000 -101,000000 0,000000 0,000000
790 1675462353 0,200000 -1,000000 -101,000000 0,000000 0,000000
790 1675462354 0,200000 -1,000000 -101,000000 0,000000 0,000000
790 1675462355 0,200000 -1,000000 -101,000000 0,000000 0,000000
705 1675462401 3,000000 -1,000000 -101,000000 0,000000 0,000000
705 1675462402 3,000000 -1,000000 -101,000000 0,000000 0,000000
705 1675462403 3,000000 -1,000000 -101,000000 0,000000 0,000000
705 1675462404 3,000000 -1,000000 -101,000000 0,000000 0,000000
705 1675462405 3,000000 -1,000000 -101,000000 0,000000 0,000000
705 1675462406 0,600000 -1,000000 -101,000000 0,000000 0,000000
705 1675462407 0,600000 -1,000000 -101,000000 0,000000 0,000000
705 1675462408 0,600000 -1,000000 -101,000000 0,000000 0,000000
705 1675462409 0,600000 -1,000000 -101,000000 0,000000 0,000000
705 1675462410 0,600000 -1,000000 -101,000000 0,000000 0,000000
705 1675462411 1,800000 -1,000000 -101,000000 0,000000 0,000000
705 1675462412 1,800000 -1,000000 -101,000000 0,000000 0,000000
705 1675462413 1,800000 -1,000000 -101,000000 0,000000 0,000000
705 1675462414 1,800000 -1,000000 -101,000000 0,000000 0,000000
705 1675462415 1,800000 -1,000000 -101,000000 0,000000 0,000000
705 1675462416 0,400000 -1,000000 -101,000000 0,000000 0,000000
705 1675462417 0,400000 -1,000000 -101,000000 0,000000 0,000000
705 1675462418 0,400000 -1,000000 -101,000000 0,000000 0,000000
705 1675462419 0,400000 -1,000000 -101,000000 0,000000 0,000000
705 1675462420 0,400000 -1,000000 -101,000000 0,000000 0,000000
705 1675462421 0,800000 -1,000000 -101,000000 0,000000 0,000000
705 1675462422 0,800000 -1,000000 -101,000000 0,000000 0,000000
705 1675462423 0,800000 -1,000000 -101,000000 0,000000 0,000000
705 1675462424 0,800000 -1,000000 -101,000000 0,000000 0,000000
705 1675462425 0,800000 -1,000000 -101,000000 0,000000 0,000000
705 1675462426 2,200000 -1,000000 -101,000000 0,000000 0,000000
705 1675462427 2,200000 -1,000000 -101,000000 0,000000 0,000000
705 1675462428 2,200000 -1,000000 -101,000000 0,000000 0,000000
705 1675462429 2,200000 -1,000000 -101,000000 0,000000 0,000000
705 1675462430 2,200000 -1,000000 -101,000000 0,000000 0,000000
705 1675462431 5,400000 -1,000000 -101,000000 0,000000 0,000000
705 1675462432 5,400000 -1,000000 -101,000000 0,000000 0,000000
705 1675462433 5,400000 -1,000000 -101,000000 0,000000 0,000000
705 1675462434 5,400000 -1,000000 -101,000000 0,000000 0,000000
705 1675462435 5,400000 -1,000000 -101,000000 0,000000 0,000000
705 1675462436 7,600000 -1,000000 -101,000000 0,000000 0,000000
705 1675462437 7,600000 -1,000000 -101,000000 0,000000 0,000000
705 1675462438 7,600000 -1,000000 -101,000000 0,000000 0,000000
705 1675462439 7,600000 -1,000000 -101,000000 0,000000 0,000000
705 1675462440 7,600000 -1,000000 -101,000000 0,000000 0,000000
705 1675462441 4,800000 -1,000000 -101,000000 0,000000 0,000000
705 1675462442 4,800000 -1,000000 -101,000000 0,000000 0,000000
705 1675462443 4,800000 -1,000000 -101,000000 0,000000 0,000000
705 1675462444 4,800000 -1,000000 -101,000000 0,000000 0,000000
705 1675462445 4,800000 -1,000000 -101,000000 0,000000 0,000000
705 1675462446 5,000000 -1,000000 -101,000000 0,000000 0,000000
705 1675462447 5,000000 -1,000000 -101,000000 0,000000 0,000000
705 1675462448 5,000000 -1,000000 -101,000000 0,000000 0,000000
705 1675462449 5,000000 -1,000000 -101,000000 0,000000 0,000000
705 1675462450 5,000000 -1,000000 -101,000000 0,000000 0,000000
705 1675462451 5,200000 -1,000000 -101,000000 0,000000 0,000000
705 1675462452 5,200000 -1,000000 -101,000000 0,000000 0,000000
705 1675462453 5,200000 -1,000000 -101,000000 0,000000 0,000000
705 1675462454 5,200000 -1,000000 -101,000000 0,000000 0,000000
705 1675462455 5,200000 -1,000000 -101,000000 0,000000 0,000000
705 1675462456 3,000000 -1,000000 -101,000000 0,000000 0,000000
705 1675462457 3,000000 -1,000000 -101,000000 0,000000 0,000000
705 1675462458 3,000000 -1,000000 -101,000000 0,000000 0,000000
705 1675462459 3,000000 -1,000000 -101,000000 0,000000 0,000000
705 1675462460 3,000000 -1,000000 -101,000000 0,000000 0,000000
705 1675462461 3,400000 -1,000000 -101,000000 0,000000 0,000000
705 1675462462 3,400000 -1,000000 -101,000000 0,000000 0,000000
705 1675462463 3,400000 -1,000000 -101,000000 0,000000 0,000000
705 1675462464 3,400000 -1,000000 -101,000000 0,000000 0,000000
705 1675462465 3,400000 -1,000000 -101,000000 0,000000 0,000000
705 1675462466 1,200000 -1,000000 -101,000000 0,000000 0,000000
705 1675462467 1,200000 -1,000000 -101,000000 0,000000 0,000000
705 1675462468 1,200000 -1,000000 -101,000000 0,000000 0,000000
705 1675462469 1,200000 -1,000000 -101,000000 0,000000 0,000000
705 1675462470 1,200000 -1,000000 -101,000000 0,000000 0,000000
705 1675462471 1,600000 -1,000000 -101,000000 0,000000 0,000000
705 1675462472 1,600000 -1,000000 -101,000000 0,000000 0,000000
705 1675462473 1,600000 -1,000000 -101,000000 0,000000 0,000000
705 1675462474 1,600000 -1,000000 -101,000000 0,000000 0,000000
705 1675462475 1,600000 -1,000000 -101,000000 0,000000 0,000000
705 1675462476 1,400000 -1,000000 -101,000000 0,000000 0,000000
705 1675462477 1,400000 -1,000000 -101,000000 0,000000 0,000000
705 1675462478 1,400000 -1,000000 -101,000000 0,000000 0,000000
705 1675462479 1,400000 -1,000000 -101,000000 0,000000 0,000000
705 1675462480 1,400000 -1,000000 -101,000000 0,000000 0,000000
705 1675462481 0,600000 -1,000000 -101,000000 0,000000 0,000000
705 1675462482 0,600000 -1,000000 -101,000000 0,000000 0,000000
705 1675462483 0,600000 -1,000000 -101,000000 0,000000 0,000000
705 1675462484 0,600000 -1,000000 -101,000000 0,000000 0,000000
705 1675462485 0,600000 -1,000000 -101,000000 0,000000 0,000000
705 1675462491 1,600000 -1,000000 -101,000000 0,000000 0,000000
705 1675462492 1,600000 -1,000000 -101,000000 0,000000 0,000000
705 1675462493 1,600000 -1,000000 -101,000000 0,000000 0,000000
705 1675462494 1,600000 -1,000000 -101,000000 0,000000 0,000000
705 1675462495 1,600000 -1,000000 -101,000000 0,000000 0,000000
705 1675462496 3,600000 -1,000000 -101,000000 0,000000 0,000000
705 1675462497 3,600000 -1,000000 -101,000000 0,000000 0,000000
705 1675462498 3,600000 -1,000000 -101,000000 0,000000 0,000000
705 1675462499 3,600000 -1,000000 -101,000000 0,000000 0,000000
705 1675462500 3,600000 -1,000000 -101,000000 0,000000 0,000000
705 1675462501 4,600000 -1,000000 -101,000000 0,000000 0,000000
705 1675462502 4,600000 -1,000000 -101,000000 0,000000 0,000000
705 1675462503 4,600000 -1,000000 -101,000000 0,000000 0,000000
705 1675462504 4,600000 -1,000000 -101,000000 0,000000 0,000000
705 1675462505 4,600000 -1,000000 -101,000000 0,000000 0,000000
705 1675462506 3,400000 -1,000000 -101,000000 0,000000 0,000000
705 1675462507 3,400000 -1,000000 -101,000000 0,000000 0,000000
705 1675462508 3,400000 -1,000000 -101,000000 0,000000 0,000000
705 1675462509 3,400000 -1,000000 -101,000000 0,000000 0,000000
705 1675462510 3,400000 -1,000000 -101,000000 0,000000 0,000000
705 1675462511 2,400000 -1,000000 -101,000000 0,000000 0,000000
705 1675462512 2,400000 -1,000000 -101,000000 0,000000 0,000000
705 1675462513 2,400000 -1,000000 -101,000000 0,000000 0,000000
705 1675462514 2,400000 -1,000000 -101,000000 0,000000 0,000000
705 1675462515 2,400000 -1,000000 -101,000000 0,000000 0,000000
705 1675462516 1,400000 -1,000000 -101,000000 0,000000 0,000000
705 1675462517 1,400000 -1,000000 -101,000000 0,000000 0,000000
705 1675462518 1,400000 -1,000000 -101,000000 0,000000 0,000000
705 1675462519 1,400000 -1,000000 -101,000000 0,000000 0,000000
705 1675462520 1,400000 -1,000000 -101,000000 0,000000 0,000000
705 1675462521 5,000000 -1,000000 -101,000000 0,000000 0,000000
705 1675462522 5,000000 -1,000000 -101,000000 0,000000 0,000000
705 1675462523 5,000000 -1,000000 -101,000000 0,000000 0,000000
705 1675462524 5,000000 -1,000000 -101,000000 0,000000 0,000000
705 1675462525 5,000000 -1,000000 -101,000000 0,000000 0,000000
705 1675462526 1,400000 -1,000000 -101,000000 0,000000 0,000000
705 1675462527 1,400000 -1,000000 -101,000000 0,000000 0,000000
705 1675462528 1,400000 -1,000000 -101,000000 0,000000 0,000000
705 1675462529 1,400000 -1,000000 -101,000000 0,000000 0,000000
705 1675462530 1,400000 -1,000000 -101,000000 0,000000 0,000000
705 1675462531 0,600000 -1,000000 -101,000000 0,000000 0,000000
705 1675462532 0,600000 -1,000000 -101,000000 0,000000 0,000000
705 1675462533 0,600000 -1,000000 -101,000000 0,000000 0,000000
705 1675462534 0,600000 -1,000000 -101,000000 0,000000 0,000000
705 1675462535 0,600000 -1,000000 -101,000000 0,000000 0,000000
705 1675462536 1,600000 -1,000000 -101,000000 0,000000 0,000000
705 1675462537 1,600000 -1,000000 -101,000000 0,000000 0,000000
705 1675462538 1,600000 -1,000000 -101,000000 0,000000 0,000000
705 1675462539 1,600000 -1,000000 -101,000000 0,000000 0,000000
705 1675462540 1,600000 -1,000000 -101,000000 0,000000 0,000000
705 1675462541 1,600000 -1,000000 -101,000000 0,000000 0,000000
705 1675462542 1,600000 -1,000000 -101,000000 0,000000 0,000000
705 1675462543 1,600000 -1,000000 -101,000000 0,000000 0,000000
705 1675462544 1,600000 -1,000000 -101,000000 0,000000 0,000000
705 1675462545 1,600000 -1,000000 -101,000000 0,000000 0,000000
705 1675462546 4,200000 -1,000000 -101,000000 0,000000 0,000000
705 1675462547 4,200000 -1,000000 -101,000000 0,000000 0,000000
705 1675462548 4,200000 -1,000000 -101,000000 0,000000 0,000000
705 1675462549 4,200000 -1,000000 -101,000000 0,000000 0,000000
705 1675462550 4,200000 -1,000000 -101,000000 0,000000 0,000000
705 1675462551 4,000000 -1,000000 -101,000000 0,000000 0,000000
705 1675462552 4,000000 -1,000000 -101,000000 0,000000 0,000000
705 1675462553 4,000000 -1,000000 -101,000000 0,000000 0,000000
705 1675462554 4,000000 -1,000000 -101,000000 0,000000 0,000000
705 1675462555 4,000000 -1,000000 -101,000000 0,000000 0,000000
705 1675462556 4,200000 -1,000000 -101,000000 0,000000 0,000000
705 1675462557 4,200000 -1,000000 -101,000000 0,000000 0,000000
705 1675462558 4,200000 -1,000000 -101,000000 0,000000 0,000000
705 1675462559 4,200000 -1,000000 -101,000000 0,000000 0,000000
705 1675462560 4,200000 -1,000000 -101,000000 0,000000 0,000000
705 1675462561 2,800000 -1,000000 -101,000000 0,000000 0,000000
705 1675462562 2,800000 -1,000000 -101,000000 0,000000 0,000000
705 1675462563 2,800000 -1,000000 -101,000000 0,000000 0,000000
705 1675462564 2,800000 -1,000000 -101,000000 0,000000 0,000000
705 1675462565 2,800000 -1,000000 -101,000000 0,000000 0,000000
705 1675462566 2,200000 -1,000000 -101,000000 0,000000 0,000000
705 1675462567 2,200000 -1,000000 -101,000000 0,000000 0,000000
705 1675462568 2,200000 -1,000000 -101,000000 0,000000 0,000000
705 1675462569 2,200000 -1,000000 -101,000000 0,000000 0,000000
705 1675462570 2,200000 -1,000000 -101,000000 0,000000 0,000000
705 1675462571 2,600000 -1,000000 -101,000000 0,000000 0,000000
705 1675462572 2,600000 -1,000000 -101,000000 0,000000 0,000000
705 1675462573 2,600000 -1,000000 -101,000000 0,000000 0,000000
705 1675462574 2,600000 -1,000000 -101,000000 0,000000 0,000000
705 1675462575 2,600000 -1,000000 -101,000000 0,000000 0,000000
705 1675462576 3,200000 -1,000000 -101,000000 0,000000 0,000000
705 1675462577 3,200000 -1,000000 -101,000000 0,000000 0,000000
705 1675462578 3,200000 -1,000000 -101,000000 0,000000 0,000000
705 1675462579 3,200000 -1,000000 -101,000000 0,000000 0,000000
705 1675462580 3,200000 -1,000000 -101,000000 0,000000 0,000000
705 1675462581 3,800000 -1,000000 -101,000000 0,000000 0,000000
705 1675462582 3,800000 -1,000000 -101,000000 0,000000 0,000000
705 1675462583 3,800000 -1,000000 -101,000000 0,000000 0,000000
705 1675462584 3,800000 -1,000000 -101,000000 0,000000 0,000000
705 1675462585 3,800000 -1,000000 -101,000000 0,000000 0,000000
705 1675462586 2,600000 -1,000000 -101,000000 0,000000 0,000000
705 1675462587 2,600000 -1,000000 -101,000000 0,000000 0,000000
705 1675462588 2,600000 -1,000000 -101,000000 0,000000 0,000000
705 1675462589 2,600000 -1,000000 -101,000000 0,000000 0,000000
705 1675462590 2,600000 -1,000000 -101,000000 0,000000 0,000000
705 1675462591 1,000000 -1,000000 -101,000000 0,000000 0,000000
705 1675462592 1,000000 -1,000000 -101,000000 0,000000 0,000000
705 1675462593 1,000000 -1,000000 -101,000000 0,000000 0,000000
705 1675462594 1,000000 -1,000000 -101,000000 0,000000 0,000000
705 1675462595 1,000000 -1,000000 -101,000000 0,000000 0,000000
705 1675462596 3,200000 -1,000000 -101,000000 0,000000 0,000000
705 1675462597 3,200000 -1,000000 -101,000000 0,000000 0,000000
705 1675462598 3,200000 -1,000000 -101,000000 0,000000 0,000000
705 1675462599 3,200000 -1,000000 -101,000000 0,000000 0,000000
705 1675462600 3,200000 -1,000000 -101,000000 0,000000 0,000000
705 1675462601 1,600000 -1,000000 -101,000000 0,000000 0,000000
705 1675462602 1,600000 -1,000000 -101,000000 0,000000 0,000000
705 1675462603 1,600000 -1,000000 -101,000000 0,000000 0,000000
705 1675462604 1,600000 -1,000000 -101,000000 0,000000 0,000000
705 1675462605 1,600000 -1,000000 -101,000000 0,000000 0,000000
705 1675462606 2,000000 -1,000000 -101,000000 0,000000 0,000000
705 1675462607 2,000000 -1,000000 -101,000000 0,000000 0,000000
705 1675462608 2,000000 -1,000000 -101,000000 0,000000 0,000000
705 1675462609 2,000000 -1,000000 -101,000000 0,000000 0,000000
705 1675462610 2,000000 -1,000000 -101,000000 0,000000 0,000000
705 1675462611 3,600000 -1,000000 -101,000000 0,000000 0,000000
705 1675462612 3,600000 -1,000000 -101,000000 0,000000 0,000000
705 1675462613 3,600000 -1,000000 -101,000000 0,000000 0,000000
705 1675462614 3,600000 -1,000000 -101,000000 0,000000 0,000000
705 1675462615 3,600000 -1,000000 -101,000000 0,000000 0,000000
705 1675462616 1,000000 -1,000000 -101,000000 0,000000 0,000000
705 1675462617 1,000000 -1,000000 -101,000000 0,000000 0,000000
705 1675462618 1,000000 -1,000000 -101,000000 0,000000 0,000000
705 1675462619 1,000000 -1,000000 -101,000000 0,000000 0,000000
705 1675462620 1,000000 -1,000000 -101,000000 0,000000 0,000000
705 1675462621 3,400000 -1,000000 -101,000000 0,000000 0,000000
705 1675462622 3,400000 -1,000000 -101,000000 0,000000 0,000000
705 1675462623 3,400000 -1,000000 -101,000000 0,000000 0,000000
705 1675462624 3,400000 -1,000000 -101,000000 0,000000 0,000000
705 1675462625 3,400000 -1,000000 -101,000000 0,000000 0,000000
705 1675462626 3,200000 -1,000000 -101,000000 0,000000 0,000000
705 1675462627 3,200000 -1,000000 -101,000000 0,000000 0,000000
705 1675462628 3,200000 -1,000000 -101,000000 0,000000 0,000000
705 1675462629 3,200000 -1,000000 -101,000000 0,000000 0,000000
705 1675462630 3,200000 -1,000000 -101,000000 0,000000 0,000000
705 1675462631 1,800000 -1,000000 -101,000000 0,000000 0,000000
705 1675462632 1,800000 -1,000000 -101,000000 0,000000 0,000000
705 1675462633 1,800000 -1,000000 -101,000000 0,000000 0,000000
705 1675462634 1,800000 -1,000000 -101,000000 0,000000 0,000000
705 1675462635 1,800000 -1,000000 -101,000000 0,000000 0,000000
705 1675462636 2,800000 -1,000000 -101,000000 0,000000 0,000000
705 1675462637 2,800000 -1,000000 -101,000000 0,000000 0,000000
705 1675462638 2,800000 -1,000000 -101,000000 0,000000 0,000000
705 1675462639 2,800000 -1,000000 -101,000000 0,000000 0,000000
705 1675462640 2,800000 -1,000000 -101,000000 0,000000 0,000000
790 1675462465 0,200000 -1,000000 0,200000 0,200000 0,008000
790 1675462464 0,200000 -1,000000 0,200000 0,200000 0,008000
790 1675462463 0,200000 -1,000000 0,200000 0,200000 0,008000
790 1675462462 0,200000 -1,000000 0,200000 0,200000 0,008000
790 1675462461 0,200000 -1,000000 0,200000 0,200000 0,008000
790 1675462460 0,200000 -1,000000 0,200000 0,200000 0,008000
790 1675462459 0,200000 -1,000000 0,200000 0,200000 0,008000
790 1675462458 0,200000 -1,000000 0,200000 0,200000 0,008000
790 1675462457 0,200000 -1,000000 0,200000 0,200000 0,008000
790 1675462456 0,200000 -1,000000 0,200000 0,200000 0,008000
705 1675462700 1,800000 -1,000000 1,800000 1,800000 0,648000
705 1675462699 1,800000 -1,000000 1,800000 1,800000 0,648000
705 1675462698 1,800000 -1,000000 1,800000 1,800000 0,648000
705 1675462697 1,800000 -1,000000 1,800000 1,800000 0,648000
705 1675462696 1,800000 -1,000000 1,800000 1,800000 0,648000
705 1675462695 1,200000 -1,000000 1,200000 1,200000 0,288000
705 1675462694 1,200000 -1,000000 1,200000 1,200000 0,288000
705 1675462693 1,200000 -1,000000 1,200000 1,200000 0,288000
705 1675462692 1,200000 -1,000000 1,200000 1,200000 0,288000
705 1675462691 1,200000 -1,000000 1,200000 1,200000 0,288000
705 1675462690 4,000000 -1,000000 4,000000 4,000000 3,200000
705 1675462689 4,000000 -1,000000 4,000000 4,000000 3,200000
705 1675462688 4,000000 -1,000000 4,000000 4,000000 3,200000
705 1675462687 4,000000 -1,000000 4,000000 4,000000 3,200000
705 1675462686 4,000000 -1,000000 4,000000 4,000000 3,200000
705 1675462685 3,400000 -1,000000 3,400000 3,400000 2,312000
705 1675462684 3,400000 -1,000000 3,400000 3,400000 2,312000
705 1675462683 3,400000 -1,000000 3,400000 3,400000 2,312000
705 1675462682 3,400000 -1,000000 3,400000 3,400000 2,312000
705 1675462681 3,400000 -1,000000 3,400000 3,400000 2,312000
705 1675462680 2,400000 -1,000000 2,400000 2,400000 1,152000
705 1675462679 2,400000 -1,000000 2,400000 2,400000 1,152000
705 1675462678 2,400000 -1,000000 2,400000 2,400000 1,152000
705 1675462677 2,400000 -1,000000 2,400000 2,400000 1,152000
705 1675462676 2,400000 -1,000000 2,400000 2,400000 1,152000
705 1675462675 1,600000 -1,000000 1,600000 1,600000 0,512000
705 1675462674 1,600000 -1,000000 1,600000 1,600000 0,512000
705 1675462673 1,600000 -1,000000 1,600000 1,600000 0,512000
705 1675462672 1,600000 -1,000000 1,600000 1,600000 0,512000
705 1675462671 1,600000 -1,000000 1,600000 1,600000 0,512000
705 1675462670 0,600000 -1,000000 0,600000 0,600000 0,072000
705 1675462669 0,600000 -1,000000 0,600000 0,600000 0,072000
705 1675462668 0,600000 -1,000000 0,600000 0,600000 0,072000
705 1675462667 0,600000 -1,000000 0,600000 0,600000 0,072000
705 1675462666 0,600000 -1,000000 0,600000 0,600000 0,072000
705 1675462665 2,400000 -1,000000 2,400000 2,400000 1,152000
705 1675462664 2,400000 -1,000000 2,400000 2,400000 1,152000
705 1675462663 2,400000 -1,000000 2,400000 2,400000 1,152000
705 1675462662 2,400000 -1,000000 2,400000 2,400000 1,152000
705 1675462661 2,400000 -1,000000 2,400000 2,400000 1,152000
705 1675462660 5,800000 -1,000000 5,800000 5,800000 6,728000
705 1675462659 5,800000 -1,000000 5,800000 5,800000 6,728000
705 1675462658 5,800000 -1,000000 5,800000 5,800000 6,728000
705 1675462657 5,800000 -1,000000 5,800000 5,800000 6,728000
705 1675462656 5,800000 -1,000000 5,800000 5,800000 6,728000
705 1675462655 3,600000 -1,000000 3,600000 3,600000 2,592000
705 1675462654 3,600000 -1,000000 3,600000 3,600000 2,592000
705 1675462653 3,600000 -1,000000 3,600000 3,600000 2,592000
705 1675462652 3,600000 -1,000000 3,600000 3,600000 2,592000
705 1675462651 3,600000 -1,000000 3,600000 3,600000 2,592000
705 1675462650 5,200000 -1,000000 5,200000 5,200000 5,408000
705 1675462649 5,200000 -1,000000 5,200000 5,200000 5,408000
705 1675462648 5,200000 -1,000000 5,200000 5,200000 5,408000
705 1675462647 5,200000 -1,000000 5,200000 5,200000 5,408000
705 1675462646 5,200000 -1,000000 5,200000 5,200000 5,408000
705 1675462645 2,800000 -1,000000 2,800000 2,800000 1,568000
705 1675462644 2,800000 -1,000000 2,800000 2,800000 1,568000
705 1675462643 2,800000 -1,000000 2,800000 2,800000 1,568000
705 1675462642 2,800000 -1,000000 2,800000 2,800000 1,568000
705 1675462641 2,800000 -1,000000 2,800000 2,800000 1,568000
705 1675462641 2,800000 -1,000000 -101,000000 0,000000 0,000000
705 1675462642 2,800000 -1,000000 -101,000000 0,000000 0,000000
705 1675462643 2,800000 -1,000000 -101,000000 0,000000 0,000000
705 1675462644 2,800000 -1,000000 -101,000000 0,000000 0,000000
705 1675462645 2,800000 -1,000000 -101,000000 0,000000 0,000000
705 1675462646 5,200000 -1,000000 -101,000000 0,000000 0,000000
705 1675462647 5,200000 -1,000000 -101,000000 0,000000 0,000000
705 1675462648 5,200000 -1,000000 -101,000000 0,000000 0,000000
705 1675462649 5,200000 -1,000000 -101,000000 0,000000 0,000000
705 1675462650 5,200000 -1,000000 -101,000000 0,000000 0,000000
705 1675462651 3,600000 -1,000000 -101,000000 0,000000 0,000000
705 1675462652 3,600000 -1,000000 -101,000000 0,000000 0,000000
705 1675462653 3,600000 -1,000000 -101,000000 0,000000 0,000000
705 1675462654 3,600000 -1,000000 -101,000000 0,000000 0,000000
705 1675462655 3,600000 -1,000000 -101,000000 0,000000 0,000000
705 1675462656 5,800000 -1,000000 -101,000000 0,000000 0,000000
705 1675462657 5,800000 -1,000000 -101,000000 0,000000 0,000000
705 1675462658 5,800000 -1,000000 -101,000000 0,000000 0,000000
705 1675462659 5,800000 -1,000000 -101,000000 0,000000 0,000000
705 1675462660 5,800000 -1,000000 -101,000000 0,000000 0,000000
705 1675462661 2,400000 -1,000000 -101,000000 0,000000 0,000000
705 1675462662 2,400000 -1,000000 -101,000000 0,000000 0,000000
705 1675462663 2,400000 -1,000000 -101,000000 0,000000 0,000000
705 1675462664 2,400000 -1,000000 -101,000000 0,000000 0,000000
705 1675462665 2,400000 -1,000000 -101,000000 0,000000 0,000000
705 1675462666 0,600000 -1,000000 -101,000000 0,000000 0,000000
705 1675462667 0,600000 -1,000000 -101,000000 0,000000 0,000000
705 1675462668 0,600000 -1,000000 -101,000000 0,000000 0,000000
705 1675462669 0,600000 -1,000000 -101,000000 0,000000 0,000000
705 1675462670 0,600000 -1,000000 -101,000000 0,000000 0,000000
705 1675462671 1,600000 -1,000000 -101,000000 0,000000 0,000000
705 1675462672 1,600000 -1,000000 -101,000000 0,000000 0,000000
705 1675462673 1,600000 -1,000000 -101,000000 0,000000 0,000000
705 1675462674 1,600000 -1,000000 -101,000000 0,000000 0,000000
705 1675462675 1,600000 -1,000000 -101,000000 0,000000 0,000000
705 1675462676 2,400000 -1,000000 -101,000000 0,000000 0,000000
705 1675462677 2,400000 -1,000000 -101,000000 0,000000 0,000000
705 1675462678 2,400000 -1,000000 -101,000000 0,000000 0,000000
705 1675462679 2,400000 -1,000000 -101,000000 0,000000 0,000000
705 1675462680 2,400000 -1,000000 -101,000000 0,000000 0,000000
705 1675462681 3,400000 -1,000000 -101,000000 0,000000 0,000000
705 1675462682 3,400000 -1,000000 -101,000000 0,000000 0,000000
705 1675462683 3,400000 -1,000000 -101,000000 0,000000 0,000000
705 1675462684 3,400000 -1,000000 -101,000000 0,000000 0,000000
705 1675462685 3,400000 -1,000000 -101,000000 0,000000 0,000000
705 1675462686 4,000000 -1,000000 -101,000000 0,000000 0,000000
705 1675462687 4,000000 -1,000000 -101,000000 0,000000 0,000000
705 1675462688 4,000000 -1,000000 -101,000000 0,000000 0,000000
705 1675462689 4,000000 -1,000000 -101,000000 0,000000 0,000000
705 1675462690 4,000000 -1,000000 -101,000000 0,000000 0,000000
705 1675462691 1,200000 -1,000000 -101,000000 0,000000 0,000000
705 1675462692 1,200000 -1,000000 -101,000000 0,000000 0,000000
705 1675462693 1,200000 -1,000000 -101,000000 0,000000 0,000000
705 1675462694 1,200000 -1,000000 -101,000000 0,000000 0,000000
705 1675462695 1,200000 -1,000000 -101,000000 0,000000 0,000000
705 1675462696 1,800000 -1,000000 -101,000000 0,000000 0,000000
705 1675462697 1,800000 -1,000000 -101,000000 0,000000 0,000000
705 1675462698 1,800000 -1,000000 -101,000000 0,000000 0,000000
705 1675462699 1,800000 -1,000000 -101,000000 0,000000 0,000000
705 1675462700 1,800000 -1,000000 -101,000000 0,000000 0,000000
705 1675462701 2,000000 -1,000000 -101,000000 0,000000 0,000000
705 1675462702 2,000000 -1,000000 -101,000000 0,000000 0,000000
705 1675462703 2,000000 -1,000000 -101,000000 0,000000 0,000000
705 1675462704 2,000000 -1,000000 -101,000000 0,000000 0,000000
705 1675462705 2,000000 -1,000000 -101,000000 0,000000 0,000000
705 1675462706 3,000000 -1,000000 -101,000000 0,000000 0,000000
705 1675462707 3,000000 -1,000000 -101,000000 0,000000 0,000000
705 1675462708 3,000000 -1,000000 -101,000000 0,000000 0,000000
705 1675462709 3,000000 -1,000000 -101,000000 0,000000 0,000000
705 1675462710 3,000000 -1,000000 -101,000000 0,000000 0,000000
705 1675462711 0,600000 -1,000000 -101,000000 0,000000 0,000000
705 1675462712 0,600000 -1,000000 -101,000000 0,000000 0,000000
705 1675462713 0,600000 -1,000000 -101,000000 0,000000 0,000000
705 1675462714 0,600000 -1,000000 -101,000000 0,000000 0,000000
705 1675462715 0,600000 -1,000000 -101,000000 0,000000 0,000000
705 1675462716 0,400000 -1,000000 -101,000000 0,000000 0,000000
705 1675462717 0,400000 -1,000000 -101,000000 0,000000 0,000000
705 1675462718 0,400000 -1,000000 -101,000000 0,000000 0,000000
705 1675462719 0,400000 -1,000000 -101,000000 0,000000 0,000000
705 1675462720 0,400000 -1,000000 -101,000000 0,000000 0,000000
705 1675462721 1,600000 -1,000000 -101,000000 0,000000 0,000000
705 1675462722 1,600000 -1,000000 -101,000000 0,000000 0,000000
705 1675462723 1,600000 -1,000000 -101,000000 0,000000 0,000000
705 1675462724 1,600000 -1,000000 -101,000000 0,000000 0,000000
705 1675462725 1,600000 -1,000000 -101,000000 0,000000 0,000000
705 1675462736 1,600000 -1,000000 -101,000000 0,000000 0,000000
705 1675462737 1,600000 -1,000000 -101,000000 0,000000 0,000000
705 1675462738 1,600000 -1,000000 -101,000000 0,000000 0,000000
705 1675462739 1,600000 -1,000000 -101,000000 0,000000 0,000000
705 1675462740 1,600000 -1,000000 -101,000000 0,000000 0,000000
705 1675462741 3,600000 -1,000000 -101,000000 0,000000 0,000000
705 1675462742 3,600000 -1,000000 -101,000000 0,000000 0,000000
705 1675462743 3,600000 -1,000000 -101,000000 0,000000 0,000000
705 1675462744 3,600000 -1,000000 -101,000000 0,000000 0,000000
705 1675462745 3,600000 -1,000000 -101,000000 0,000000 0,000000
705 1675462746 5,600000 -1,000000 -101,000000 0,000000 0,000000
705 1675462747 5,600000 -1,000000 -101,000000 0,000000 0,000000
705 1675462748 5,600000 -1,000000 -101,000000 0,000000 0,000000
705 1675462749 5,600000 -1,000000 -101,000000 0,000000 0,000000
705 1675462750 5,600000 -1,000000 -101,000000 0,000000 0,000000
705 1675462751 5,400000 -1,000000 -101,000000 0,000000 0,000000
705 1675462752 5,400000 -1,000000 -101,000000 0,000000 0,000000
705 1675462753 5,400000 -1,000000 -101,000000 0,000000 0,000000
705 1675462754 5,400000 -1,000000 -101,000000 0,000000 0,000000
705 1675462755 5,400000 -1,000000 -101,000000 0,000000 0,000000
705 1675462756 3,600000 -1,000000 -101,000000 0,000000 0,000000
705 1675462757 3,600000 -1,000000 -101,000000 0,000000 0,000000
705 1675462758 3,600000 -1,000000 -101,000000 0,000000 0,000000
705 1675462759 3,600000 -1,000000 -101,000000 0,000000 0,000000
705 1675462760 3,600000 -1,000000 -101,000000 0,000000 0,000000
705 1675462761 5,600000 -1,000000 -101,000000 0,000000 0,000000
705 1675462762 5,600000 -1,000000 -101,000000 0,000000 0,000000
705 1675462763 5,600000 -1,000000 -101,000000 0,000000 0,000000
705 1675462764 5,600000 -1,000000 -101,000000 0,000000 0,000000
705 1675462765 5,600000 -1,000000 -101,000000 0,000000 0,000000
705 1675462766 3,800000 -1,000000 -101,000000 0,000000 0,000000
705 1675462767 3,800000 -1,000000 -101,000000 0,000000 0,000000
705 1675462768 3,800000 -1,000000 -101,000000 0,000000 0,000000
705 1675462769 3,800000 -1,000000 -101,000000 0,000000 0,000000
705 1675462770 3,800000 -1,000000 -101,000000 0,000000 0,000000
705 1675462771 5,000000 -1,000000 -101,000000 0,000000 0,000000
705 1675462772 5,000000 -1,000000 -101,000000 0,000000 0,000000
705 1675462773 5,000000 -1,000000 -101,000000 0,000000 0,000000
705 1675462774 5,000000 -1,000000 -101,000000 0,000000 0,000000
705 1675462775 5,000000 -1,000000 -101,000000 0,000000 0,000000
705 1675462776 3,200000 -1,000000 -101,000000 0,000000 0,000000
705 1675462777 3,200000 -1,000000 -101,000000 0,000000 0,000000
705 1675462778 3,200000 -1,000000 -101,000000 0,000000 0,000000
705 1675462779 3,200000 -1,000000 -101,000000 0,000000 0,000000
705 1675462780 3,200000 -1,000000 -101,000000 0,000000 0,000000
705 1675462781 3,200000 -1,000000 -101,000000 0,000000 0,000000
705 1675462782 3,200000 -1,000000 -101,000000 0,000000 0,000000
705 1675462783 3,200000 -1,000000 -101,000000 0,000000 0,000000
705 1675462784 3,200000 -1,000000 -101,000000 0,000000 0,000000
705 1675462785 3,200000 -1,000000 -101,000000 0,000000 0,000000
705 1675462786 1,200000 -1,000000 -101,000000 0,000000 0,000000
705 1675462787 1,200000 -1,000000 -101,000000 0,000000 0,000000
705 1675462788 1,200000 -1,000000 -101,000000 0,000000 0,000000
705 1675462789 1,200000 -1,000000 -101,000000 0,000000 0,000000
705 1675462790 1,200000 -1,000000 -101,000000 0,000000 0,000000
705 1675462791 0,200000 -1,000000 -101,000000 0,000000 0,000000
705 1675462792 0,200000 -1,000000 -101,000000 0,000000 0,000000
705 1675462793 0,200000 -1,000000 -101,000000 0,000000 0,000000
705 1675462794 0,200000 -1,000000 -101,000000 0,000000 0,000000
705 1675462795 0,200000 -1,000000 -101,000000 0,000000 0,000000
705 1675462796 0,200000 -1,000000 -101,000000 0,000000 0,000000
705 1675462797 0,200000 -1,000000 -101,000000 0,000000 0,000000
705 1675462798 0,200000 -1,000000 -101,000000 0,000000 0,000000
705 1675462799 0,200000 -1,000000 -101,000000 0,000000 0,000000
705 1675462800 0,200000 -1,000000 -101,000000 0,000000 0,000000
705 1675462821 0,400000 -1,000000 -101,000000 0,000000 0,000000
705 1675462822 0,400000 -1,000000 -101,000000 0,000000 0,000000
705 1675462823 0,400000 -1,000000 -101,000000 0,000000 0,000000
705 1675462824 0,400000 -1,000000 -101,000000 0,000000 0,000000
705 1675462825 0,400000 -1,000000 -101,000000 0,000000 0,000000
705 1675462826 4,800000 -1,000000 -101,000000 0,000000 0,000000
705 1675462827 4,800000 -1,000000 -101,000000 0,000000 0,000000
705 1675462828 4,800000 -1,000000 -101,000000 0,000000 0,000000
705 1675462829 4,800000 -1,000000 -101,000000 0,000000 0,000000
705 1675462830 4,800000 -1,000000 -101,000000 0,000000 0,000000
705 1675462831 6,800000 -1,000000 -101,000000 0,000000 0,000000
705 1675462832 6,800000 -1,000000 -101,000000 0,000000 0,000000
705 1675462833 6,800000 -1,000000 -101,000000 0,000000 0,000000
705 1675462834 6,800000 -1,000000 -101,000000 0,000000 0,000000
705 1675462835 6,800000 -1,000000 -101,000000 0,000000 0,000000
705 1675462836 8,000000 -1,000000 -101,000000 0,000000 0,000000
705 1675462837 8,000000 -1,000000 -101,000000 0,000000 0,000000
705 1675462838 8,000000 -1,000000 -101,000000 0,000000 0,000000
705 1675462839 8,000000 -1,000000 -101,000000 0,000000 0,000000
705 1675462840 8,000000 -1,000000 -101,000000 0,000000 0,000000
705 1675462841 1,600000 -1,000000 -101,000000 0,000000 0,000000
705 1675462842 1,600000 -1,000000 -101,000000 0,000000 0,000000
705 1675462843 1,600000 -1,000000 -101,000000 0,000000 0,000000
705 1675462844 1,600000 -1,000000 -101,000000 0,000000 0,000000
705 1675462845 1,600000 -1,000000 -101,000000 0,000000 0,000000
705 1675462846 3,000000 -1,000000 -101,000000 0,000000 0,000000
705 1675462847 3,000000 -1,000000 -101,000000 0,000000 0,000000
705 1675462848 3,000000 -1,000000 -101,000000 0,000000 0,000000
705 1675462849 3,000000 -1,000000 -101,000000 0,000000 0,000000
705 1675462850 3,000000 -1,000000 -101,000000 0,000000 0,000000
705 1675462851 5,400000 -1,000000 -101,000000 0,000000 0,000000
705 1675462852 5,400000 -1,000000 -101,000000 0,000000 0,000000
705 1675462853 5,400000 -1,000000 -101,000000 0,000000 0,000000
705 1675462854 5,400000 -1,000000 -101,000000 0,000000 0,000000
705 1675462855 5,400000 -1,000000 -101,000000 0,000000 0,000000
705 1675462856 7,000000 -1,000000 -101,000000 0,000000 0,000000
705 1675462857 7,000000 -1,000000 -101,000000 0,000000 0,000000
705 1675462858 7,000000 -1,000000 -101,000000 0,000000 0,000000
705 1675462859 7,000000 -1,000000 -101,000000 0,000000 0,000000
705 1675462860 7,000000 -1,000000 -101,000000 0,000000 0,000000
705 1675462861 2,400000 -1,000000 -101,000000 0,000000 0,000000
705 1675462862 2,400000 -1,000000 -101,000000 0,000000 0,000000
705 1675462863 2,400000 -1,000000 -101,000000 0,000000 0,000000
705 1675462864 2,400000 -1,000000 -101,000000 0,000000 0,000000
705 1675462865 2,400000 -1,000000 -101,000000 0,000000 0,000000
705 1675462866 2,400000 -1,000000 -101,000000 0,000000 0,000000
705 1675462867 2,400000 -1,000000 -101,000000 0,000000 0,000000
705 1675462868 2,400000 -1,000000 -101,000000 0,000000 0,000000
705 1675462869 2,400000 -1,000000 -101,000000 0,000000 0,000000
705 1675462870 2,400000 -1,000000 -101,000000 0,000000 0,000000
705 1675462871 5,000000 -1,000000 -101,000000 0,000000 0,000000
705 1675462872 5,000000 -1,000000 -101,000000 0,000000 0,000000
705 1675462873 5,000000 -1,000000 -101,000000 0,000000 0,000000
705 1675462874 5,000000 -1,000000 -101,000000 0,000000 0,000000
705 1675462875 5,000000 -1,000000 -101,000000 0,000000 0,000000
705 1675462876 7,200000 -1,000000 -101,000000 0,000000 0,000000
705 1675462877 7,200000 -1,000000 -101,000000 0,000000 0,000000
705 1675462878 7,200000 -1,000000 -101,000000 0,000000 0,000000
705 1675462879 7,200000 -1,000000 -101,000000 0,000000 0,000000
705 1675462880 7,200000 -1,000000 -101,000000 0,000000 0,000000
705 1675462881 2,000000 -1,000000 -101,000000 0,000000 0,000000
705 1675462882 2,000000 -1,000000 -101,000000 0,000000 0,000000
705 1675462883 2,000000 -1,000000 -101,000000 0,000000 0,000000
705 1675462884 2,000000 -1,000000 -101,000000 0,000000 0,000000
705 1675462885 2,000000 -1,000000 -101,000000 0,000000 0,000000
705 1675462886 3,000000 -1,000000 -101,000000 0,000000 0,000000
705 1675462887 3,000000 -1,000000 -101,000000 0,000000 0,000000
705 1675462888 3,000000 -1,000000 -101,000000 0,000000 0,000000
705 1675462889 3,000000 -1,000000 -101,000000 0,000000 0,000000
705 1675462890 3,000000 -1,000000 -101,000000 0,000000 0,000000
705 1675462891 1,600000 -1,000000 -101,000000 0,000000 0,000000
705 1675462892 1,600000 -1,000000 -101,000000 0,000000 0,000000
705 1675462893 1,600000 -1,000000 -101,000000 0,000000 0,000000
705 1675462894 1,600000 -1,000000 -101,000000 0,000000 0,000000
705 1675462895 1,600000 -1,000000 -101,000000 0,000000 0,000000
705 1675462896 5,000000 -1,000000 -101,000000 0,000000 0,000000
705 1675462897 5,000000 -1,000000 -101,000000 0,000000 0,000000
705 1675462898 5,000000 -1,000000 -101,000000 0,000000 0,000000
705 1675462899 5,000000 -1,000000 -101,000000 0,000000 0,000000
705 1675462900 5,000000 -1,000000 -101,000000 0,000000 0,000000
705 1675462901 2,000000 -1,000000 -101,000000 0,000000 0,000000
705 1675462902 2,000000 -1,000000 -101,000000 0,000000 0,000000
705 1675462903 2,000000 -1,000000 -101,000000 0,000000 0,000000
705 1675462904 2,000000 -1,000000 -101,000000 0,000000 0,000000
705 1675462905 2,000000 -1,000000 -101,000000 0,000000 0,000000
705 1675462906 2,200000 -1,000000 -101,000000 0,000000 0,000000
705 1675462907 2,200000 -1,000000 -101,000000 0,000000 0,000000
705 1675462908 2,200000 -1,000000 -101,000000 0,000000 0,000000
705 1675462909 2,200000 -1,000000 -101,000000 0,000000 0,000000
705 1675462910 2,200000 -1,000000 -101,000000 0,000000 0,000000
705 1675462911 3,000000 -1,000000 -101,000000 0,000000 0,000000
705 1675462912 3,000000 -1,000000 -101,000000 0,000000 0,000000
705 1675462913 3,000000 -1,000000 -101,000000 0,000000 0,000000
705 1675462914 3,000000 -1,000000 -101,000000 0,000000 0,000000
705 1675462915 3,000000 -1,000000 -101,000000 0,000000 0,000000
705 1675462916 1,200000 -1,000000 -101,000000 0,000000 0,000000
705 1675462917 1,200000 -1,000000 -101,000000 0,000000 0,000000
705 1675462918 1,200000 -1,000000 -101,000000 0,000000 0,000000
705 1675462919 1,200000 -1,000000 -101,000000 0,000000 0,000000
705 1675462920 1,200000 -1,000000 -101,000000 0,000000 0,000000
705 1675462921 1,000000 -1,000000 -101,000000 0,000000 0,000000
705 1675462922 1,000000 -1,000000 -101,000000 0,000000 0,000000
705 1675462923 1,000000 -1,000000 -101,000000 0,000000 0,000000
705 1675462924 1,000000 -1,000000 -101,000000 0,000000 0,000000
705 1675462925 1,000000 -1,000000 -101,000000 0,000000 0,000000
705 1675462926 3,600000 -1,000000 -101,000000 0,000000 0,000000
705 1675462927 3,600000 -1,000000 -101,000000 0,000000 0,000000
705 1675462928 3,600000 -1,000000 -101,000000 0,000000 0,000000
705 1675462929 3,600000 -1,000000 -101,000000 0,000000 0,000000
705 1675462930 3,600000 -1,000000 -101,000000 0,000000 0,000000
705 1675462931 4,400000 -1,000000 -101,000000 0,000000 0,000000
705 1675462932 4,400000 -1,000000 -101,000000 0,000000 0,000000
705 1675462933 4,400000 -1,000000 -101,000000 0,000000 0,000000
705 1675462934 4,400000 -1,000000 -101,000000 0,000000 0,000000
705 1675462935 4,400000 -1,000000 -101,000000 0,000000 0,000000
705 1675462936 3,200000 -1,000000 -101,000000 0,000000 0,000000
705 1675462937 3,200000 -1,000000 -101,000000 0,000000 0,000000
705 1675462938 3,200000 -1,000000 -101,000000 0,000000 0,000000
705 1675462939 3,200000 -1,000000 -101,000000 0,000000 0,000000
705 1675462940 3,200000 -1,000000 -101,000000 0,000000 0,000000
705 1675462941 3,400000 -1,000000 -101,000000 0,000000 0,000000
705 1675462942 3,400000 -1,000000 -101,000000 0,000000 0,000000
705 1675462943 3,400000 -1,000000 -101,000000 0,000000 0,000000
705 1675462944 3,400000 -1,000000 -101,000000 0,000000 0,000000
705 1675462945 3,400000 -1,000000 -101,000000 0,000000 0,000000
705 1675462946 4,400000 -1,000000 -101,000000 0,000000 0,000000
705 1675462947 4,400000 -1,000000 -101,000000 0,000000 0,000000
705 1675462948 4,400000 -1,000000 -101,000000 0,000000 0,000000
705 1675462949 4,400000 -1,000000 -101,000000 0,000000 0,000000
705 1675462950 4,400000 -1,000000 -101,000000 0,000000 0,000000
705 1675462951 4,600000 -1,000000 -101,000000 0,000000 0,000000
705 1675462952 4,600000 -1,000000 -101,000000 0,000000 0,000000
705 1675462953 4,600000 -1,000000 -101,000000 0,000000 0,000000
705 1675462954 4,600000 -1,000000 -101,000000 0,000000 0,000000
705 1675462955 4,600000 -1,000000 -101,000000 0,000000 0,000000
705 1675462956 5,000000 -1,000000 -101,000000 0,000000 0,000000
705 1675462957 5,000000 -1,000000 -101,000000 0,000000 0,000000
705 1675462958 5,000000 -1,000000 -101,000000 0,000000 0,000000
705 1675462959 5,000000 -1,000000 -101,000000 0,000000 0,000000
705 1675462960 5,000000 -1,000000 -101,000000 0,000000 0,000000
705 1675462961 3,400000 -1,000000 -101,000000 0,000000 0,000000
705 1675462962 3,400000 -1,000000 -101,000000 0,000000 0,000000
705 1675462963 3,400000 -1,000000 -101,000000 0,000000 0,000000
705 1675462964 3,400000 -1,000000 -101,000000 0,000000 0,000000
705 1675462965 3,400000 -1,000000 -101,000000 0,000000 0,000000
705 1675462966 1,800000 -1,000000 -101,000000 0,000000 0,000000
705 1675462967 1,800000 -1,000000 -101,000000 0,000000 0,000000
705 1675462968 1,800000 -1,000000 -101,000000 0,000000 0,000000
705 1675462969 1,800000 -1,000000 -101,000000 0,000000 0,000000
705 1675462970 1,800000 -1,000000 -101,000000 0,000000 0,000000
705 1675462971 2,000000 -1,000000 -101,000000 0,000000 0,000000
705 1675462972 2,000000 -1,000000 -101,000000 0,000000 0,000000
705 1675462973 2,000000 -1,000000 -101,000000 0,000000 0,000000
705 1675462974 2,000000 -1,000000 -101,000000 0,000000 0,000000
705 1675462975 2,000000 -1,000000 -101,000000 0,000000 0,000000
705 1675462976 0,800000 -1,000000 -101,000000 0,000000 0,000000
705 1675462977 0,800000 -1,000000 -101,000000 0,000000 0,000000
705 1675462978 0,800000 -1,000000 -101,000000 0,000000 0,000000
705 1675462979 0,800000 -1,000000 -101,000000 0,000000 0,000000
705 1675462980 0,800000 -1,000000 -101,000000 0,000000 0,000000
705 1675462981 2,200000 -1,000000 -101,000000 0,000000 0,000000
705 1675462982 2,200000 -1,000000 -101,000000 0,000000 0,000000
705 1675462983 2,200000 -1,000000 -101,000000 0,000000 0,000000
705 1675462984 2,200000 -1,000000 -101,000000 0,000000 0,000000
705 1675462985 2,200000 -1,000000 -101,000000 0,000000 0,000000
705 1675462986 7,400000 -1,000000 -101,000000 0,000000 0,000000
705 1675462987 7,400000 -1,000000 -101,000000 0,000000 0,000000
705 1675462988 7,400000 -1,000000 -101,000000 0,000000 0,000000
705 1675462989 7,400000 -1,000000 -101,000000 0,000000 0,000000
705 1675462990 7,400000 -1,000000 -101,000000 0,000000 0,000000
705 1675462991 4,000000 -1,000000 -101,000000 0,000000 0,000000
705 1675462992 4,000000 -1,000000 -101,000000 0,000000 0,000000
705 1675462993 4,000000 -1,000000 -101,000000 0,000000 0,000000
705 1675462994 4,000000 -1,000000 -101,000000 0,000000 0,000000
705 1675462995 4,000000 -1,000000 -101,000000 0,000000 0,000000
705 1675462996 2,200000 -1,000000 -101,000000 0,000000 0,000000
705 1675462997 2,200000 -1,000000 -101,000000 0,000000 0,000000
705 1675462998 2,200000 -1,000000 -101,000000 0,000000 0,000000
705 1675462999 2,200000 -1,000000 -101,000000 0,000000 0,000000
705 1675463000 2,200000 -1,000000 -101,000000 0,000000 0,000000
705 1675463001 4,000000 -1,000000 -101,000000 0,000000 0,000000
705 1675463002 4,000000 -1,000000 -101,000000 0,000000 0,000000
705 1675463003 4,000000 -1,000000 -101,000000 0,000000 0,000000
705 1675463004 4,000000 -1,000000 -101,000000 0,000000 0,000000
705 1675463005 4,000000 -1,000000 -101,000000 0,000000 0,000000
705 1675463006 3,400000 -1,000000 -101,000000 0,000000 0,000000
705 1675463007 3,400000 -1,000000 -101,000000 0,000000 0,000000
705 1675463008 3,400000 -1,000000 -101,000000 0,000000 0,000000
705 1675463009 3,400000 -1,000000 -101,000000 0,000000 0,000000
705 1675463010 3,400000 -1,000000 -101,000000 0,000000 0,000000
705 1675463011 1,600000 -1,000000 -101,000000 0,000000 0,000000
705 1675463012 1,600000 -1,000000 -101,000000 0,000000 0,000000
705 1675463013 1,600000 -1,000000 -101,000000 0,000000 0,000000
705 1675463014 1,600000 -1,000000 -101,000000 0,000000 0,000000
705 1675463015 1,600000 -1,000000 -101,000000 0,000000 0,000000
705 1675463016 1,800000 -1,000000 -101,000000 0,000000 0,000000
705 1675463017 1,800000 -1,000000 -101,000000 0,000000 0,000000
705 1675463018 1,800000 -1,000000 -101,000000 0,000000 0,000000
705 1675463019 1,800000 -1,000000 -101,000000 0,000000 0,000000
705 1675463020 1,800000 -1,000000 -101,000000 0,000000 0,000000
705 1675463021 4,800000 -1,000000 -101,000000 0,000000 0,000000
705 1675463022 4,800000 -1,000000 -101,000000 0,000000 0,000000
705 1675463023 4,800000 -1,000000 -101,000000 0,000000 0,000000
705 1675463024 4,800000 -1,000000 -101,000000 0,000000 0,000000
705 1675463025 4,800000 -1,000000 -101,000000 0,000000 0,000000
705 1675463026 1,600000 -1,000000 -101,000000 0,000000 0,000000
705 1675463027 1,600000 -1,000000 -101,000000 0,000000 0,000000
705 1675463028 1,600000 -1,000000 -101,000000 0,000000 0,000000
705 1675463029 1,600000 -1,000000 -101,000000 0,000000 0,000000
705 1675463030 1,600000 -1,000000 -101,000000 0,000000 0,000000
705 1675463031 1,800000 -1,000000 -101,000000 0,000000 0,000000
705 1675463032 1,800000 -1,000000 -101,000000 0,000000 0,000000
705 1675463033 1,800000 -1,000000 -101,000000 0,000000 0,000000
705 1675463034 1,800000 -1,000000 -101,000000 0,000000 0,000000
705 1675463035 1,800000 -1,000000 -101,000000 0,000000 0,000000
705 1675463036 1,000000 -1,000000 -101,000000 0,000000 0,000000
705 1675463037 1,000000 -1,000000 -101,000000 0,000000 0,000000
705 1675463038 1,000000 -1,000000 -101,000000 0,000000 0,000000
705 1675463039 1,000000 -1,000000 -101,000000 0,000000 0,000000
705 1675463040 1,000000 -1,000000 -101,000000 0,000000 0,000000
705 1675463041 1,800000 -1,000000 -101,000000 0,000000 0,000000
705 1675463042 1,800000 -1,000000 -101,000000 0,000000 0,000000
705 1675463043 1,800000 -1,000000 -101,000000 0,000000 0,000000
705 1675463044 1,800000 -1,000000 -101,000000 0,000000 0,000000
705 1675463045 1,800000 -1,000000 -101,000000 0,000000 0,000000
705 1675463046 2,800000 -1,000000 -101,000000 0,000000 0,000000
705 1675463047 2,800000 -1,000000 -101,000000 0,000000 0,000000
705 1675463048 2,800000 -1,000000 -101,000000 0,000000 0,000000
705 1675463049 2,800000 -1,000000 -101,000000 0,000000 0,000000
705 1675463050 2,800000 -1,000000 -101,000000 0,000000 0,000000
705 1675463051 3,200000 -1,000000 -101,000000 0,000000 0,000000
705 1675463052 3,200000 -1,000000 -101,000000 0,000000 0,000000
705 1675463053 3,200000 -1,000000 -101,000000 0,000000 0,000000
705 1675463054 3,200000 -1,000000 -101,000000 0,000000 0,000000
705 1675463055 3,200000 -1,000000 -101,000000 0,000000 0,000000
705 1675463056 5,600000 -1,000000 -101,000000 0,000000 0,000000
705 1675463057 5,600000 -1,000000 -101,000000 0,000000 0,000000
705 1675463058 5,600000 -1,000000 -101,000000 0,000000 0,000000
705 1675463059 5,600000 -1,000000 -101,000000 0,000000 0,000000
705 1675463060 5,600000 -1,000000 -101,000000 0,000000 0,000000
705 1675463061 7,800000 -1,000000 -101,000000 0,000000 0,000000
705 1675463062 7,800000 -1,000000 -101,000000 0,000000 0,000000
705 1675463063 7,800000 -1,000000 -101,000000 0,000000 0,000000
705 1675463064 7,800000 -1,000000 -101,000000 0,000000 0,000000
705 1675463065 7,800000 -1,000000 -101,000000 0,000000 0,000000
705 1675463066 3,000000 -1,000000 -101,000000 0,000000 0,000000
705 1675463067 3,000000 -1,000000 -101,000000 0,000000 0,000000
705 1675463068 3,000000 -1,000000 -101,000000 0,000000 0,000000
705 1675463069 3,000000 -1,000000 -101,000000 0,000000 0,000000
705 1675463070 3,000000 -1,000000 -101,000000 0,000000 0,000000
705 1675463071 2,600000 -1,000000 -101,000000 0,000000 0,000000
705 1675463072 2,600000 -1,000000 -101,000000 0,000000 0,000000
705 1675463073 2,600000 -1,000000 -101,000000 0,000000 0,000000
705 1675463074 2,600000 -1,000000 -101,000000 0,000000 0,000000
705 1675463075 2,600000 -1,000000 -101,000000 0,000000 0,000000
705 1675463076 3,000000 -1,000000 -101,000000 0,000000 0,000000
705 1675463077 3,000000 -1,000000 -101,000000 0,000000 0,000000
705 1675463078 3,000000 -1,000000 -101,000000 0,000000 0,000000
705 1675463079 3,000000 -1,000000 -101,000000 0,000000 0,000000
705 1675463080 3,000000 -1,000000 -101,000000 0,000000 0,000000
705 1675463081 5,000000 -1,000000 -101,000000 0,000000 0,000000
705 1675463082 5,000000 -1,000000 -101,000000 0,000000 0,000000
705 1675463083 5,000000 -1,000000 -101,000000 0,000000 0,000000
705 1675463084 5,000000 -1,000000 -101,000000 0,000000 0,000000
705 1675463085 5,000000 -1,000000 -101,000000 0,000000 0,000000
705 1675463086 0,400000 -1,000000 -101,000000 0,000000 0,000000
705 1675463087 0,400000 -1,000000 -101,000000 0,000000 0,000000
705 1675463088 0,400000 -1,000000 -101,000000 0,000000 0,000000
705 1675463089 0,400000 -1,000000 -101,000000 0,000000 0,000000
705 1675463090 0,400000 -1,000000 -101,000000 0,000000 0,000000
705 1675463091 3,200000 -1,000000 -101,000000 0,000000 0,000000
705 1675463092 3,200000 -1,000000 -101,000000 0,000000 0,000000
705 1675463093 3,200000 -1,000000 -101,000000 0,000000 0,000000
705 1675463094 3,200000 -1,000000 -101,000000 0,000000 0,000000
705 1675463095 3,200000 -1,000000 -101,000000 0,000000 0,000000
705 1675463096 2,800000 -1,000000 -101,000000 0,000000 0,000000
705 1675463097 2,800000 -1,000000 -101,000000 0,000000 0,000000
705 1675463098 2,800000 -1,000000 -101,000000 0,000000 0,000000
705 1675463099 2,800000 -1,000000 -101,000000 0,000000 0,000000
705 1675463100 2,800000 -1,000000 -101,000000 0,000000 0,000000
705 1675463101 1,400000 -1,000000 -101,000000 0,000000 0,000000
705 1675463102 1,400000 -1,000000 -101,000000 0,000000 0,000000
705 1675463103 1,400000 -1,000000 -101,000000 0,000000 0,000000
705 1675463104 1,400000 -1,000000 -101,000000 0,000000 0,000000
705 1675463105 1,400000 -1,000000 -101,000000 0,000000 0,000000
705 1675463106 1,200000 -1,000000 -101,000000 0,000000 0,000000
705 1675463107 1,200000 -1,000000 -101,000000 0,000000 0,000000
705 1675463108 1,200000 -1,000000 -101,000000 0,000000 0,000000
705 1675463109 1,200000 -1,000000 -101,000000 0,000000 0,000000
705 1675463110 1,200000 -1,000000 -101,000000 0,000000 0,000000
705 1675463111 2,600000 -1,000000 -101,000000 0,000000 0,000000
705 1675463112 2,600000 -1,000000 -101,000000 0,000000 0,000000
705 1675463113 2,600000 -1,000000 -101,000000 0,000000 0,000000
705 1675463114 2,600000 -1,000000 -101,000000 0,000000 0,000000
705 1675463115 2,600000 -1,000000 -101,000000 0,000000 0,000000
705 1675463116 4,000000 -1,000000 -101,000000 0,000000 0,000000
705 1675463117 4,000000 -1,000000 -101,000000 0,000000 0,000000
705 1675463118 4,000000 -1,000000 -101,000000 0,000000 0,000000
705 1675463119 4,000000 -1,000000 -101,000000 0,000000 0,000000
705 1675463120 4,000000 -1,000000 -101,000000 0,000000 0,000000
705 1675463121 4,800000 -1,000000 -101,000000 0,000000 0,000000
705 1675463122 4,800000 -1,000000 -101,000000 0,000000 0,000000
705 1675463123 4,800000 -1,000000 -101,000000 0,000000 0,000000
705 1675463124 4,800000 -1,000000 -101,000000 0,000000 0,000000
705 1675463125 4,800000 -1,000000 -101,000000 0,000000 0,000000
705 1675463126 2,600000 -1,000000 -101,000000 0,000000 0,000000
705 1675463127 2,600000 -1,000000 -101,000000 0,000000 0,000000
705 1675463128 2,600000 -1,000000 -101,000000 0,000000 0,000000
705 1675463129 2,600000 -1,000000 -101,000000 0,000000 0,000000
705 1675463130 2,600000 -1,000000 -101,000000 0,000000 0,000000
705 1675463131 3,000000 -1,000000 -101,000000 0,000000 0,000000
705 1675463132 3,000000 -1,000000 -101,000000 0,000000 0,000000
705 1675463133 3,000000 -1,000000 -101,000000 0,000000 0,000000
705 1675463134 3,000000 -1,000000 -101,000000 0,000000 0,000000
705 1675463135 3,000000 -1,000000 -101,000000 0,000000 0,000000
705 1675463136 3,800000 -1,000000 -101,000000 0,000000 0,000000
705 1675463137 3,800000 -1,000000 -101,000000 0,000000 0,000000
705 1675463138 3,800000 -1,000000 -101,000000 0,000000 0,000000
705 1675463139 3,800000 -1,000000 -101,000000 0,000000 0,000000
705 1675463140 3,800000 -1,000000 -101,000000 0,000000 0,000000
705 1675463141 4,200000 -1,000000 -101,000000 0,000000 0,000000
705 1675463142 4,200000 -1,000000 -101,000000 0,000000 0,000000
705 1675463143 4,200000 -1,000000 -101,000000 0,000000 0,000000
705 1675463144 4,200000 -1,000000 -101,000000 0,000000 0,000000
705 1675463145 4,200000 -1,000000 -101,000000 0,000000 0,000000
705 1675463146 1,600000 -1,000000 -101,000000 0,000000 0,000000
705 1675463147 1,600000 -1,000000 -101,000000 0,000000 0,000000
705 1675463148 1,600000 -1,000000 -101,000000 0,000000 0,000000
705 1675463149 1,600000 -1,000000 -101,000000 0,000000 0,000000
705 1675463150 1,600000 -1,000000 -101,000000 0,000000 0,000000
705 1675463151 3,200000 -1,000000 -101,000000 0,000000 0,000000
705 1675463152 3,200000 -1,000000 -101,000000 0,000000 0,000000
705 1675463153 3,200000 -1,000000 -101,000000 0,000000 0,000000
705 1675463154 3,200000 -1,000000 -101,000000 0,000000 0,000000
705 1675463155 3,200000 -1,000000 -101,000000 0,000000 0,000000
705 1675463156 4,600000 -1,000000 -101,000000 0,000000 0,000000
705 1675463157 4,600000 -1,000000 -101,000000 0,000000 0,000000
705 1675463158 4,600000 -1,000000 -101,000000 0,000000 0,000000
705 1675463159 4,600000 -1,000000 -101,000000 0,000000 0,000000
705 1675463160 4,600000 -1,000000 -101,000000 0,000000 0,000000
705 1675463161 1,600000 -1,000000 -101,000000 0,000000 0,000000
705 1675463162 1,600000 -1,000000 -101,000000 0,000000 0,000000
705 1675463163 1,600000 -1,000000 -101,000000 0,000000 0,000000
705 1675463164 1,600000 -1,000000 -101,000000 0,000000 0,000000
705 1675463165 1,600000 -1,000000 -101,000000 0,000000 0,000000
705 1675463166 0,800000 -1,000000 -101,000000 0,000000 0,000000
705 1675463167 0,800000 -1,000000 -101,000000 0,000000 0,000000
705 1675463168 0,800000 -1,000000 -101,000000 0,000000 0,000000
705 1675463169 0,800000 -1,000000 -101,000000 0,000000 0,000000
705 1675463170 0,800000 -1,000000 -101,000000 0,000000 0,000000
705 1675463171 2,200000 -1,000000 -101,000000 0,000000 0,000000
705 1675463172 2,200000 -1,000000 -101,000000 0,000000 0,000000
705 1675463173 2,200000 -1,000000 -101,000000 0,000000 0,000000
705 1675463174 2,200000 -1,000000 -101,000000 0,000000 0,000000
705 1675463175 2,200000 -1,000000 -101,000000 0,000000 0,000000
705 1675463176 4,600000 -1,000000 -101,000000 0,000000 0,000000
705 1675463177 4,600000 -1,000000 -101,000000 0,000000 0,000000
705 1675463178 4,600000 -1,000000 -101,000000 0,000000 0,000000
705 1675463179 4,600000 -1,000000 -101,000000 0,000000 0,000000
705 1675463180 4,600000 -1,000000 -101,000000 0,000000 0,000000
705 1675463181 4,000000 -1,000000 -101,000000 0,000000 0,000000
705 1675463182 4,000000 -1,000000 -101,000000 0,000000 0,000000
705 1675463183 4,000000 -1,000000 -101,000000 0,000000 0,000000
705 1675463184 4,000000 -1,000000 -101,000000 0,000000 0,000000
705 1675463185 4,000000 -1,000000 -101,000000 0,000000 0,000000
705 1675463186 4,200000 -1,000000 -101,000000 0,000000 0,000000
790 1675462456 0,200000 -1,000000 -101,000000 0,000000 0,000000
790 1675462457 0,200000 -1,000000 -101,000000 0,000000 0,000000
790 1675462458 0,200000 -1,000000 -101,000000 0,000000 0,000000
790 1675462459 0,200000 -1,000000 -101,000000 0,000000 0,000000
790 1675462460 0,200000 -1,000000 -101,000000 0,000000 0,000000
790 1675462461 0,200000 -1,000000 -101,000000 0,000000 0,000000
790 1675462462 0,200000 -1,000000 -101,000000 0,000000 0,000000
790 1675462463 0,200000 -1,000000 -101,000000 0,000000 0,000000
790 1675462464 0,200000 -1,000000 -101,000000 0,000000 0,000000
790 1675462465 0,200000 -1,000000 -101,000000 0,000000 0,000000
705 1675463187 4,200000 -1,000000 -101,000000 0,000000 0,000000
705 1675463188 4,200000 -1,000000 -101,000000 0,000000 0,000000
705 1675463189 4,200000 -1,000000 -101,000000 0,000000 0,000000
705 1675463190 4,200000 -1,000000 -101,000000 0,000000 0,000000
705 1675463191 3,000000 -1,000000 -101,000000 0,000000 0,000000
705 1675463192 3,000000 -1,000000 -101,000000 0,000000 0,000000
705 1675463193 3,000000 -1,000000 -101,000000 0,000000 0,000000
705 1675463194 3,000000 -1,000000 -101,000000 0,000000 0,000000
705 1675463195 3,000000 -1,000000 -101,000000 0,000000 0,000000
705 1675463196 3,200000 -1,000000 -101,000000 0,000000 0,000000
705 1675463197 3,200000 -1,000000 -101,000000 0,000000 0,000000
705 1675463198 3,200000 -1,000000 -101,000000 0,000000 0,000000
705 1675463199 3,200000 -1,000000 -101,000000 0,000000 0,000000
705 1675463200 3,200000 -1,000000 -101,000000 0,000000 0,000000
705 1675463201 2,600000 -1,000000 -101,000000 0,000000 0,000000
705 1675463202 2,600000 -1,000000 -101,000000 0,000000 0,000000
705 1675463203 2,600000 -1,000000 -101,000000 0,000000 0,000000
705 1675463204 2,600000 -1,000000 -101,000000 0,000000 0,000000
705 1675463205 2,600000 -1,000000 -101,000000 0,000000 0,000000
705 1675463206 7,600000 -1,000000 -101,000000 0,000000 0,000000
705 1675463207 7,600000 -1,000000 -101,000000 0,000000 0,000000
705 1675463208 7,600000 -1,000000 -101,000000 0,000000 0,000000
705 1675463209 7,600000 -1,000000 -101,000000 0,000000 0,000000
705 1675463210 7,600000 -1,000000 -101,000000 0,000000 0,000000
705 1675463211 3,400000 -1,000000 -101,000000 0,000000 0,000000
705 1675463212 3,400000 -1,000000 -101,000000 0,000000 0,000000
705 1675463213 3,400000 -1,000000 -101,000000 0,000000 0,000000
705 1675463214 3,400000 -1,000000 -101,000000 0,000000 0,000000
705 1675463215 3,400000 -1,000000 -101,000000 0,000000 0,000000
705 1675463216 2,800000 -1,000000 -101,000000 0,000000 0,000000
705 1675463217 2,800000 -1,000000 -101,000000 0,000000 0,000000
705 1675463218 2,800000 -1,000000 -101,000000 0,000000 0,000000
705 1675463219 2,800000 -1,000000 -101,000000 0,000000 0,000000
705 1675463220 2,800000 -1,000000 -101,000000 0,000000 0,000000
705 1675463221 1,000000 -1,000000 -101,000000 0,000000 0,000000
705 1675463222 1,000000 -1,000000 -101,000000 0,000000 0,000000
705 1675463223 1,000000 -1,000000 -101,000000 0,000000 0,000000
705 1675463224 1,000000 -1,000000 -101,000000 0,000000 0,000000
705 1675463225 1,000000 -1,000000 -101,000000 0,000000 0,000000
705 1675463226 1,600000 -1,000000 -101,000000 0,000000 0,000000
705 1675463227 1,600000 -1,000000 -101,000000 0,000000 0,000000
705 1675463228 1,600000 -1,000000 -101,000000 0,000000 0,000000
705 1675463229 1,600000 -1,000000 -101,000000 0,000000 0,000000
705 1675463230 1,600000 -1,000000 -101,000000 0,000000 0,000000
705 1675463231 2,000000 -1,000000 -101,000000 0,000000 0,000000
705 1675463232 2,000000 -1,000000 -101,000000 0,000000 0,000000
705 1675463233 2,000000 -1,000000 -101,000000 0,000000 0,000000
705 1675463234 2,000000 -1,000000 -101,000000 0,000000 0,000000
705 1675463235 2,000000 -1,000000 -101,000000 0,000000 0,000000
705 1675463236 1,600000 -1,000000 -101,000000 0,000000 0,000000
705 1675463237 1,600000 -1,000000 -101,000000 0,000000 0,000000
705 1675463238 1,600000 -1,000000 -101,000000 0,000000 0,000000
705 1675463239 1,600000 -1,000000 -101,000000 0,000000 0,000000
705 1675463240 1,600000 -1,000000 -101,000000 0,000000 0,000000
705 1675463241 3,600000 -1,000000 -101,000000 0,000000 0,000000
705 1675463242 3,600000 -1,000000 -101,000000 0,000000 0,000000
705 1675463243 3,600000 -1,000000 -101,000000 0,000000 0,000000
705 1675463244 3,600000 -1,000000 -101,000000 0,000000 0,000000
705 1675463245 3,600000 -1,000000 -101,000000 0,000000 0,000000
705 1675463246 2,800000 -1,000000 -101,000000 0,000000 0,000000
705 1675463247 2,800000 -1,000000 -101,000000 0,000000 0,000000
705 1675463248 2,800000 -1,000000 -101,000000 0,000000 0,000000
705 1675463249 2,800000 -1,000000 -101,000000 0,000000 0,000000
705 1675463250 2,800000 -1,000000 -101,000000 0,000000 0,000000
705 1675463251 3,800000 -1,000000 -101,000000 0,000000 0,000000
705 1675463252 3,800000 -1,000000 -101,000000 0,000000 0,000000
705 1675463253 3,800000 -1,000000 -101,000000 0,000000 0,000000
705 1675463254 3,800000 -1,000000 -101,000000 0,000000 0,000000
705 1675463255 3,800000 -1,000000 -101,000000 0,000000 0,000000
705 1675463256 4,000000 -1,000000 -101,000000 0,000000 0,000000
705 1675463257 4,000000 -1,000000 -101,000000 0,000000 0,000000
705 1675463258 4,000000 -1,000000 -101,000000 0,000000 0,000000
705 1675463259 4,000000 -1,000000 -101,000000 0,000000 0,000000
705 1675463260 4,000000 -1,000000 -101,000000 0,000000 0,000000
705 1675463261 3,200000 -1,000000 -101,000000 0,000000 0,000000
705 1675463262 3,200000 -1,000000 -101,000000 0,000000 0,000000
705 1675463263 3,200000 -1,000000 -101,000000 0,000000 0,000000
705 1675463264 3,200000 -1,000000 -101,000000 0,000000 0,000000
705 1675463265 3,200000 -1,000000 -101,000000 0,000000 0,000000
705 1675463266 3,800000 -1,000000 -101,000000 0,000000 0,000000
705 1675463267 3,800000 -1,000000 -101,000000 0,000000 0,000000
705 1675463268 3,800000 -1,000000 -101,000000 0,000000 0,000000
705 1675463269 3,800000 -1,000000 -101,000000 0,000000 0,000000
705 1675463270 3,800000 -1,000000 -101,000000 0,000000 0,000000
705 1675463271 3,400000 -1,000000 -101,000000 0,000000 0,000000
705 1675463272 3,400000 -1,000000 -101,000000 0,000000 0,000000
705 1675463273 3,400000 -1,000000 -101,000000 0,000000 0,000000
705 1675463274 3,400000 -1,000000 -101,000000 0,000000 0,000000
705 1675463275 3,400000 -1,000000 -101,000000 0,000000 0,000000
705 1675463276 3,600000 -1,000000 -101,000000 0,000000 0,000000
705 1675463277 3,600000 -1,000000 -101,000000 0,000000 0,000000
705 1675463278 3,600000 -1,000000 -101,000000 0,000000 0,000000
705 1675463279 3,600000 -1,000000 -101,000000 0,000000 0,000000
705 1675463280 3,600000 -1,000000 -101,000000 0,000000 0,000000
705 1675463281 1,800000 -1,000000 -101,000000 0,000000 0,000000
705 1675463282 1,800000 -1,000000 -101,000000 0,000000 0,000000
705 1675463283 1,800000 -1,000000 -101,000000 0,000000 0,000000
705 1675463284 1,800000 -1,000000 -101,000000 0,000000 0,000000
705 1675463285 1,800000 -1,000000 -101,000000 0,000000 0,000000
705 1675463286 1,600000 -1,000000 -101,000000 0,000000 0,000000
705 1675463287 1,600000 -1,000000 -101,000000 0,000000 0,000000
705 1675463288 1,600000 -1,000000 -101,000000 0,000000 0,000000
705 1675463289 1,600000 -1,000000 -101,000000 0,000000 0,000000
705 1675463290 1,600000 -1,000000 -101,000000 0,000000 0,000000
705 1675463291 1,200000 -1,000000 -101,000000 0,000000 0,000000
705 1675463292 1,200000 -1,000000 -101,000000 0,000000 0,000000
705 1675463293 1,200000 -1,000000 -101,000000 0,000000 0,000000
705 1675463294 1,200000 -1,000000 -101,000000 0,000000 0,000000
705 1675463295 1,200000 -1,000000 -101,000000 0,000000 0,000000
705 1675463296 2,400000 -1,000000 -101,000000 0,000000 0,000000
705 1675463297 2,400000 -1,000000 -101,000000 0,000000 0,000000
705 1675463298 2,400000 -1,000000 -101,000000 0,000000 0,000000
705 1675463299 2,400000 -1,000000 -101,000000 0,000000 0,000000
705 1675463300 2,400000 -1,000000 -101,000000 0,000000 0,000000
705 1675463301 4,200000 -1,000000 -101,000000 0,000000 0,000000
705 1675463302 4,200000 -1,000000 -101,000000 0,000000 0,000000
705 1675463303 4,200000 -1,000000 -101,000000 0,000000 0,000000
705 1675463304 4,200000 -1,000000 -101,000000 0,000000 0,000000
705 1675463305 4,200000 -1,000000 -101,000000 0,000000 0,000000
705 1675463306 2,800000 -1,000000 -101,000000 0,000000 0,000000
705 1675463307 2,800000 -1,000000 -101,000000 0,000000 0,000000
705 1675463308 2,800000 -1,000000 -101,000000 0,000000 0,000000
705 1675463309 2,800000 -1,000000 -101,000000 0,000000 0,000000
705 1675463310 2,800000 -1,000000 -101,000000 0,000000 0,000000
705 1675463311 2,800000 -1,000000 -101,000000 0,000000 0,000000
705 1675463312 2,800000 -1,000000 -101,000000 0,000000 0,000000
705 1675463313 2,800000 -1,000000 -101,000000 0,000000 0,000000
705 1675463314 2,800000 -1,000000 -101,000000 0,000000 0,000000
705 1675463315 2,800000 -1,000000 -101,000000 0,000000 0,000000
705 1675463316 4,600000 -1,000000 -101,000000 0,000000 0,000000
705 1675463317 4,600000 -1,000000 -101,000000 0,000000 0,000000
705 1675463318 4,600000 -1,000000 -101,000000 0,000000 0,000000
705 1675463319 4,600000 -1,000000 -101,000000 0,000000 0,000000
705 1675463320 4,600000 -1,000000 -101,000000 0,000000 0,000000
705 1675463321 2,000000 -1,000000 -101,000000 0,000000 0,000000
705 1675463322 2,000000 -1,000000 -101,000000 0,000000 0,000000
705 1675463323 2,000000 -1,000000 -101,000000 0,000000 0,000000
705 1675463324 2,000000 -1,000000 -101,000000 0,000000 0,000000
705 1675463325 2,000000 -1,000000 -101,000000 0,000000 0,000000
705 1675463326 0,600000 -1,000000 -101,000000 0,000000 0,000000
705 1675463327 0,600000 -1,000000 -101,000000 0,000000 0,000000
705 1675463328 0,600000 -1,000000 -101,000000 0,000000 0,000000
705 1675463329 0,600000 -1,000000 -101,000000 0,000000 0,000000
705 1675463330 0,600000 -1,000000 -101,000000 0,000000 0,000000
705 1675463331 1,800000 -1,000000 -101,000000 0,000000 0,000000
705 1675463332 1,800000 -1,000000 -101,000000 0,000000 0,000000
705 1675463333 1,800000 -1,000000 -101,000000 0,000000 0,000000
705 1675463334 1,800000 -1,000000 -101,000000 0,000000 0,000000
705 1675463335 1,800000 -1,000000 -101,000000 0,000000 0,000000
705 1675463336 1,200000 -1,000000 -101,000000 0,000000 0,000000
705 1675463337 1,200000 -1,000000 -101,000000 0,000000 0,000000
705 1675463338 1,200000 -1,000000 -101,000000 0,000000 0,000000
705 1675463339 1,200000 -1,000000 -101,000000 0,000000 0,000000
705 1675463340 1,200000 -1,000000 -101,000000 0,000000 0,000000
705 1675463341 2,200000 -1,000000 -101,000000 0,000000 0,000000
705 1675463342 2,200000 -1,000000 -101,000000 0,000000 0,000000
705 1675463343 2,200000 -1,000000 -101,000000 0,000000 0,000000
705 1675463344 2,200000 -1,000000 -101,000000 0,000000 0,000000
705 1675463345 2,200000 -1,000000 -101,000000 0,000000 0,000000
705 1675463346 1,600000 -1,000000 -101,000000 0,000000 0,000000
705 1675463347 1,600000 -1,000000 -101,000000 0,000000 0,000000
705 1675463348 1,600000 -1,000000 -101,000000 0,000000 0,000000
705 1675463349 1,600000 -1,000000 -101,000000 0,000000 0,000000
705 1675463350 1,600000 -1,000000 -101,000000 0,000000 0,000000
705 1675463351 1,600000 -1,000000 -101,000000 0,000000 0,000000
705 1675463352 1,600000 -1,000000 -101,000000 0,000000 0,000000
705 1675463353 1,600000 -1,000000 -101,000000 0,000000 0,000000
705 1675463354 1,600000 -1,000000 -101,000000 0,000000 0,000000
705 1675463355 1,600000 -1,000000 -101,000000 0,000000 0,000000
705 1675463356 2,000000 -1,000000 -101,000000 0,000000 0,000000
705 1675463357 2,000000 -1,000000 -101,000000 0,000000 0,000000
705 1675463358 2,000000 -1,000000 -101,000000 0,000000 0,000000
705 1675463359 2,000000 -1,000000 -101,000000 0,000000 0,000000
705 1675463360 2,000000 -1,000000 -101,000000 0,000000 0,000000
705 1675463361 4,800000 -1,000000 -101,000000 0,000000 0,000000
705 1675463362 4,800000 -1,000000 -101,000000 0,000000 0,000000
705 1675463363 4,800000 -1,000000 -101,000000 0,000000 0,000000
705 1675463364 4,800000 -1,000000 -101,000000 0,000000 0,000000
705 1675463365 4,800000 -1,000000 -101,000000 0,000000 0,000000
705 1675463366 3,600000 -1,000000 -101,000000 0,000000 0,000000
705 1675463367 3,600000 -1,000000 -101,000000 0,000000 0,000000
705 1675463368 3,600000 -1,000000 -101,000000 0,000000 0,000000
705 1675463369 3,600000 -1,000000 -101,000000 0,000000 0,000000
705 1675463370 3,600000 -1,000000 -101,000000 0,000000 0,000000
705 1675463371 5,400000 -1,000000 -101,000000 0,000000 0,000000
705 1675463372 5,400000 -1,000000 -101,000000 0,000000 0,000000
705 1675463373 5,400000 -1,000000 -101,000000 0,000000 0,000000
705 1675463374 5,400000 -1,000000 -101,000000 0,000000 0,000000
705 1675463375 5,400000 -1,000000 -101,000000 0,000000 0,000000
705 1675463376 3,800000 -1,000000 -101,000000 0,000000 0,000000
705 1675463377 3,800000 -1,000000 -101,000000 0,000000 0,000000
705 1675463378 3,800000 -1,000000 -101,000000 0,000000 0,000000
705 1675463379 3,800000 -1,000000 -101,000000 0,000000 0,000000
705 1675463380 3,800000 -1,000000 -101,000000 0,000000 0,000000
705 1675463381 1,600000 -1,000000 -101,000000 0,000000 0,000000
705 1675463382 1,600000 -1,000000 -101,000000 0,000000 0,000000
705 1675463383 1,600000 -1,000000 -101,000000 0,000000 0,000000
705 1675463384 1,600000 -1,000000 -101,000000 0,000000 0,000000
705 1675463385 1,600000 -1,000000 -101,000000 0,000000 0,000000
705 1675463386 1,000000 -1,000000 -101,000000 0,000000 0,000000
705 1675463387 1,000000 -1,000000 -101,000000 0,000000 0,000000
705 1675463388 1,000000 -1,000000 -101,000000 0,000000 0,000000
705 1675463389 1,000000 -1,000000 -101,000000 0,000000 0,000000
705 1675463390 1,000000 -1,000000 -101,000000 0,000000 0,000000
705 1675463391 3,000000 -1,000000 -101,000000 0,000000 0,000000
705 1675463392 3,000000 -1,000000 -101,000000 0,000000 0,000000
705 1675463393 3,000000 -1,000000 -101,000000 0,000000 0,000000
705 1675463394 3,000000 -1,000000 -101,000000 0,000000 0,000000
705 1675463395 3,000000 -1,000000 -101,000000 0,000000 0,000000
705 1675463396 0,600000 -1,000000 -101,000000 0,000000 0,000000
705 1675463397 0,600000 -1,000000 -101,000000 0,000000 0,000000
705 1675463398 0,600000 -1,000000 -101,000000 0,000000 0,000000
705 1675463399 0,600000 -1,000000 -101,000000 0,000000 0,000000
705 1675463400 0,600000 -1,000000 -101,000000 0,000000 0,000000
705 1675463401 1,600000 -1,000000 -101,000000 0,000000 0,000000
705 1675463402 1,600000 -1,000000 -101,000000 0,000000 0,000000
705 1675463403 1,600000 -1,000000 -101,000000 0,000000 0,000000
705 1675463404 1,600000 -1,000000 -101,000000 0,000000 0,000000
705 1675463405 1,600000 -1,000000 -101,000000 0,000000 0,000000
705 1675463411 1,600000 -1,000000 -101,000000 0,000000 0,000000
705 1675463412 1,600000 -1,000000 -101,000000 0,000000 0,000000
705 1675463413 1,600000 -1,000000 -101,000000 0,000000 0,000000
705 1675463414 1,600000 -1,000000 -101,000000 0,000000 0,000000
705 1675463415 1,600000 -1,000000 -101,000000 0,000000 0,000000
705 1675463416 2,000000 -1,000000 -101,000000 0,000000 0,000000
705 1675463417 2,000000 -1,000000 -101,000000 0,000000 0,000000
705 1675463418 2,000000 -1,000000 -101,000000 0,000000 0,000000
705 1675463419 2,000000 -1,000000 -101,000000 0,000000 0,000000
705 1675463420 2,000000 -1,000000 -101,000000 0,000000 0,000000
705 1675463421 4,400000 -1,000000 -101,000000 0,000000 0,000000
705 1675463422 4,400000 -1,000000 -101,000000 0,000000 0,000000
705 1675463423 4,400000 -1,000000 -101,000000 0,000000 0,000000
705 1675463424 4,400000 -1,000000 -101,000000 0,000000 0,000000
705 1675463425 4,400000 -1,000000 -101,000000 0,000000 0,000000
705 1675463426 5,200000 -1,000000 -101,000000 0,000000 0,000000
705 1675463427 5,200000 -1,000000 -101,000000 0,000000 0,000000
705 1675463428 5,200000 -1,000000 -101,000000 0,000000 0,000000
705 1675463429 5,200000 -1,000000 -101,000000 0,000000 0,000000
705 1675463430 5,200000 -1,000000 -101,000000 0,000000 0,000000
705 1675463431 3,200000 -1,000000 -101,000000 0,000000 0,000000
705 1675463432 3,200000 -1,000000 -101,000000 0,000000 0,000000
705 1675463433 3,200000 -1,000000 -101,000000 0,000000 0,000000
705 1675463434 3,200000 -1,000000 -101,000000 0,000000 0,000000
705 1675463435 3,200000 -1,000000 -101,000000 0,000000 0,000000
705 1675463436 3,200000 -1,000000 -101,000000 0,000000 0,000000
705 1675463437 3,200000 -1,000000 -101,000000 0,000000 0,000000
705 1675463438 3,200000 -1,000000 -101,000000 0,000000 0,000000
705 1675463439 3,200000 -1,000000 -101,000000 0,000000 0,000000
705 1675463440 3,200000 -1,000000 -101,000000 0,000000 0,000000
705 1675463441 1,400000 -1,000000 -101,000000 0,000000 0,000000
705 1675463442 1,400000 -1,000000 -101,000000 0,000000 0,000000
705 1675463443 1,400000 -1,000000 -101,000000 0,000000 0,000000
705 1675463444 1,400000 -1,000000 -101,000000 0,000000 0,000000
705 1675463445 1,400000 -1,000000 -101,000000 0,000000 0,000000
705 1675463446 1,200000 -1,000000 -101,000000 0,000000 0,000000
705 1675463447 1,200000 -1,000000 -101,000000 0,000000 0,000000
705 1675463448 1,200000 -1,000000 -101,000000 0,000000 0,000000
705 1675463449 1,200000 -1,000000 -101,000000 0,000000 0,000000
705 1675463450 1,200000 -1,000000 -101,000000 0,000000 0,000000
705 1675463451 3,600000 -1,000000 -101,000000 0,000000 0,000000
705 1675463452 3,600000 -1,000000 -101,000000 0,000000 0,000000
705 1675463453 3,600000 -1,000000 -101,000000 0,000000 0,000000
705 1675463454 3,600000 -1,000000 -101,000000 0,000000 0,000000
705 1675463455 3,600000 -1,000000 -101,000000 0,000000 0,000000
705 1675463456 3,200000 -1,000000 -101,000000 0,000000 0,000000
705 1675463457 3,200000 -1,000000 -101,000000 0,000000 0,000000
705 1675463458 3,200000 -1,000000 -101,000000 0,000000 0,000000
705 1675463459 3,200000 -1,000000 -101,000000 0,000000 0,000000
705 1675463460 3,200000 -1,000000 -101,000000 0,000000 0,000000
705 1675463461 2,200000 -1,000000 -101,000000 0,000000 0,000000
705 1675463462 2,200000 -1,000000 -101,000000 0,000000 0,000000
705 1675463463 2,200000 -1,000000 -101,000000 0,000000 0,000000
705 1675463464 2,200000 -1,000000 -101,000000 0,000000 0,000000
705 1675463465 2,200000 -1,000000 -101,000000 0,000000 0,000000
705 1675463466 3,000000 -1,000000 -101,000000 0,000000 0,000000
705 1675463467 3,000000 -1,000000 -101,000000 0,000000 0,000000
705 1675463468 3,000000 -1,000000 -101,000000 0,000000 0,000000
705 1675463469 3,000000 -1,000000 -101,000000 0,000000 0,000000
705 1675463470 3,000000 -1,000000 -101,000000 0,000000 0,000000
705 1675463471 1,400000 -1,000000 -101,000000 0,000000 0,000000
705 1675463472 1,400000 -1,000000 -101,000000 0,000000 0,000000
705 1675463473 1,400000 -1,000000 -101,000000 0,000000 0,000000
705 1675463474 1,400000 -1,000000 -101,000000 0,000000 0,000000
705 1675463475 1,400000 -1,000000 -101,000000 0,000000 0,000000
705 1675463476 1,600000 -1,000000 -101,000000 0,000000 0,000000
705 1675463477 1,600000 -1,000000 -101,000000 0,000000 0,000000
705 1675463478 1,600000 -1,000000 -101,000000 0,000000 0,000000
705 1675463479 1,600000 -1,000000 -101,000000 0,000000 0,000000
705 1675463480 1,600000 -1,000000 -101,000000 0,000000 0,000000
705 1675463486 2,400000 -1,000000 -101,000000 0,000000 0,000000
705 1675463487 2,400000 -1,000000 -101,000000 0,000000 0,000000
705 1675463488 2,400000 -1,000000 -101,000000 0,000000 0,000000
705 1675463489 2,400000 -1,000000 -101,000000 0,000000 0,000000
705 1675463490 2,400000 -1,000000 -101,000000 0,000000 0,000000
705 1675463491 3,400000 -1,000000 -101,000000 0,000000 0,000000
705 1675463492 3,400000 -1,000000 -101,000000 0,000000 0,000000
705 1675463493 3,400000 -1,000000 -101,000000 0,000000 0,000000
705 1675463494 3,400000 -1,000000 -101,000000 0,000000 0,000000
705 1675463495 3,400000 -1,000000 -101,000000 0,000000 0,000000
705 1675463496 5,600000 -1,000000 -101,000000 0,000000 0,000000
705 1675463497 5,600000 -1,000000 -101,000000 0,000000 0,000000
705 1675463498 5,600000 -1,000000 -101,000000 0,000000 0,000000
705 1675463499 5,600000 -1,000000 -101,000000 0,000000 0,000000
705 1675463500 5,600000 -1,000000 -101,000000 0,000000 0,000000
705 1675463501 4,000000 -1,000000 -101,000000 0,000000 0,000000
705 1675463502 4,000000 -1,000000 -101,000000 0,000000 0,000000
705 1675463503 4,000000 -1,000000 -101,000000 0,000000 0,000000
705 1675463504 4,000000 -1,000000 -101,000000 0,000000 0,000000
705 1675463505 4,000000 -1,000000 -101,000000 0,000000 0,000000
705 1675463506 4,200000 -1,000000 -101,000000 0,000000 0,000000
705 1675463507 4,200000 -1,000000 -101,000000 0,000000 0,000000
705 1675463508 4,200000 -1,000000 -101,000000 0,000000 0,000000
705 1675463509 4,200000 -1,000000 -101,000000 0,000000 0,000000
705 1675463510 4,200000 -1,000000 -101,000000 0,000000 0,000000
705 1675463511 2,200000 -1,000000 -101,000000 0,000000 0,000000
705 1675463512 2,200000 -1,000000 -101,000000 0,000000 0,000000
705 1675463513 2,200000 -1,000000 -101,000000 0,000000 0,000000
705 1675463514 2,200000 -1,000000 -101,000000 0,000000 0,000000
705 1675463515 2,200000 -1,000000 -101,000000 0,000000 0,000000
705 1675463516 2,600000 -1,000000 -101,000000 0,000000 0,000000
705 1675463517 2,600000 -1,000000 -101,000000 0,000000 0,000000
705 1675463518 2,600000 -1,000000 -101,000000 0,000000 0,000000
705 1675463519 2,600000 -1,000000 -101,000000 0,000000 0,000000
705 1675463520 2,600000 -1,000000 -101,000000 0,000000 0,000000
705 1675463521 2,600000 -1,000000 -101,000000 0,000000 0,000000
705 1675463522 2,600000 -1,000000 -101,000000 0,000000 0,000000
705 1675463523 2,600000 -1,000000 -101,000000 0,000000 0,000000
705 1675463524 2,600000 -1,000000 -101,000000 0,000000 0,000000
705 1675463525 2,600000 -1,000000 -101,000000 0,000000 0,000000
705 1675463526 4,200000 -1,000000 -101,000000 0,000000 0,000000
705 1675463527 4,200000 -1,000000 -101,000000 0,000000 0,000000
705 1675463528 4,200000 -1,000000 -101,000000 0,000000 0,000000
705 1675463529 4,200000 -1,000000 -101,000000 0,000000 0,000000
