703 1675462121 1082,800000 -1,000000 -101,000000 0,000000 0,000000
703 1675462122 1082,800000 -1,000000 -101,000000 0,000000 0,000000
703 1675462123 1082,800000 -1,000000 -101,000000 0,000000 0,000000
703 1675462124 1082,800000 -1,000000 -101,000000 0,000000 0,000000
703 1675462125 1082,800000 -1,000000 -101,000000 0,000000 0,000000
703 1675462126 1571,400000 -1,000000 -101,000000 0,000000 0,000000
703 1675462127 1571,400000 -1,000000 -101,000000 0,000000 0,000000
703 1675462128 1571,400000 -1,000000 -101,000000 0,000000 0,000000
703 1675462129 1571,400000 -1,000000 -101,000000 0,000000 0,000000
703 1675462130 1571,400000 -1,000000 -101,000000 0,000000 0,000000
703 1675462131 2036,400000 -1,000000 -101,000000 0,000000 0,000000
703 1675462132 2036,400000 -1,000000 -101,000000 0,000000 0,000000
703 1675462133 2036,400000 -1,000000 -101,000000 0,000000 0,000000
703 1675462134 2036,400000 -1,000000 -101,000000 0,000000 0,000000
703 1675462135 2036,400000 -1,000000 -101,000000 0,000000 0,000000
703 1675462136 1856,200000 -1,000000 -101,000000 0,000000 0,000000
703 1675462137 1856,200000 -1,000000 -101,000000 0,000000 0,000000
703 1675462138 1856,200000 -1,000000 -101,000000 0,000000 0,000000
703 1675462139 1856,200000 -1,000000 -101,000000 0,000000 0,000000
703 1675462140 1856,200000 -1,000000 -101,000000 0,000000 0,000000
703 1675462141 3663,400000 -1,000000 -101,000000 0,000000 0,000000
703 1675462142 3663,400000 -1,000000 -101,000000 0,000000 0,000000
703 1675462143 3663,400000 -1,000000 -101,000000 0,000000 0,000000
703 1675462144 3663,400000 -1,000000 -101,000000 0,000000 0,000000
703 1675462145 3663,400000 -1,000000 -101,000000 0,000000 0,000000
703 1675462146 1106,400000 -1,000000 -101,000000 0,000000 0,000000
703 1675462147 1106,400000 -1,000000 -101,000000 0,000000 0,000000
703 1675462148 1106,400000 -1,000000 -101,000000 0,000000 0,000000
703 1675462149 1106,400000 -1,000000 -101,000000 0,000000 0,000000
703 1675462150 1106,400000 -1,000000 -101,000000 0,000000 0,000000
703 1675462151 20830,800000 -1,000000 -101,000000 0,000000 0,000000
703 1675462152 20830,800000 -1,000000 -101,000000 0,000000 0,000000
703 1675462153 20830,800000 -1,000000 -101,000000 0,000000 0,000000
703 1675462154 20830,800000 -1,000000 -101,000000 0,000000 0,000000
703 1675462155 20830,800000 -1,000000 -101,000000 0,000000 0,000000
703 1675462156 2127,600000 -1,000000 -101,000000 0,000000 0,000000
703 1675462157 2127,600000 -1,000000 -101,000000 0,000000 0,000000
703 1675462158 2127,600000 -1,000000 -101,000000 0,000000 0,000000
703 1675462159 2127,600000 -1,000000 -101,000000 0,000000 0,000000
703 1675462160 2127,600000 -1,000000 -101,000000 0,000000 0,000000
703 1675462161 18550,600000 -1,000000 -101,000000 0,000000 0,000000
703 1675462162 18550,600000 -1,000000 -101,000000 0,000000 0,000000
703 1675462163 18550,600000 -1,000000 -101,000000 0,000000 0,000000
703 1675462164 18550,600000 -1,000000 -101,000000 0,000000 0,000000
703 1675462165 18550,600000 -1,000000 -101,000000 0,000000 0,000000
703 1675462166 18025,400000 -1,000000 -101,000000 0,000000 0,000000
703 1675462167 18025,400000 -1,000000 -101,000000 0,000000 0,000000
703 1675462168 18025,400000 -1,000000 -101,000000 0,000000 0,000000
703 1675462169 18025,400000 -1,000000 -101,000000 0,000000 0,000000
703 1675462170 18025,400000 -1,000000 -101,000000 0,000000 0,000000
703 1675462171 1572,000000 -1,000000 -101,000000 0,000000 0,000000
703 1675462172 1572,000000 -1,000000 -101,000000 0,000000 0,000000
703 1675462173 1572,000000 -1,000000 -101,000000 0,000000 0,000000
703 1675462174 1572,000000 -1,000000 -101,000000 0,000000 0,000000
703 1675462175 1572,000000 -1,000000 -101,000000 0,000000 0,000000
703 1675462176 2036,400000 -1,000000 -101,000000 0,000000 0,000000
703 1675462177 2036,400000 -1,000000 -101,000000 0,000000 0,000000
703 1675462178 2036,400000 -1,000000 -101,000000 0,000000 0,000000
703 1675462179 2036,400000 -1,000000 -101,000000 0,000000 0,000000
703 1675462180 2036,400000 -1,000000 -101,000000 0,000000 0,000000
703 1675462181 2942,400000 -1,000000 -101,000000 0,000000 0,000000
703 1675462182 2942,400000 -1,000000 -101,000000 0,000000 0,000000
703 1675462183 2942,400000 -1,000000 -101,000000 0,000000 0,000000
703 1675462184 2942,400000 -1,000000 -101,000000 0,000000 0,000000
703 1675462185 2942,400000 -1,000000 -101,000000 0,000000 0,000000
703 1675462186 3739,800000 -1,000000 -101,000000 0,000000 0,000000
703 1675462187 3739,800000 -1,000000 -101,000000 0,000000 0,000000
703 1675462188 3739,800000 -1,000000 -101,000000 0,000000 0,000000
703 1675462189 3739,800000 -1,000000 -101,000000 0,000000 0,000000
703 1675462190 3739,800000 -1,000000 -101,000000 0,000000 0,000000
703 1675462191 4627,400000 -1,000000 -101,000000 0,000000 0,000000
703 1675462192 4627,400000 -1,000000 -101,000000 0,000000 0,000000
703 1675462193 4627,400000 -1,000000 -101,000000 0,000000 0,000000
703 1675462194 4627,400000 -1,000000 -101,000000 0,000000 0,000000
703 1675462195 4627,400000 -1,000000 -101,000000 0,000000 0,000000
703 1675462196 2633,600000 -1,000000 -101,000000 0,000000 0,000000
703 1675462197 2633,600000 -1,000000 -101,000000 0,000000 0,000000
703 1675462198 2633,600000 -1,000000 -101,000000 0,000000 0,000000
703 1675462199 2633,600000 -1,000000 -101,000000 0,000000 0,000000
703 1675462200 2633,600000 -1,000000 -101,000000 0,000000 0,000000
703 1675462201 3851,000000 -1,000000 -101,000000 0,000000 0,000000
703 1675462202 3851,000000 -1,000000 -101,000000 0,000000 0,000000
703 1675462203 3851,000000 -1,000000 -101,000000 0,000000 0,000000
703 1675462204 3851,000000 -1,000000 -101,000000 0,000000 0,000000
703 1675462205 3851,000000 -1,000000 -101,000000 0,000000 0,000000
703 1675462206 5239,400000 -1,000000 -101,000000 0,000000 0,000000
703 1675462207 5239,400000 -1,000000 -101,000000 0,000000 0,000000
703 1675462208 5239,400000 -1,000000 -101,000000 0,000000 0,000000
703 1675462209 5239,400000 -1,000000 -101,000000 0,000000 0,000000
703 1675462210 5239,400000 -1,000000 -101,000000 0,000000 0,000000
703 1675462211 35537,800000 -1,000000 -101,000000 0,000000 0,000000
703 1675462212 35537,800000 -1,000000 -101,000000 0,000000 0,000000
703 1675462213 35537,800000 -1,000000 -101,000000 0,000000 0,000000
703 1675462214 35537,800000 -1,000000 -101,000000 0,000000 0,000000
703 1675462215 35537,800000 -1,000000 -101,000000 0,000000 0,000000
703 1675462216 6521,800000 -1,000000 -101,000000 0,000000 0,000000
703 1675462217 6521,800000 -1,000000 -101,000000 0,000000 0,000000
703 1675462218 6521,800000 -1,000000 -101,000000 0,000000 0,000000
703 1675462219 6521,800000 -1,000000 -101,000000 0,000000 0,000000
703 1675462220 6521,800000 -1,000000 -101,000000 0,000000 0,000000
703 1675462221 17050,600000 -1,000000 -101,000000 0,000000 0,000000
703 1675462222 17050,600000 -1,000000 -101,000000 0,000000 0,000000
703 1675462223 17050,600000 -1,000000 -101,000000 0,000000 0,000000
703 1675462224 17050,600000 -1,000000 -101,000000 0,000000 0,000000
703 1675462225 17050,600000 -1,000000 -101,000000 0,000000 0,000000
703 1675462226 1640,800000 -1,000000 -101,000000 0,000000 0,000000
703 1675462227 1640,800000 -1,000000 -101,000000 0,000000 0,000000
703 1675462228 1640,800000 -1,000000 -101,000000 0,000000 0,000000
703 1675462229 1640,800000 -1,000000 -101,000000 0,000000 0,000000
703 1675462230 1640,800000 -1,000000 -101,000000 0,000000 0,000000
703 1675462231 3066,000000 -1,000000 -101,000000 0,000000 0,000000
703 1675462232 3066,000000 -1,000000 -101,000000 0,000000 0,000000
703 1675462233 3066,000000 -1,000000 -101,000000 0,000000 0,000000
703 1675462234 3066,000000 -1,000000 -101,000000 0,000000 0,000000
703 1675462235 3066,000000 -1,000000 -101,000000 0,000000 0,000000
703 1675462236 291,800000 -1,000000 -101,000000 0,000000 0,000000
703 1675462237 291,800000 -1,000000 -101,000000 0,000000 0,000000
703 1675462238 291,800000 -1,000000 -101,000000 0,000000 0,000000
703 1675462239 291,800000 -1,000000 -101,000000 0,000000 0,000000
703 1675462240 291,800000 -1,000000 -101,000000 0,000000 0,000000
703 1675462241 5903,200000 -1,000000 -101,000000 0,000000 0,000000
703 1675462242 5903,200000 -1,000000 -101,000000 0,000000 0,000000
703 1675462243 5903,200000 -1,000000 -101,000000 0,000000 0,000000
703 1675462244 5903,200000 -1,000000 -101,000000 0,000000 0,000000
703 1675462245 5903,200000 -1,000000 -101,000000 0,000000 0,000000
703 1675462246 6282,400000 -1,000000 -101,000000 0,000000 0,000000
703 1675462247 6282,400000 -1,000000 -101,000000 0,000000 0,000000
703 1675462248 6282,400000 -1,000000 -101,000000 0,000000 0,000000
703 1675462249 6282,400000 -1,000000 -101,000000 0,000000 0,000000
703 1675462250 6282,400000 -1,000000 -101,000000 0,000000 0,000000
703 1675462251 23680,200000 -1,000000 -101,000000 0,000000 0,000000
703 1675462252 23680,200000 -1,000000 -101,000000 0,000000 0,000000
703 1675462253 23680,200000 -1,000000 -101,000000 0,000000 0,000000
703 1675462254 23680,200000 -1,000000 -101,000000 0,000000 0,000000
703 1675462255 23680,200000 -1,000000 -101,000000 0,000000 0,000000
703 1675462256 22978,800000 -1,000000 -101,000000 0,000000 0,000000
703 1675462257 22978,800000 -1,000000 -101,000000 0,000000 0,000000
703 1675462258 22978,800000 -1,000000 -101,000000 0,000000 0,000000
703 1675462259 22978,800000 -1,000000 -101,000000 0,000000 0,000000
703 1675462260 22978,800000 -1,000000 -101,000000 0,000000 0,000000
703 1675462261 16001,400000 -1,000000 -101,000000 0,000000 0,000000
703 1675462262 16001,400000 -1,000000 -101,000000 0,000000 0,000000
703 1675462263 16001,400000 -1,000000 -101,000000 0,000000 0,000000
703 1675462264 16001,400000 -1,000000 -101,000000 0,000000 0,000000
703 1675462265 16001,400000 -1,000000 -101,000000 0,000000 0,000000
703 1675462266 14878,800000 -1,000000 -101,000000 0,000000 0,000000
703 1675462267 14878,800000 -1,000000 -101,000000 0,000000 0,000000
703 1675462268 14878,800000 -1,000000 -101,000000 0,000000 0,000000
703 1675462269 14878,800000 -1,000000 -101,000000 0,000000 0,000000
703 1675462270 14878,800000 -1,000000 -101,000000 0,000000 0,000000
703 1675462271 19407,200000 -1,000000 -101,000000 0,000000 0,000000
703 1675462272 19407,200000 -1,000000 -101,000000 0,000000 0,000000
703 1675462273 19407,200000 -1,000000 -101,000000 0,000000 0,000000
703 1675462274 19407,200000 -1,000000 -101,000000 0,000000 0,000000
703 1675462275 19407,200000 -1,000000 -101,000000 0,000000 0,000000
703 1675462276 18828,000000 -1,000000 -101,000000 0,000000 0,000000
703 1675462277 18828,000000 -1,000000 -101,000000 0,000000 0,000000
703 1675462278 18828,000000 -1,000000 -101,000000 0,000000 0,000000
703 1675462279 18828,000000 -1,000000 -101,000000 0,000000 0,000000
703 1675462280 18828,000000 -1,000000 -101,000000 0,000000 0,000000
703 1675462281 3409,000000 -1,000000 -101,000000 0,000000 0,000000
703 1675462282 3409,000000 -1,000000 -101,000000 0,000000 0,000000
703 1675462283 3409,000000 -1,000000 -101,000000 0,000000 0,000000
703 1675462284 3409,000000 -1,000000 -101,000000 0,000000 0,000000
703 1675462285 3409,000000 -1,000000 -101,000000 0,000000 0,000000
703 1675462286 18475,000000 -1,000000 -101,000000 0,000000 0,000000
703 1675462287 18475,000000 -1,000000 -101,000000 0,000000 0,000000
703 1675462288 18475,000000 -1,000000 -101,000000 0,000000 0,000000
703 1675462289 18475,000000 -1,000000 -101,000000 0,000000 0,000000
703 1675462290 18475,000000 -1,000000 -101,000000 0,000000 0,000000
703 1675462291 5658,800000 -1,000000 -101,000000 0,000000 0,000000
703 1675462292 5658,800000 -1,000000 -101,000000 0,000000 0,000000
703 1675462293 5658,800000 -1,000000 -101,000000 0,000000 0,000000
703 1675462294 5658,800000 -1,000000 -101,000000 0,000000 0,000000
703 1675462295 5658,800000 -1,000000 -101,000000 0,000000 0,000000
703 1675462296 1062,400000 -1,000000 -101,000000 0,000000 0,000000
703 1675462297 1062,400000 -1,000000 -101,000000 0,000000 0,000000
703 1675462298 1062,400000 -1,000000 -101,000000 0,000000 0,000000
703 1675462299 1062,400000 -1,000000 -101,000000 0,000000 0,000000
703 1675462300 1062,400000 -1,000000 -101,000000 0,000000 0,000000
703 1675462301 4333,000000 -1,000000 -101,000000 0,000000 0,000000
703 1675462302 4333,000000 -1,000000 -101,000000 0,000000 0,000000
703 1675462303 4333,000000 -1,000000 -101,000000 0,000000 0,000000
703 1675462304 4333,000000 -1,000000 -101,000000 0,000000 0,000000
703 1675462305 4333,000000 -1,000000 -101,000000 0,000000 0,000000
703 1675462306 4704,600000 -1,000000 -101,000000 0,000000 0,000000
703 1675462307 4704,600000 -1,000000 -101,000000 0,000000 0,000000
703 1675462308 4704,600000 -1,000000 -101,000000 0,000000 0,000000
703 1675462309 4704,600000 -1,000000 -101,000000 0,000000 0,000000
703 1675462310 4704,600000 -1,000000 -101,000000 0,000000 0,000000
703 1675462311 3433,600000 -1,000000 -101,000000 0,000000 0,000000
703 1675462312 3433,600000 -1,000000 -101,000000 0,000000 0,000000
703 1675462313 3433,600000 -1,000000 -101,000000 0,000000 0,000000
703 1675462314 3433,600000 -1,000000 -101,000000 0,000000 0,000000
703 1675462315 3433,600000 -1,000000 -101,000000 0,000000 0,000000
703 1675462316 7806,800000 -1,000000 -101,000000 0,000000 0,000000
703 1675462317 7806,800000 -1,000000 -101,000000 0,000000 0,000000
703 1675462318 7806,800000 -1,000000 -101,000000 0,000000 0,000000
703 1675462319 7806,800000 -1,000000 -101,000000 0,000000 0,000000
703 1675462320 7806,800000 -1,000000 -101,000000 0,000000 0,000000
703 1675462321 5762,600000 -1,000000 -101,000000 0,000000 0,000000
703 1675462322 5762,600000 -1,000000 -101,000000 0,000000 0,000000
703 1675462323 5762,600000 -1,000000 -101,000000 0,000000 0,000000
703 1675462324 5762,600000 -1,000000 -101,000000 0,000000 0,000000
703 1675462325 5762,600000 -1,000000 -101,000000 0,000000 0,000000
703 1675462326 6839,400000 -1,000000 -101,000000 0,000000 0,000000
703 1675462327 6839,400000 -1,000000 -101,000000 0,000000 0,000000
703 1675462328 6839,400000 -1,000000 -101,000000 0,000000 0,000000
703 1675462329 6839,400000 -1,000000 -101,000000 0,000000 0,000000
703 1675462330 6839,400000 -1,000000 -101,000000 0,000000 0,000000
703 1675462331 14908,600000 -1,000000 -101,000000 0,000000 0,000000
703 1675462332 14908,600000 -1,000000 -101,000000 0,000000 0,000000
703 1675462333 14908,600000 -1,000000 -101,000000 0,000000 0,000000
703 1675462334 14908,600000 -1,000000 -101,000000 0,000000 0,000000
703 1675462335 14908,600000 -1,000000 -101,000000 0,000000 0,000000
703 1675462336 13888,200000 -1,000000 -101,000000 0,000000 0,000000
703 1675462337 13888,200000 -1,000000 -101,000000 0,000000 0,000000
703 1675462338 13888,200000 -1,000000 -101,000000 0,000000 0,000000
703 1675462339 13888,200000 -1,000000 -101,000000 0,000000 0,000000
703 1675462340 13888,200000 -1,000000 -101,000000 0,000000 0,000000
703 1675462341 3012,000000 -1,000000 -101,000000 0,000000 0,000000
703 1675462342 3012,000000 -1,000000 -101,000000 0,000000 0,000000
703 1675462343 3012,000000 -1,000000 -101,000000 0,000000 0,000000
703 1675462344 3012,000000 -1,000000 -101,000000 0,000000 0,000000
703 1675462345 3012,000000 -1,000000 -101,000000 0,000000 0,000000
703 1675462346 18172,400000 -1,000000 -101,000000 0,000000 0,000000
703 1675462347 18172,400000 -1,000000 -101,000000 0,000000 0,000000
703 1675462348 18172,400000 -1,000000 -101,000000 0,000000 0,000000
703 1675462349 18172,400000 -1,000000 -101,000000 0,000000 0,000000
703 1675462350 18172,400000 -1,000000 -101,000000 0,000000 0,000000
703 1675462351 15433,000000 -1,000000 -101,000000 0,000000 0,000000
703 1675462352 15433,000000 -1,000000 -101,000000 0,000000 0,000000
703 1675462353 15433,000000 -1,000000 -101,000000 0,000000 0,000000
703 1675462354 15433,000000 -1,000000 -101,000000 0,000000 0,000000
703 1675462355 15433,000000 -1,000000 -101,000000 0,000000 0,000000
703 1675462356 15236,800000 -1,000000 -101,000000 0,000000 0,000000
703 1675462357 15236,800000 -1,000000 -101,000000 0,000000 0,000000
703 1675462358 15236,800000 -1,000000 -101,000000 0,000000 0,000000
703 1675462359 15236,800000 -1,000000 -101,000000 0,000000 0,000000
703 1675462360 15236,800000 -1,000000 -101,000000 0,000000 0,000000
703 1675462361 3211,000000 -1,000000 -101,000000 0,000000 0,000000
703 1675462362 3211,000000 -1,000000 -101,000000 0,000000 0,000000
703 1675462363 3211,000000 -1,000000 -101,000000 0,000000 0,000000
703 1675462364 3211,000000 -1,000000 -101,000000 0,000000 0,000000
703 1675462365 3211,000000 -1,000000 -101,000000 0,000000 0,000000
703 1675462366 7269,600000 -1,000000 -101,000000 0,000000 0,000000
703 1675462367 7269,600000 -1,000000 -101,000000 0,000000 0,000000
703 1675462368 7269,600000 -1,000000 -101,000000 0,000000 0,000000
703 1675462369 7269,600000 -1,000000 -101,000000 0,000000 0,000000
703 1675462370 7269,600000 -1,000000 -101,000000 0,000000 0,000000
703 1675462371 4209,200000 -1,000000 -101,000000 0,000000 0,000000
703 1675462372 4209,200000 -1,000000 -101,000000 0,000000 0,000000
703 1675462373 4209,200000 -1,000000 -101,000000 0,000000 0,000000
703 1675462374 4209,200000 -1,000000 -101,000000 0,000000 0,000000
703 1675462375 4209,200000 -1,000000 -101,000000 0,000000 0,000000
703 1675462376 7320,800000 -1,000000 -101,000000 0,000000 0,000000
703 1675462377 7320,800000 -1,000000 -101,000000 0,000000 0,000000
703 1675462378 7320,800000 -1,000000 -101,000000 0,000000 0,000000
703 1675462379 7320,800000 -1,000000 -101,000000 0,000000 0,000000
703 1675462380 7320,800000 -1,000000 -101,000000 0,000000 0,000000
703 1675462381 6250,600000 -1,000000 -101,000000 0,000000 0,000000
703 1675462382 6250,600000 -1,000000 -101,000000 0,000000 0,000000
703 1675462383 6250,600000 -1,000000 -101,000000 0,000000 0,000000
703 1675462384 6250,600000 -1,000000 -101,000000 0,000000 0,000000
703 1675462385 6250,600000 -1,000000 -101,000000 0,000000 0,000000
703 1675462386 3060,200000 -1,000000 -101,000000 0,000000 0,000000
703 1675462387 3060,200000 -1,000000 -101,000000 0,000000 0,000000
703 1675462388 3060,200000 -1,000000 -101,000000 0,000000 0,000000
703 1675462389 3060,200000 -1,000000 -101,000000 0,000000 0,000000
703 1675462390 3060,200000 -1,000000 -101,000000 0,000000 0,000000
703 1675462391 6316,600000 -1,000000 -101,000000 0,000000 0,000000
703 1675462392 6316,600000 -1,000000 -101,000000 0,000000 0,000000
703 1675462393 6316,600000 -1,000000 -101,000000 0,000000 0,000000
703 1675462394 6316,600000 -1,000000 -101,000000 0,000000 0,000000
703 1675462395 6316,600000 -1,000000 -101,000000 0,000000 0,000000
703 1675462396 14368,600000 -1,000000 -101,000000 0,000000 0,000000
703 1675462397 14368,600000 -1,000000 -101,000000 0,000000 0,000000
703 1675462398 14368,600000 -1,000000 -101,000000 0,000000 0,000000
703 1675462399 14368,600000 -1,000000 -101,000000 0,000000 0,000000
703 1675462400 14368,600000 -1,000000 -101,000000 0,000000 0,000000
703 1675462401 21610,000000 -1,000000 -101,000000 0,000000 0,000000
703 1675462402 21610,000000 -1,000000 -101,000000 0,000000 0,000000
703 1675462403 21610,000000 -1,000000 -101,000000 0,000000 0,000000
703 1675462404 21610,000000 -1,000000 -101,000000 0,000000 0,000000
703 1675462405 21610,000000 -1,000000 -101,000000 0,000000 0,000000
703 1675462406 2134,200000 -1,000000 -101,000000 0,000000 0,000000
703 1675462407 2134,200000 -1,000000 -101,000000 0,000000 0,000000
703 1675462408 2134,200000 -1,000000 -101,000000 0,000000 0,000000
703 1675462409 2134,200000 -1,000000 -101,000000 0,000000 0,000000
703 1675462410 2134,200000 -1,000000 -101,000000 0,000000 0,000000
703 1675462411 12861,200000 -1,000000 -101,000000 0,000000 0,000000
703 1675462412 12861,200000 -1,000000 -101,000000 0,000000 0,000000
703 1675462413 12861,200000 -1,000000 -101,000000 0,000000 0,000000
703 1675462414 12861,200000 -1,000000 -101,000000 0,000000 0,000000
703 1675462415 12861,200000 -1,000000 -101,000000 0,000000 0,000000
703 1675462416 556,400000 -1,000000 -101,000000 0,000000 0,000000
703 1675462417 556,400000 -1,000000 -101,000000 0,000000 0,000000
703 1675462418 556,400000 -1,000000 -101,000000 0,000000 0,000000
703 1675462419 556,400000 -1,000000 -101,000000 0,000000 0,000000
703 1675462420 556,400000 -1,000000 -101,000000 0,000000 0,000000
703 1675462421 1637,400000 -1,000000 -101,000000 0,000000 0,000000
703 1675462422 1637,400000 -1,000000 -101,000000 0,000000 0,000000
703 1675462423 1637,400000 -1,000000 -101,000000 0,000000 0,000000
703 1675462424 1637,400000 -1,000000 -101,000000 0,000000 0,000000
703 1675462425 1637,400000 -1,000000 -101,000000 0,000000 0,000000
703 1675462426 2656,200000 -1,000000 -101,000000 0,000000 0,000000
703 1675462427 2656,200000 -1,000000 -101,000000 0,000000 0,000000
703 1675462428 2656,200000 -1,000000 -101,000000 0,000000 0,000000
703 1675462429 2656,200000 -1,000000 -101,000000 0,000000 0,000000
703 1675462430 2656,200000 -1,000000 -101,000000 0,000000 0,000000
703 1675462431 6860,200000 -1,000000 -101,000000 0,000000 0,000000
703 1675462432 6860,200000 -1,000000 -101,000000 0,000000 0,000000
703 1675462433 6860,200000 -1,000000 -101,000000 0,000000 0,000000
703 1675462434 6860,200000 -1,000000 -101,000000 0,000000 0,000000
703 1675462435 6860,200000 -1,000000 -101,000000 0,000000 0,000000
703 1675462436 8389,200000 -1,000000 -101,000000 0,000000 0,000000
703 1675462437 8389,200000 -1,000000 -101,000000 0,000000 0,000000
703 1675462438 8389,200000 -1,000000 -101,000000 0,000000 0,000000
703 1675462439 8389,200000 -1,000000 -101,000000 0,000000 0,000000
703 1675462440 8389,200000 -1,000000 -101,000000 0,000000 0,000000
703 1675462441 27004,600000 -1,000000 -101,000000 0,000000 0,000000
703 1675462442 27004,600000 -1,000000 -101,000000 0,000000 0,000000
703 1675462443 27004,600000 -1,000000 -101,000000 0,000000 0,000000
703 1675462444 27004,600000 -1,000000 -101,000000 0,000000 0,000000
703 1675462445 27004,600000 -1,000000 -101,000000 0,000000 0,000000
703 1675462446 5575,400000 -1,000000 -101,000000 0,000000 0,000000
703 1675462447 5575,400000 -1,000000 -101,000000 0,000000 0,000000
703 1675462448 5575,400000 -1,000000 -101,000000 0,000000 0,000000
703 1675462449 5575,400000 -1,000000 -101,000000 0,000000 0,000000
703 1675462450 5575,400000 -1,000000 -101,000000 0,000000 0,000000
703 1675462451 18708,400000 -1,000000 -101,000000 0,000000 0,000000
703 1675462452 18708,400000 -1,000000 -101,000000 0,000000 0,000000
703 1675462453 18708,400000 -1,000000 -101,000000 0,000000 0,000000
703 1675462454 18708,400000 -1,000000 -101,000000 0,000000 0,000000
703 1675462455 18708,400000 -1,000000 -101,000000 0,000000 0,000000
703 1675462456 17742,200000 -1,000000 -101,000000 0,000000 0,000000
703 1675462457 17742,200000 -1,000000 -101,000000 0,000000 0,000000
703 1675462458 17742,200000 -1,000000 -101,000000 0,000000 0,000000
703 1675462459 17742,200000 -1,000000 -101,000000 0,000000 0,000000
703 1675462460 17742,200000 -1,000000 -101,000000 0,000000 0,000000
703 1675462461 32528,400000 -1,000000 -101,000000 0,000000 0,000000
703 1675462462 32528,400000 -1,000000 -101,000000 0,000000 0,000000
703 1675462463 32528,400000 -1,000000 -101,000000 0,000000 0,000000
703 1675462464 32528,400000 -1,000000 -101,000000 0,000000 0,000000
703 1675462465 32528,400000 -1,000000 -101,000000 0,000000 0,000000
703 1675462466 19625,600000 -1,000000 -101,000000 0,000000 0,000000
703 1675462467 19625,600000 -1,000000 -101,000000 0,000000 0,000000
703 1675462468 19625,600000 -1,000000 -101,000000 0,000000 0,000000
703 1675462469 19625,600000 -1,000000 -101,000000 0,000000 0,000000
703 1675462470 19625,600000 -1,000000 -101,000000 0,000000 0,000000
703 1675462471 15903,400000 -1,000000 -101,000000 0,000000 0,000000
703 1675462472 15903,400000 -1,000000 -101,000000 0,000000 0,000000
703 1675462473 15903,400000 -1,000000 -101,000000 0,000000 0,000000
703 1675462474 15903,400000 -1,000000 -101,000000 0,000000 0,000000
703 1675462475 15903,400000 -1,000000 -101,000000 0,000000 0,000000
703 1675462476 2128,000000 -1,000000 -101,000000 0,000000 0,000000
703 1675462477 2128,000000 -1,000000 -101,000000 0,000000 0,000000
703 1675462478 2128,000000 -1,000000 -101,000000 0,000000 0,000000
703 1675462479 2128,000000 -1,000000 -101,000000 0,000000 0,000000
703 1675462480 2128,000000 -1,000000 -101,000000 0,000000 0,000000
703 1675462481 1284,200000 -1,000000 -101,000000 0,000000 0,000000
703 1675462482 1284,200000 -1,000000 -101,000000 0,000000 0,000000
703 1675462483 1284,200000 -1,000000 -101,000000 0,000000 0,000000
703 1675462484 1284,200000 -1,000000 -101,000000 0,000000 0,000000
703 1675462485 1284,200000 -1,000000 -101,000000 0,000000 0,000000
703 1675462491 2166,800000 -1,000000 -101,000000 0,000000 0,000000
703 1675462492 2166,800000 -1,000000 -101,000000 0,000000 0,000000
703 1675462493 2166,800000 -1,000000 -101,000000 0,000000 0,000000
703 1675462494 2166,800000 -1,000000 -101,000000 0,000000 0,000000
703 1675462495 2166,800000 -1,000000 -101,000000 0,000000 0,000000
703 1675462496 4225,200000 -1,000000 -101,000000 0,000000 0,000000
703 1675462497 4225,200000 -1,000000 -101,000000 0,000000 0,000000
703 1675462498 4225,200000 -1,000000 -101,000000 0,000000 0,000000
703 1675462499 4225,200000 -1,000000 -101,000000 0,000000 0,000000
703 1675462500 4225,200000 -1,000000 -101,000000 0,000000 0,000000
703 1675462501 6726,200000 -1,000000 -101,000000 0,000000 0,000000
703 1675462502 6726,200000 -1,000000 -101,000000 0,000000 0,000000
703 1675462503 6726,200000 -1,000000 -101,000000 0,000000 0,000000
703 1675462504 6726,200000 -1,000000 -101,000000 0,000000 0,000000
703 1675462505 6726,200000 -1,000000 -101,000000 0,000000 0,000000
703 1675462506 5153,600000 -1,000000 -101,000000 0,000000 0,000000
703 1675462507 5153,600000 -1,000000 -101,000000 0,000000 0,000000
703 1675462508 5153,600000 -1,000000 -101,000000 0,000000 0,000000
703 1675462509 5153,600000 -1,000000 -101,000000 0,000000 0,000000
703 1675462510 5153,600000 -1,000000 -101,000000 0,000000 0,000000
703 1675462511 4873,200000 -1,000000 -101,000000 0,000000 0,000000
703 1675462512 4873,200000 -1,000000 -101,000000 0,000000 0,000000
703 1675462513 4873,200000 -1,000000 -101,000000 0,000000 0,000000
703 1675462514 4873,200000 -1,000000 -101,000000 0,000000 0,000000
703 1675462515 4873,200000 -1,000000 -101,000000 0,000000 0,000000
703 1675462516 4693,600000 -1,000000 -101,000000 0,000000 0,000000
703 1675462517 4693,600000 -1,000000 -101,000000 0,000000 0,000000
703 1675462518 4693,600000 -1,000000 -101,000000 0,000000 0,000000
703 1675462519 4693,600000 -1,000000 -101,000000 0,000000 0,000000
703 1675462520 4693,600000 -1,000000 -101,000000 0,000000 0,000000
703 1675462521 31936,600000 -1,000000 -101,000000 0,000000 0,000000
703 1675462522 31936,600000 -1,000000 -101,000000 0,000000 0,000000
703 1675462523 31936,600000 -1,000000 -101,000000 0,000000 0,000000
703 1675462524 31936,600000 -1,000000 -101,000000 0,000000 0,000000
703 1675462525 31936,600000 -1,000000 -101,000000 0,000000 0,000000
703 1675462526 4360,800000 -1,000000 -101,000000 0,000000 0,000000
703 1675462527 4360,800000 -1,000000 -101,000000 0,000000 0,000000
703 1675462528 4360,800000 -1,000000 -101,000000 0,000000 0,000000
703 1675462529 4360,800000 -1,000000 -101,000000 0,000000 0,000000
703 1675462530 4360,800000 -1,000000 -101,000000 0,000000 0,000000
703 1675462531 3879,400000 -1,000000 -101,000000 0,000000 0,000000
703 1675462532 3879,400000 -1,000000 -101,000000 0,000000 0,000000
703 1675462533 3879,400000 -1,000000 -101,000000 0,000000 0,000000
703 1675462534 3879,400000 -1,000000 -101,000000 0,000000 0,000000
703 1675462535 3879,400000 -1,000000 -101,000000 0,000000 0,000000
703 1675462536 292,600000 -1,000000 -101,000000 0,000000 0,000000
703 1675462537 292,600000 -1,000000 -101,000000 0,000000 0,000000
703 1675462538 292,600000 -1,000000 -101,000000 0,000000 0,000000
703 1675462539 292,600000 -1,000000 -101,000000 0,000000 0,000000
703 1675462540 292,600000 -1,000000 -101,000000 0,000000 0,000000
703 1675462541 3733,600000 -1,000000 -101,000000 0,000000 0,000000
703 1675462542 3733,600000 -1,000000 -101,000000 0,000000 0,000000
703 1675462543 3733,600000 -1,000000 -101,000000 0,000000 0,000000
703 1675462544 3733,600000 -1,000000 -101,000000 0,000000 0,000000
703 1675462545 3733,600000 -1,000000 -101,000000 0,000000 0,000000
703 1675462546 3142,800000 -1,000000 -101,000000 0,000000 0,000000
703 1675462547 3142,800000 -1,000000 -101,000000 0,000000 0,000000
703 1675462548 3142,800000 -1,000000 -101,000000 0,000000 0,000000
703 1675462549 3142,800000 -1,000000 -101,000000 0,000000 0,000000
703 1675462550 3142,800000 -1,000000 -101,000000 0,000000 0,000000
703 1675462551 36950,800000 -1,000000 -101,000000 0,000000 0,000000
703 1675462552 36950,800000 -1,000000 -101,000000 0,000000 0,000000
703 1675462553 36950,800000 -1,000000 -101,000000 0,000000 0,000000
703 1675462554 36950,800000 -1,000000 -101,000000 0,000000 0,000000
703 1675462555 36950,800000 -1,000000 -101,000000 0,000000 0,000000
703 1675462556 21499,400000 -1,000000 -101,000000 0,000000 0,000000
703 1675462557 21499,400000 -1,000000 -101,000000 0,000000 0,000000
703 1675462558 21499,400000 -1,000000 -101,000000 0,000000 0,000000
703 1675462559 21499,400000 -1,000000 -101,000000 0,000000 0,000000
703 1675462560 21499,400000 -1,000000 -101,000000 0,000000 0,000000
703 1675462561 17989,000000 -1,000000 -101,000000 0,000000 0,000000
703 1675462562 17989,000000 -1,000000 -101,000000 0,000000 0,000000
703 1675462563 17989,000000 -1,000000 -101,000000 0,000000 0,000000
703 1675462564 17989,000000 -1,000000 -101,000000 0,000000 0,000000
703 1675462565 17989,000000 -1,000000 -101,000000 0,000000 0,000000
703 1675462566 18254,000000 -1,000000 -101,000000 0,000000 0,000000
703 1675462567 18254,000000 -1,000000 -101,000000 0,000000 0,000000
703 1675462568 18254,000000 -1,000000 -101,000000 0,000000 0,000000
703 1675462569 18254,000000 -1,000000 -101,000000 0,000000 0,000000
703 1675462570 18254,000000 -1,000000 -101,000000 0,000000 0,000000
703 1675462571 4028,200000 -1,000000 -101,000000 0,000000 0,000000
703 1675462572 4028,200000 -1,000000 -101,000000 0,000000 0,000000
703 1675462573 4028,200000 -1,000000 -101,000000 0,000000 0,000000
703 1675462574 4028,200000 -1,000000 -101,000000 0,000000 0,000000
703 1675462575 4028,200000 -1,000000 -101,000000 0,000000 0,000000
703 1675462576 5019,600000 -1,000000 -101,000000 0,000000 0,000000
703 1675462577 5019,600000 -1,000000 -101,000000 0,000000 0,000000
703 1675462578 5019,600000 -1,000000 -101,000000 0,000000 0,000000
703 1675462579 5019,600000 -1,000000 -101,000000 0,000000 0,000000
703 1675462580 5019,600000 -1,000000 -101,000000 0,000000 0,000000
703 1675462581 15169,200000 -1,000000 -101,000000 0,000000 0,000000
703 1675462582 15169,200000 -1,000000 -101,000000 0,000000 0,000000
703 1675462583 15169,200000 -1,000000 -101,000000 0,000000 0,000000
703 1675462584 15169,200000 -1,000000 -101,000000 0,000000 0,000000
703 1675462585 15169,200000 -1,000000 -101,000000 0,000000 0,000000
703 1675462586 19769,600000 -1,000000 -101,000000 0,000000 0,000000
703 1675462587 19769,600000 -1,000000 -101,000000 0,000000 0,000000
703 1675462588 19769,600000 -1,000000 -101,000000 0,000000 0,000000
703 1675462589 19769,600000 -1,000000 -101,000000 0,000000 0,000000
703 1675462590 19769,600000 -1,000000 -101,000000 0,000000 0,000000
703 1675462591 4435,000000 -1,000000 -101,000000 0,000000 0,000000
703 1675462592 4435,000000 -1,000000 -101,000000 0,000000 0,000000
703 1675462593 4435,000000 -1,000000 -101,000000 0,000000 0,000000
703 1675462594 4435,000000 -1,000000 -101,000000 0,000000 0,000000
703 1675462595 4435,000000 -1,000000 -101,000000 0,000000 0,000000
703 1675462596 16046,000000 -1,000000 -101,000000 0,000000 0,000000
703 1675462597 16046,000000 -1,000000 -101,000000 0,000000 0,000000
703 1675462598 16046,000000 -1,000000 -101,000000 0,000000 0,000000
703 1675462599 16046,000000 -1,000000 -101,000000 0,000000 0,000000
703 1675462600 16046,000000 -1,000000 -101,000000 0,000000 0,000000
703 1675462601 4290,200000 -1,000000 -101,000000 0,000000 0,000000
703 1675462602 4290,200000 -1,000000 -101,000000 0,000000 0,000000
703 1675462603 4290,200000 -1,000000 -101,000000 0,000000 0,000000
703 1675462604 4290,200000 -1,000000 -101,000000 0,000000 0,000000
703 1675462605 4290,200000 -1,000000 -101,000000 0,000000 0,000000
703 1675462606 4637,000000 -1,000000 -101,000000 0,000000 0,000000
703 1675462607 4637,000000 -1,000000 -101,000000 0,000000 0,000000
703 1675462608 4637,000000 -1,000000 -101,000000 0,000000 0,000000
703 1675462609 4637,000000 -1,000000 -101,000000 0,000000 0,000000
703 1675462610 4637,000000 -1,000000 -101,000000 0,000000 0,000000
703 1675462611 3412,200000 -1,000000 -101,000000 0,000000 0,000000
703 1675462612 3412,200000 -1,000000 -101,000000 0,000000 0,000000
703 1675462613 3412,200000 -1,000000 -101,000000 0,000000 0,000000
703 1675462614 3412,200000 -1,000000 -101,000000 0,000000 0,000000
703 1675462615 3412,200000 -1,000000 -101,000000 0,000000 0,000000
703 1675462616 3413,000000 -1,000000 -101,000000 0,000000 0,000000
703 1675462617 3413,000000 -1,000000 -101,000000 0,000000 0,000000
703 1675462618 3413,000000 -1,000000 -101,000000 0,000000 0,000000
703 1675462619 3413,000000 -1,000000 -101,000000 0,000000 0,000000
703 1675462620 3413,000000 -1,000000 -101,000000 0,000000 0,000000
703 1675462621 3737,600000 -1,000000 -101,000000 0,000000 0,000000
703 1675462622 3737,600000 -1,000000 -101,000000 0,000000 0,000000
703 1675462623 3737,600000 -1,000000 -101,000000 0,000000 0,000000
703 1675462624 3737,600000 -1,000000 -101,000000 0,000000 0,000000
703 1675462625 3737,600000 -1,000000 -101,000000 0,000000 0,000000
703 1675462626 5713,200000 -1,000000 -101,000000 0,000000 0,000000
703 1675462627 5713,200000 -1,000000 -101,000000 0,000000 0,000000
703 1675462628 5713,200000 -1,000000 -101,000000 0,000000 0,000000
703 1675462629 5713,200000 -1,000000 -101,000000 0,000000 0,000000
703 1675462630 5713,200000 -1,000000 -101,000000 0,000000 0,000000
703 1675462631 3108,600000 -1,000000 -101,000000 0,000000 0,000000
703 1675462632 3108,600000 -1,000000 -101,000000 0,000000 0,000000
703 1675462633 3108,600000 -1,000000 -101,000000 0,000000 0,000000
703 1675462634 3108,600000 -1,000000 -101,000000 0,000000 0,000000
703 1675462635 3108,600000 -1,000000 -101,000000 0,000000 0,000000
703 1675462636 4317,400000 -1,000000 -101,000000 0,000000 0,000000
703 1675462637 4317,400000 -1,000000 -101,000000 0,000000 0,000000
703 1675462638 4317,400000 -1,000000 -101,000000 0,000000 0,000000
703 1675462639 4317,400000 -1,000000 -101,000000 0,000000 0,000000
703 1675462640 4317,400000 -1,000000 -101,000000 0,000000 0,000000
703 1675462700 2766,800000 -1,000000 2766,800000 2766,800000 1531036,448000
703 1675462699 2766,800000 -1,000000 2766,800000 2766,800000 1531036,448000
703 1675462698 2766,800000 -1,000000 2766,800000 2766,800000 1531036,448000
703 1675462697 2766,800000 -1,000000 2766,800000 2766,800000 1531036,448000
703 1675462696 2766,800000 -1,000000 2766,800000 2766,800000 1531036,448000
703 1675462695 4199,200000 -1,000000 4199,200000 4199,200000 3526656,128000
703 1675462694 4199,200000 -1,000000 4199,200000 4199,200000 3526656,128000
703 1675462693 4199,200000 -1,000000 4199,200000 4199,200000 3526656,128000
703 1675462692 4199,200000 -1,000000 4199,200000 4199,200000 3526656,128000
703 1675462691 4199,200000 -1,000000 4199,200000 4199,200000 3526656,128000
703 1675462690 4364,800000 -1,000000 4364,800000 4364,800000 3810295,808000
703 1675462689 4364,800000 -1,000000 4364,800000 4364,800000 3810295,808000
703 1675462688 4364,800000 -1,000000 4364,800000 4364,800000 3810295,808000
703 1675462687 4364,800000 -1,000000 4364,800000 4364,800000 3810295,808000
703 1675462686 4364,800000 -1,000000 4364,800000 4364,800000 3810295,808000
703 1675462685 6206,600000 -1,000000 6206,600000 6206,600000 7704376,712000
703 1675462684 6206,600000 -1,000000 6206,600000 6206,600000 7704376,712000
703 1675462683 6206,600000 -1,000000 6206,600000 6206,600000 7704376,712000
703 1675462682 6206,600000 -1,000000 6206,600000 6206,600000 7704376,712000
703 1675462681 6206,600000 -1,000000 6206,600000 6206,600000 7704376,712000
703 1675462680 4817,800000 -1,000000 4817,800000 4817,800000 4642239,368000
703 1675462679 4817,800000 -1,000000 4817,800000 4817,800000 4642239,368000
703 1675462678 4817,800000 -1,000000 4817,800000 4817,800000 4642239,368000
703 1675462677 4817,800000 -1,000000 4817,800000 4817,800000 4642239,368000
703 1675462676 4817,800000 -1,000000 4817,800000 4817,800000 4642239,368000
703 1675462675 292,600000 -1,000000 292,600000 292,600000 17122,952000
703 1675462674 292,600000 -1,000000 292,600000 292,600000 17122,952000
703 1675462673 292,600000 -1,000000 292,600000 292,600000 17122,952000
703 1675462672 292,600000 -1,000000 292,600000 292,600000 17122,952000
703 1675462671 292,600000 -1,000000 292,600000 292,600000 17122,952000
703 1675462670 18874,400000 -1,000000 18874,400000 18874,400000 71248595,072000
703 1675462669 18874,400000 -1,000000 18874,400000 18874,400000 71248595,072000
703 1675462668 18874,400000 -1,000000 18874,400000 18874,400000 71248595,072000
703 1675462667 18874,400000 -1,000000 18874,400000 18874,400000 71248595,072000
703 1675462666 18874,400000 -1,000000 18874,400000 18874,400000 71248595,072000
703 1675462665 36461,400000 -1,000000 36461,400000 36461,400000 265886737,992000
703 1675462664 36461,400000 -1,000000 36461,400000 36461,400000 265886737,992000
703 1675462663 36461,400000 -1,000000 36461,400000 36461,400000 265886737,992000
703 1675462662 36461,400000 -1,000000 36461,400000 36461,400000 265886737,992000
703 1675462661 36461,400000 -1,000000 36461,400000 36461,400000 265886737,992000
703 1675462660 34957,000000 -1,000000 34957,000000 34957,000000 244398369,800000
703 1675462659 34957,000000 -1,000000 34957,000000 34957,000000 244398369,800000
703 1675462658 34957,000000 -1,000000 34957,000000 34957,000000 244398369,800000
703 1675462657 34957,000000 -1,000000 34957,000000 34957,000000 244398369,800000
703 1675462656 34957,000000 -1,000000 34957,000000 34957,000000 244398369,800000
703 1675462655 19732,000000 -1,000000 19732,000000 19732,000000 77870364,800000
703 1675462654 19732,000000 -1,000000 19732,000000 19732,000000 77870364,800000
703 1675462653 19732,000000 -1,000000 19732,000000 19732,000000 77870364,800000
703 1675462652 19732,000000 -1,000000 19732,000000 19732,000000 77870364,800000
703 1675462651 19732,000000 -1,000000 19732,000000 19732,000000 77870364,800000
703 1675462650 21284,200000 -1,000000 21284,200000 21284,200000 90603433,928000
703 1675462649 21284,200000 -1,000000 21284,200000 21284,200000 90603433,928000
703 1675462648 21284,200000 -1,000000 21284,200000 21284,200000 90603433,928000
703 1675462647 21284,200000 -1,000000 21284,200000 21284,200000 90603433,928000
703 1675462646 21284,200000 -1,000000 21284,200000 21284,200000 90603433,928000
703 1675462645 5061,200000 -1,000000 5061,200000 5061,200000 5123149,088000
703 1675462644 5061,200000 -1,000000 5061,200000 5061,200000 5123149,088000
703 1675462643 5061,200000 -1,000000 5061,200000 5061,200000 5123149,088000
703 1675462642 5061,200000 -1,000000 5061,200000 5061,200000 5123149,088000
703 1675462641 5061,200000 -1,000000 5061,200000 5061,200000 5123149,088000
703 1675462641 5061,200000 -1,000000 -101,000000 0,000000 0,000000
703 1675462642 5061,200000 -1,000000 -101,000000 0,000000 0,000000
703 1675462643 5061,200000 -1,000000 -101,000000 0,000000 0,000000
703 1675462644 5061,200000 -1,000000 -101,000000 0,000000 0,000000
703 1675462645 5061,200000 -1,000000 -101,000000 0,000000 0,000000
703 1675462646 21284,200000 -1,000000 -101,000000 0,000000 0,000000
703 1675462647 21284,200000 -1,000000 -101,000000 0,000000 0,000000
703 1675462648 21284,200000 -1,000000 -101,000000 0,000000 0,000000
703 1675462649 21284,200000 -1,000000 -101,000000 0,000000 0,000000
703 1675462650 21284,200000 -1,000000 -101,000000 0,000000 0,000000
703 1675462651 19732,000000 -1,000000 -101,000000 0,000000 0,000000
703 1675462652 19732,000000 -1,000000 -101,000000 0,000000 0,000000
703 1675462653 19732,000000 -1,000000 -101,000000 0,000000 0,000000
703 1675462654 19732,000000 -1,000000 -101,000000 0,000000 0,000000
703 1675462655 19732,000000 -1,000000 -101,000000 0,000000 0,000000
703 1675462656 34957,000000 -1,000000 -101,000000 0,000000 0,000000
703 1675462657 34957,000000 -1,000000 -101,000000 0,000000 0,000000
703 1675462658 34957,000000 -1,000000 -101,000000 0,000000 0,000000
703 1675462659 34957,000000 -1,000000 -101,000000 0,000000 0,000000
703 1675462660 34957,000000 -1,000000 -101,000000 0,000000 0,000000
703 1675462661 36461,400000 -1,000000 -101,000000 0,000000 0,000000
703 1675462662 36461,400000 -1,000000 -101,000000 0,000000 0,000000
703 1675462663 36461,400000 -1,000000 -101,000000 0,000000 0,000000
703 1675462664 36461,400000 -1,000000 -101,000000 0,000000 0,000000
703 1675462665 36461,400000 -1,000000 -101,000000 0,000000 0,000000
703 1675462666 18874,400000 -1,000000 -101,000000 0,000000 0,000000
703 1675462667 18874,400000 -1,000000 -101,000000 0,000000 0,000000
703 1675462668 18874,400000 -1,000000 -101,000000 0,000000 0,000000
703 1675462669 18874,400000 -1,000000 -101,000000 0,000000 0,000000
703 1675462670 18874,400000 -1,000000 -101,000000 0,000000 0,000000
703 1675462671 292,600000 -1,000000 -101,000000 0,000000 0,000000
703 1675462672 292,600000 -1,000000 -101,000000 0,000000 0,000000
703 1675462673 292,600000 -1,000000 -101,000000 0,000000 0,000000
703 1675462674 292,600000 -1,000000 -101,000000 0,000000 0,000000
703 1675462675 292,600000 -1,000000 -101,000000 0,000000 0,000000
703 1675462676 4817,800000 -1,000000 -101,000000 0,000000 0,000000
703 1675462677 4817,800000 -1,000000 -101,000000 0,000000 0,000000
703 1675462678 4817,800000 -1,000000 -101,000000 0,000000 0,000000
703 1675462679 4817,800000 -1,000000 -101,000000 0,000000 0,000000
703 1675462680 4817,800000 -1,000000 -101,000000 0,000000 0,000000
703 1675462681 6206,600000 -1,000000 -101,000000 0,000000 0,000000
703 1675462682 6206,600000 -1,000000 -101,000000 0,000000 0,000000
703 1675462683 6206,600000 -1,000000 -101,000000 0,000000 0,000000
703 1675462684 6206,600000 -1,000000 -101,000000 0,000000 0,000000
703 1675462685 6206,600000 -1,000000 -101,000000 0,000000 0,000000
703 1675462686 4364,800000 -1,000000 -101,000000 0,000000 0,000000
703 1675462687 4364,800000 -1,000000 -101,000000 0,000000 0,000000
703 1675462688 4364,800000 -1,000000 -101,000000 0,000000 0,000000
703 1675462689 4364,800000 -1,000000 -101,000000 0,000000 0,000000
703 1675462690 4364,800000 -1,000000 -101,000000 0,000000 0,000000
703 1675462691 4199,200000 -1,000000 -101,000000 0,000000 0,000000
703 1675462692 4199,200000 -1,000000 -101,000000 0,000000 0,000000
703 1675462693 4199,200000 -1,000000 -101,000000 0,000000 0,000000
703 1675462694 4199,200000 -1,000000 -101,000000 0,000000 0,000000
703 1675462695 4199,200000 -1,000000 -101,000000 0,000000 0,000000
703 1675462696 2766,800000 -1,000000 -101,000000 0,000000 0,000000
703 1675462697 2766,800000 -1,000000 -101,000000 0,000000 0,000000
703 1675462698 2766,800000 -1,000000 -101,000000 0,000000 0,000000
703 1675462699 2766,800000 -1,000000 -101,000000 0,000000 0,000000
703 1675462700 2766,800000 -1,000000 -101,000000 0,000000 0,000000
703 1675462701 3667,800000 -1,000000 -101,000000 0,000000 0,000000
703 1675462702 3667,800000 -1,000000 -101,000000 0,000000 0,000000
703 1675462703 3667,800000 -1,000000 -101,000000 0,000000 0,000000
703 1675462704 3667,800000 -1,000000 -101,000000 0,000000 0,000000
703 1675462705 3667,800000 -1,000000 -101,000000 0,000000 0,000000
703 1675462706 33240,200000 -1,000000 -101,000000 0,000000 0,000000
703 1675462707 33240,200000 -1,000000 -101,000000 0,000000 0,000000
703 1675462708 33240,200000 -1,000000 -101,000000 0,000000 0,000000
703 1675462709 33240,200000 -1,000000 -101,000000 0,000000 0,000000
703 1675462710 33240,200000 -1,000000 -101,000000 0,000000 0,000000
703 1675462711 1154,000000 -1,000000 -101,000000 0,000000 0,000000
703 1675462712 1154,000000 -1,000000 -101,000000 0,000000 0,000000
703 1675462713 1154,000000 -1,000000 -101,000000 0,000000 0,000000
703 1675462714 1154,000000 -1,000000 -101,000000 0,000000 0,000000
703 1675462715 1154,000000 -1,000000 -101,000000 0,000000 0,000000
703 1675462716 1369,600000 -1,000000 -101,000000 0,000000 0,000000
703 1675462717 1369,600000 -1,000000 -101,000000 0,000000 0,000000
703 1675462718 1369,600000 -1,000000 -101,000000 0,000000 0,000000
703 1675462719 1369,600000 -1,000000 -101,000000 0,000000 0,000000
703 1675462720 1369,600000 -1,000000 -101,000000 0,000000 0,000000
703 1675462721 18176,800000 -1,000000 -101,000000 0,000000 0,000000
703 1675462722 18176,800000 -1,000000 -101,000000 0,000000 0,000000
703 1675462723 18176,800000 -1,000000 -101,000000 0,000000 0,000000
703 1675462724 18176,800000 -1,000000 -101,000000 0,000000 0,000000
703 1675462725 18176,800000 -1,000000 -101,000000 0,000000 0,000000
703 1675462726 555,600000 -1,000000 -101,000000 0,000000 0,000000
703 1675462727 555,600000 -1,000000 -101,000000 0,000000 0,000000
703 1675462728 555,600000 -1,000000 -101,000000 0,000000 0,000000
703 1675462729 555,600000 -1,000000 -101,000000 0,000000 0,000000
703 1675462730 555,600000 -1,000000 -101,000000 0,000000 0,000000
703 1675462736 2166,800000 -1,000000 -101,000000 0,000000 0,000000
703 1675462737 2166,800000 -1,000000 -101,000000 0,000000 0,000000
703 1675462738 2166,800000 -1,000000 -101,000000 0,000000 0,000000
703 1675462739 2166,800000 -1,000000 -101,000000 0,000000 0,000000
703 1675462740 2166,800000 -1,000000 -101,000000 0,000000 0,000000
703 1675462741 6804,800000 -1,000000 -101,000000 0,000000 0,000000
703 1675462742 6804,800000 -1,000000 -101,000000 0,000000 0,000000
703 1675462743 6804,800000 -1,000000 -101,000000 0,000000 0,000000
703 1675462744 6804,800000 -1,000000 -101,000000 0,000000 0,000000
703 1675462745 6804,800000 -1,000000 -101,000000 0,000000 0,000000
703 1675462746 5469,400000 -1,000000 -101,000000 0,000000 0,000000
703 1675462747 5469,400000 -1,000000 -101,000000 0,000000 0,000000
703 1675462748 5469,400000 -1,000000 -101,000000 0,000000 0,000000
703 1675462749 5469,400000 -1,000000 -101,000000 0,000000 0,000000
703 1675462750 5469,400000 -1,000000 -101,000000 0,000000 0,000000
703 1675462751 24789,800000 -1,000000 -101,000000 0,000000 0,000000
703 1675462752 24789,800000 -1,000000 -101,000000 0,000000 0,000000
703 1675462753 24789,800000 -1,000000 -101,000000 0,000000 0,000000
703 1675462754 24789,800000 -1,000000 -101,000000 0,000000 0,000000
703 1675462755 24789,800000 -1,000000 -101,000000 0,000000 0,000000
703 1675462756 22517,200000 -1,000000 -101,000000 0,000000 0,000000
703 1675462757 22517,200000 -1,000000 -101,000000 0,000000 0,000000
703 1675462758 22517,200000 -1,000000 -101,000000 0,000000 0,000000
703 1675462759 22517,200000 -1,000000 -101,000000 0,000000 0,000000
703 1675462760 22517,200000 -1,000000 -101,000000 0,000000 0,000000
703 1675462761 20069,200000 -1,000000 -101,000000 0,000000 0,000000
703 1675462762 20069,200000 -1,000000 -101,000000 0,000000 0,000000
703 1675462763 20069,200000 -1,000000 -101,000000 0,000000 0,000000
703 1675462764 20069,200000 -1,000000 -101,000000 0,000000 0,000000
703 1675462765 20069,200000 -1,000000 -101,000000 0,000000 0,000000
703 1675462766 19409,800000 -1,000000 -101,000000 0,000000 0,000000
703 1675462767 19409,800000 -1,000000 -101,000000 0,000000 0,000000
703 1675462768 19409,800000 -1,000000 -101,000000 0,000000 0,000000
703 1675462769 19409,800000 -1,000000 -101,000000 0,000000 0,000000
703 1675462770 19409,800000 -1,000000 -101,000000 0,000000 0,000000
703 1675462771 51277,600000 -1,000000 -101,000000 0,000000 0,000000
703 1675462772 51277,600000 -1,000000 -101,000000 0,000000 0,000000
703 1675462773 51277,600000 -1,000000 -101,000000 0,000000 0,000000
703 1675462774 51277,600000 -1,000000 -101,000000 0,000000 0,000000
703 1675462775 51277,600000 -1,000000 -101,000000 0,000000 0,000000
703 1675462776 5068,600000 -1,000000 -101,000000 0,000000 0,000000
703 1675462777 5068,600000 -1,000000 -101,000000 0,000000 0,000000
703 1675462778 5068,600000 -1,000000 -101,000000 0,000000 0,000000
703 1675462779 5068,600000 -1,000000 -101,000000 0,000000 0,000000
703 1675462780 5068,600000 -1,000000 -101,000000 0,000000 0,000000
703 1675462781 13819,200000 -1,000000 -101,000000 0,000000 0,000000
703 1675462782 13819,200000 -1,000000 -101,000000 0,000000 0,000000
703 1675462783 13819,200000 -1,000000 -101,000000 0,000000 0,000000
703 1675462784 13819,200000 -1,000000 -101,000000 0,000000 0,000000
703 1675462785 13819,200000 -1,000000 -101,000000 0,000000 0,000000
703 1675462786 3148,600000 -1,000000 -101,000000 0,000000 0,000000
703 1675462787 3148,600000 -1,000000 -101,000000 0,000000 0,000000
703 1675462788 3148,600000 -1,000000 -101,000000 0,000000 0,000000
703 1675462789 3148,600000 -1,000000 -101,000000 0,000000 0,000000
703 1675462790 3148,600000 -1,000000 -101,000000 0,000000 0,000000
703 1675462791 772,200000 -1,000000 -101,000000 0,000000 0,000000
703 1675462792 772,200000 -1,000000 -101,000000 0,000000 0,000000
703 1675462793 772,200000 -1,000000 -101,000000 0,000000 0,000000
703 1675462794 772,200000 -1,000000 -101,000000 0,000000 0,000000
703 1675462795 772,200000 -1,000000 -101,000000 0,000000 0,000000
703 1675462796 597,800000 -1,000000 -101,000000 0,000000 0,000000
703 1675462797 597,800000 -1,000000 -101,000000 0,000000 0,000000
703 1675462798 597,800000 -1,000000 -101,000000 0,000000 0,000000
703 1675462799 597,800000 -1,000000 -101,000000 0,000000 0,000000
703 1675462800 597,800000 -1,000000 -101,000000 0,000000 0,000000
703 1675462826 7061,200000 -1,000000 -101,000000 0,000000 0,000000
703 1675462827 7061,200000 -1,000000 -101,000000 0,000000 0,000000
703 1675462828 7061,200000 -1,000000 -101,000000 0,000000 0,000000
703 1675462829 7061,200000 -1,000000 -101,000000 0,000000 0,000000
703 1675462830 7061,200000 -1,000000 -101,000000 0,000000 0,000000
703 1675462831 12416,400000 -1,000000 -101,000000 0,000000 0,000000
703 1675462832 12416,400000 -1,000000 -101,000000 0,000000 0,000000
703 1675462833 12416,400000 -1,000000 -101,000000 0,000000 0,000000
703 1675462834 12416,400000 -1,000000 -101,000000 0,000000 0,000000
703 1675462835 12416,400000 -1,000000 -101,000000 0,000000 0,000000
703 1675462836 8729,800000 -1,000000 -101,000000 0,000000 0,000000
703 1675462837 8729,800000 -1,000000 -101,000000 0,000000 0,000000
703 1675462838 8729,800000 -1,000000 -101,000000 0,000000 0,000000
703 1675462839 8729,800000 -1,000000 -101,000000 0,000000 0,000000
703 1675462840 8729,800000 -1,000000 -101,000000 0,000000 0,000000
703 1675462841 7298,800000 -1,000000 -101,000000 0,000000 0,000000
703 1675462842 7298,800000 -1,000000 -101,000000 0,000000 0,000000
703 1675462843 7298,800000 -1,000000 -101,000000 0,000000 0,000000
703 1675462844 7298,800000 -1,000000 -101,000000 0,000000 0,000000
703 1675462845 7298,800000 -1,000000 -101,000000 0,000000 0,000000
703 1675462846 5040,800000 -1,000000 -101,000000 0,000000 0,000000
703 1675462847 5040,800000 -1,000000 -101,000000 0,000000 0,000000
703 1675462848 5040,800000 -1,000000 -101,000000 0,000000 0,000000
703 1675462849 5040,800000 -1,000000 -101,000000 0,000000 0,000000
703 1675462850 5040,800000 -1,000000 -101,000000 0,000000 0,000000
703 1675462851 20316,400000 -1,000000 -101,000000 0,000000 0,000000
703 1675462852 20316,400000 -1,000000 -101,000000 0,000000 0,000000
703 1675462853 20316,400000 -1,000000 -101,000000 0,000000 0,000000
703 1675462854 20316,400000 -1,000000 -101,000000 0,000000 0,000000
703 1675462855 20316,400000 -1,000000 -101,000000 0,000000 0,000000
703 1675462856 63986,000000 -1,000000 -101,000000 0,000000 0,000000
703 1675462857 63986,000000 -1,000000 -101,000000 0,000000 0,000000
703 1675462858 63986,000000 -1,000000 -101,000000 0,000000 0,000000
703 1675462859 63986,000000 -1,000000 -101,000000 0,000000 0,000000
703 1675462860 63986,000000 -1,000000 -101,000000 0,000000 0,000000
703 1675462861 18316,800000 -1,000000 -101,000000 0,000000 0,000000
703 1675462862 18316,800000 -1,000000 -101,000000 0,000000 0,000000
703 1675462863 18316,800000 -1,000000 -101,000000 0,000000 0,000000
703 1675462864 18316,800000 -1,000000 -101,000000 0,000000 0,000000
703 1675462865 18316,800000 -1,000000 -101,000000 0,000000 0,000000
703 1675462866 16698,800000 -1,000000 -101,000000 0,000000 0,000000
703 1675462867 16698,800000 -1,000000 -101,000000 0,000000 0,000000
703 1675462868 16698,800000 -1,000000 -101,000000 0,000000 0,000000
703 1675462869 16698,800000 -1,000000 -101,000000 0,000000 0,000000
703 1675462870 16698,800000 -1,000000 -101,000000 0,000000 0,000000
703 1675462871 5797,800000 -1,000000 -101,000000 0,000000 0,000000
703 1675462872 5797,800000 -1,000000 -101,000000 0,000000 0,000000
703 1675462873 5797,800000 -1,000000 -101,000000 0,000000 0,000000
703 1675462874 5797,800000 -1,000000 -101,000000 0,000000 0,000000
703 1675462875 5797,800000 -1,000000 -101,000000 0,000000 0,000000
703 1675462876 8763,200000 -1,000000 -101,000000 0,000000 0,000000
703 1675462877 8763,200000 -1,000000 -101,000000 0,000000 0,000000
703 1675462878 8763,200000 -1,000000 -101,000000 0,000000 0,000000
703 1675462879 8763,200000 -1,000000 -101,000000 0,000000 0,000000
703 1675462880 8763,200000 -1,000000 -101,000000 0,000000 0,000000
703 1675462881 19204,600000 -1,000000 -101,000000 0,000000 0,000000
703 1675462882 19204,600000 -1,000000 -101,000000 0,000000 0,000000
703 1675462883 19204,600000 -1,000000 -101,000000 0,000000 0,000000
703 1675462884 19204,600000 -1,000000 -101,000000 0,000000 0,000000
703 1675462885 19204,600000 -1,000000 -101,000000 0,000000 0,000000
703 1675462886 4912,400000 -1,000000 -101,000000 0,000000 0,000000
703 1675462887 4912,400000 -1,000000 -101,000000 0,000000 0,000000
703 1675462888 4912,400000 -1,000000 -101,000000 0,000000 0,000000
703 1675462889 4912,400000 -1,000000 -101,000000 0,000000 0,000000
703 1675462890 4912,400000 -1,000000 -101,000000 0,000000 0,000000
703 1675462891 6027,600000 -1,000000 -101,000000 0,000000 0,000000
703 1675462892 6027,600000 -1,000000 -101,000000 0,000000 0,000000
703 1675462893 6027,600000 -1,000000 -101,000000 0,000000 0,000000
703 1675462894 6027,600000 -1,000000 -101,000000 0,000000 0,000000
703 1675462895 6027,600000 -1,000000 -101,000000 0,000000 0,000000
703 1675462896 30374,400000 -1,000000 -101,000000 0,000000 0,000000
703 1675462897 30374,400000 -1,000000 -101,000000 0,000000 0,000000
703 1675462898 30374,400000 -1,000000 -101,000000 0,000000 0,000000
703 1675462899 30374,400000 -1,000000 -101,000000 0,000000 0,000000
703 1675462900 30374,400000 -1,000000 -101,000000 0,000000 0,000000
703 1675462901 5663,800000 -1,000000 -101,000000 0,000000 0,000000
703 1675462902 5663,800000 -1,000000 -101,000000 0,000000 0,000000
703 1675462903 5663,800000 -1,000000 -101,000000 0,000000 0,000000
703 1675462904 5663,800000 -1,000000 -101,000000 0,000000 0,000000
703 1675462905 5663,800000 -1,000000 -101,000000 0,000000 0,000000
703 1675462906 17423,400000 -1,000000 -101,000000 0,000000 0,000000
703 1675462907 17423,400000 -1,000000 -101,000000 0,000000 0,000000
703 1675462908 17423,400000 -1,000000 -101,000000 0,000000 0,000000
703 1675462909 17423,400000 -1,000000 -101,000000 0,000000 0,000000
703 1675462910 17423,400000 -1,000000 -101,000000 0,000000 0,000000
703 1675462911 2418,600000 -1,000000 -101,000000 0,000000 0,000000
703 1675462912 2418,600000 -1,000000 -101,000000 0,000000 0,000000
703 1675462913 2418,600000 -1,000000 -101,000000 0,000000 0,000000
703 1675462914 2418,600000 -1,000000 -101,000000 0,000000 0,000000
703 1675462915 2418,600000 -1,000000 -101,000000 0,000000 0,000000
703 1675462916 3602,800000 -1,000000 -101,000000 0,000000 0,000000
703 1675462917 3602,800000 -1,000000 -101,000000 0,000000 0,000000
703 1675462918 3602,800000 -1,000000 -101,000000 0,000000 0,000000
703 1675462919 3602,800000 -1,000000 -101,000000 0,000000 0,000000
703 1675462920 3602,800000 -1,000000 -101,000000 0,000000 0,000000
703 1675462921 1856,800000 -1,000000 -101,000000 0,000000 0,000000
703 1675462922 1856,800000 -1,000000 -101,000000 0,000000 0,000000
703 1675462923 1856,800000 -1,000000 -101,000000 0,000000 0,000000
703 1675462924 1856,800000 -1,000000 -101,000000 0,000000 0,000000
703 1675462925 1856,800000 -1,000000 -101,000000 0,000000 0,000000
703 1675462926 4336,200000 -1,000000 -101,000000 0,000000 0,000000
703 1675462927 4336,200000 -1,000000 -101,000000 0,000000 0,000000
703 1675462928 4336,200000 -1,000000 -101,000000 0,000000 0,000000
703 1675462929 4336,200000 -1,000000 -101,000000 0,000000 0,000000
703 1675462930 4336,200000 -1,000000 -101,000000 0,000000 0,000000
703 1675462931 5734,000000 -1,000000 -101,000000 0,000000 0,000000
703 1675462932 5734,000000 -1,000000 -101,000000 0,000000 0,000000
703 1675462933 5734,000000 -1,000000 -101,000000 0,000000 0,000000
703 1675462934 5734,000000 -1,000000 -101,000000 0,000000 0,000000
703 1675462935 5734,000000 -1,000000 -101,000000 0,000000 0,000000
703 1675462936 5713,800000 -1,000000 -101,000000 0,000000 0,000000
703 1675462937 5713,800000 -1,000000 -101,000000 0,000000 0,000000
703 1675462938 5713,800000 -1,000000 -101,000000 0,000000 0,000000
703 1675462939 5713,800000 -1,000000 -101,000000 0,000000 0,000000
703 1675462940 5713,800000 -1,000000 -101,000000 0,000000 0,000000
703 1675462941 5282,600000 -1,000000 -101,000000 0,000000 0,000000
703 1675462942 5282,600000 -1,000000 -101,000000 0,000000 0,000000
703 1675462943 5282,600000 -1,000000 -101,000000 0,000000 0,000000
703 1675462944 5282,600000 -1,000000 -101,000000 0,000000 0,000000
703 1675462945 5282,600000 -1,000000 -101,000000 0,000000 0,000000
703 1675462946 6374,200000 -1,000000 -101,000000 0,000000 0,000000
703 1675462947 6374,200000 -1,000000 -101,000000 0,000000 0,000000
703 1675462948 6374,200000 -1,000000 -101,000000 0,000000 0,000000
703 1675462949 6374,200000 -1,000000 -101,000000 0,000000 0,000000
703 1675462950 6374,200000 -1,000000 -101,000000 0,000000 0,000000
703 1675462951 21087,000000 -1,000000 -101,000000 0,000000 0,000000
703 1675462952 21087,000000 -1,000000 -101,000000 0,000000 0,000000
703 1675462953 21087,000000 -1,000000 -101,000000 0,000000 0,000000
703 1675462954 21087,000000 -1,000000 -101,000000 0,000000 0,000000
703 1675462955 21087,000000 -1,000000 -101,000000 0,000000 0,000000
703 1675462956 43980,400000 -1,000000 -101,000000 0,000000 0,000000
703 1675462957 43980,400000 -1,000000 -101,000000 0,000000 0,000000
703 1675462958 43980,400000 -1,000000 -101,000000 0,000000 0,000000
703 1675462959 43980,400000 -1,000000 -101,000000 0,000000 0,000000
703 1675462960 43980,400000 -1,000000 -101,000000 0,000000 0,000000
703 1675462961 18161,200000 -1,000000 -101,000000 0,000000 0,000000
703 1675462962 18161,200000 -1,000000 -101,000000 0,000000 0,000000
703 1675462963 18161,200000 -1,000000 -101,000000 0,000000 0,000000
703 1675462964 18161,200000 -1,000000 -101,000000 0,000000 0,000000
703 1675462965 18161,200000 -1,000000 -101,000000 0,000000 0,000000
703 1675462966 29089,000000 -1,000000 -101,000000 0,000000 0,000000
703 1675462967 29089,000000 -1,000000 -101,000000 0,000000 0,000000
703 1675462968 29089,000000 -1,000000 -101,000000 0,000000 0,000000
703 1675462969 29089,000000 -1,000000 -101,000000 0,000000 0,000000
703 1675462970 29089,000000 -1,000000 -101,000000 0,000000 0,000000
703 1675462971 292,600000 -1,000000 -101,000000 0,000000 0,000000
703 1675462972 292,600000 -1,000000 -101,000000 0,000000 0,000000
703 1675462973 292,600000 -1,000000 -101,000000 0,000000 0,000000
703 1675462974 292,600000 -1,000000 -101,000000 0,000000 0,000000
703 1675462975 292,600000 -1,000000 -101,000000 0,000000 0,000000
703 1675462976 3206,600000 -1,000000 -101,000000 0,000000 0,000000
703 1675462977 3206,600000 -1,000000 -101,000000 0,000000 0,000000
703 1675462978 3206,600000 -1,000000 -101,000000 0,000000 0,000000
703 1675462979 3206,600000 -1,000000 -101,000000 0,000000 0,000000
703 1675462980 3206,600000 -1,000000 -101,000000 0,000000 0,000000
703 1675462981 5233,600000 -1,000000 -101,000000 0,000000 0,000000
703 1675462982 5233,600000 -1,000000 -101,000000 0,000000 0,000000
703 1675462983 5233,600000 -1,000000 -101,000000 0,000000 0,000000
703 1675462984 5233,600000 -1,000000 -101,000000 0,000000 0,000000
703 1675462985 5233,600000 -1,000000 -101,000000 0,000000 0,000000
703 1675462986 5604,000000 -1,000000 -101,000000 0,000000 0,000000
703 1675462987 5604,000000 -1,000000 -101,000000 0,000000 0,000000
703 1675462988 5604,000000 -1,000000 -101,000000 0,000000 0,000000
703 1675462989 5604,000000 -1,000000 -101,000000 0,000000 0,000000
703 1675462990 5604,000000 -1,000000 -101,000000 0,000000 0,000000
703 1675462991 21060,400000 -1,000000 -101,000000 0,000000 0,000000
703 1675462992 21060,400000 -1,000000 -101,000000 0,000000 0,000000
703 1675462993 21060,400000 -1,000000 -101,000000 0,000000 0,000000
703 1675462994 21060,400000 -1,000000 -101,000000 0,000000 0,000000
703 1675462995 21060,400000 -1,000000 -101,000000 0,000000 0,000000
703 1675462996 3894,400000 -1,000000 -101,000000 0,000000 0,000000
703 1675462997 3894,400000 -1,000000 -101,000000 0,000000 0,000000
703 1675462998 3894,400000 -1,000000 -101,000000 0,000000 0,000000
703 1675462999 3894,400000 -1,000000 -101,000000 0,000000 0,000000
703 1675463000 3894,400000 -1,000000 -101,000000 0,000000 0,000000
703 1675463001 5288,800000 -1,000000 -101,000000 0,000000 0,000000
703 1675463002 5288,800000 -1,000000 -101,000000 0,000000 0,000000
703 1675463003 5288,800000 -1,000000 -101,000000 0,000000 0,000000
703 1675463004 5288,800000 -1,000000 -101,000000 0,000000 0,000000
703 1675463005 5288,800000 -1,000000 -101,000000 0,000000 0,000000
703 1675463006 5717,000000 -1,000000 -101,000000 0,000000 0,000000
703 1675463007 5717,000000 -1,000000 -101,000000 0,000000 0,000000
703 1675463008 5717,000000 -1,000000 -101,000000 0,000000 0,000000
703 1675463009 5717,000000 -1,000000 -101,000000 0,000000 0,000000
703 1675463010 5717,000000 -1,000000 -101,000000 0,000000 0,000000
703 1675463011 3787,800000 -1,000000 -101,000000 0,000000 0,000000
703 1675463012 3787,800000 -1,000000 -101,000000 0,000000 0,000000
703 1675463013 3787,800000 -1,000000 -101,000000 0,000000 0,000000
703 1675463014 3787,800000 -1,000000 -101,000000 0,000000 0,000000
703 1675463015 3787,800000 -1,000000 -101,000000 0,000000 0,000000
703 1675463016 3491,200000 -1,000000 -101,000000 0,000000 0,000000
703 1675463017 3491,200000 -1,000000 -101,000000 0,000000 0,000000
703 1675463018 3491,200000 -1,000000 -101,000000 0,000000 0,000000
703 1675463019 3491,200000 -1,000000 -101,000000 0,000000 0,000000
703 1675463020 3491,200000 -1,000000 -101,000000 0,000000 0,000000
703 1675463021 33833,600000 -1,000000 -101,000000 0,000000 0,000000
703 1675463022 33833,600000 -1,000000 -101,000000 0,000000 0,000000
703 1675463023 33833,600000 -1,000000 -101,000000 0,000000 0,000000
703 1675463024 33833,600000 -1,000000 -101,000000 0,000000 0,000000
703 1675463025 33833,600000 -1,000000 -101,000000 0,000000 0,000000
703 1675463026 3963,000000 -1,000000 -101,000000 0,000000 0,000000
703 1675463027 3963,000000 -1,000000 -101,000000 0,000000 0,000000
703 1675463028 3963,000000 -1,000000 -101,000000 0,000000 0,000000
703 1675463029 3963,000000 -1,000000 -101,000000 0,000000 0,000000
703 1675463030 3963,000000 -1,000000 -101,000000 0,000000 0,000000
703 1675463031 17690,600000 -1,000000 -101,000000 0,000000 0,000000
703 1675463032 17690,600000 -1,000000 -101,000000 0,000000 0,000000
703 1675463033 17690,600000 -1,000000 -101,000000 0,000000 0,000000
703 1675463034 17690,600000 -1,000000 -101,000000 0,000000 0,000000
703 1675463035 17690,600000 -1,000000 -101,000000 0,000000 0,000000
703 1675463036 2237,000000 -1,000000 -101,000000 0,000000 0,000000
703 1675463037 2237,000000 -1,000000 -101,000000 0,000000 0,000000
703 1675463038 2237,000000 -1,000000 -101,000000 0,000000 0,000000
703 1675463039 2237,000000 -1,000000 -101,000000 0,000000 0,000000
703 1675463040 2237,000000 -1,000000 -101,000000 0,000000 0,000000
703 1675463041 4149,600000 -1,000000 -101,000000 0,000000 0,000000
703 1675463042 4149,600000 -1,000000 -101,000000 0,000000 0,000000
703 1675463043 4149,600000 -1,000000 -101,000000 0,000000 0,000000
703 1675463044 4149,600000 -1,000000 -101,000000 0,000000 0,000000
703 1675463045 4149,600000 -1,000000 -101,000000 0,000000 0,000000
703 1675463046 2186,000000 -1,000000 -101,000000 0,000000 0,000000
703 1675463047 2186,000000 -1,000000 -101,000000 0,000000 0,000000
703 1675463048 2186,000000 -1,000000 -101,000000 0,000000 0,000000
703 1675463049 2186,000000 -1,000000 -101,000000 0,000000 0,000000
703 1675463050 2186,000000 -1,000000 -101,000000 0,000000 0,000000
703 1675463051 5903,000000 -1,000000 -101,000000 0,000000 0,000000
703 1675463052 5903,000000 -1,000000 -101,000000 0,000000 0,000000
703 1675463053 5903,000000 -1,000000 -101,000000 0,000000 0,000000
703 1675463054 5903,000000 -1,000000 -101,000000 0,000000 0,000000
703 1675463055 5903,000000 -1,000000 -101,000000 0,000000 0,000000
703 1675463056 8861,400000 -1,000000 -101,000000 0,000000 0,000000
703 1675463057 8861,400000 -1,000000 -101,000000 0,000000 0,000000
703 1675463058 8861,400000 -1,000000 -101,000000 0,000000 0,000000
703 1675463059 8861,400000 -1,000000 -101,000000 0,000000 0,000000
703 1675463060 8861,400000 -1,000000 -101,000000 0,000000 0,000000
703 1675463061 23599,000000 -1,000000 -101,000000 0,000000 0,000000
703 1675463062 23599,000000 -1,000000 -101,000000 0,000000 0,000000
703 1675463063 23599,000000 -1,000000 -101,000000 0,000000 0,000000
703 1675463064 23599,000000 -1,000000 -101,000000 0,000000 0,000000
703 1675463065 23599,000000 -1,000000 -101,000000 0,000000 0,000000
703 1675463066 21717,800000 -1,000000 -101,000000 0,000000 0,000000
703 1675463067 21717,800000 -1,000000 -101,000000 0,000000 0,000000
703 1675463068 21717,800000 -1,000000 -101,000000 0,000000 0,000000
703 1675463069 21717,800000 -1,000000 -101,000000 0,000000 0,000000
703 1675463070 21717,800000 -1,000000 -101,000000 0,000000 0,000000
703 1675463071 5088,600000 -1,000000 -101,000000 0,000000 0,000000
703 1675463072 5088,600000 -1,000000 -101,000000 0,000000 0,000000
703 1675463073 5088,600000 -1,000000 -101,000000 0,000000 0,000000
703 1675463074 5088,600000 -1,000000 -101,000000 0,000000 0,000000
703 1675463075 5088,600000 -1,000000 -101,000000 0,000000 0,000000
703 1675463076 4567,600000 -1,000000 -101,000000 0,000000 0,000000
703 1675463077 4567,600000 -1,000000 -101,000000 0,000000 0,000000
703 1675463078 4567,600000 -1,000000 -101,000000 0,000000 0,000000
703 1675463079 4567,600000 -1,000000 -101,000000 0,000000 0,000000
703 1675463080 4567,600000 -1,000000 -101,000000 0,000000 0,000000
703 1675463081 34263,000000 -1,000000 -101,000000 0,000000 0,000000
703 1675463082 34263,000000 -1,000000 -101,000000 0,000000 0,000000
703 1675463083 34263,000000 -1,000000 -101,000000 0,000000 0,000000
703 1675463084 34263,000000 -1,000000 -101,000000 0,000000 0,000000
703 1675463085 34263,000000 -1,000000 -101,000000 0,000000 0,000000
703 1675463086 2484,000000 -1,000000 -101,000000 0,000000 0,000000
703 1675463087 2484,000000 -1,000000 -101,000000 0,000000 0,000000
703 1675463088 2484,000000 -1,000000 -101,000000 0,000000 0,000000
703 1675463089 2484,000000 -1,000000 -101,000000 0,000000 0,000000
703 1675463090 2484,000000 -1,000000 -101,000000 0,000000 0,000000
703 1675463091 14429,200000 -1,000000 -101,000000 0,000000 0,000000
703 1675463092 14429,200000 -1,000000 -101,000000 0,000000 0,000000
703 1675463093 14429,200000 -1,000000 -101,000000 0,000000 0,000000
703 1675463094 14429,200000 -1,000000 -101,000000 0,000000 0,000000
703 1675463095 14429,200000 -1,000000 -101,000000 0,000000 0,000000
703 1675463096 2127,400000 -1,000000 -101,000000 0,000000 0,000000
703 1675463097 2127,400000 -1,000000 -101,000000 0,000000 0,000000
703 1675463098 2127,400000 -1,000000 -101,000000 0,000000 0,000000
703 1675463099 2127,400000 -1,000000 -101,000000 0,000000 0,000000
703 1675463100 2127,400000 -1,000000 -101,000000 0,000000 0,000000
703 1675463101 18687,200000 -1,000000 -101,000000 0,000000 0,000000
703 1675463102 18687,200000 -1,000000 -101,000000 0,000000 0,000000
703 1675463103 18687,200000 -1,000000 -101,000000 0,000000 0,000000
703 1675463104 18687,200000 -1,000000 -101,000000 0,000000 0,000000
703 1675463105 18687,200000 -1,000000 -101,000000 0,000000 0,000000
703 1675463106 2036,400000 -1,000000 -101,000000 0,000000 0,000000
703 1675463107 2036,400000 -1,000000 -101,000000 0,000000 0,000000
703 1675463108 2036,400000 -1,000000 -101,000000 0,000000 0,000000
703 1675463109 2036,400000 -1,000000 -101,000000 0,000000 0,000000
703 1675463110 2036,400000 -1,000000 -101,000000 0,000000 0,000000
703 1675463111 4013,200000 -1,000000 -101,000000 0,000000 0,000000
703 1675463112 4013,200000 -1,000000 -101,000000 0,000000 0,000000
703 1675463113 4013,200000 -1,000000 -101,000000 0,000000 0,000000
703 1675463114 4013,200000 -1,000000 -101,000000 0,000000 0,000000
703 1675463115 4013,200000 -1,000000 -101,000000 0,000000 0,000000
703 1675463116 6805,200000 -1,000000 -101,000000 0,000000 0,000000
703 1675463117 6805,200000 -1,000000 -101,000000 0,000000 0,000000
703 1675463118 6805,200000 -1,000000 -101,000000 0,000000 0,000000
703 1675463119 6805,200000 -1,000000 -101,000000 0,000000 0,000000
703 1675463120 6805,200000 -1,000000 -101,000000 0,000000 0,000000
703 1675463121 6005,000000 -1,000000 -101,000000 0,000000 0,000000
703 1675463122 6005,000000 -1,000000 -101,000000 0,000000 0,000000
703 1675463123 6005,000000 -1,000000 -101,000000 0,000000 0,000000
703 1675463124 6005,000000 -1,000000 -101,000000 0,000000 0,000000
703 1675463125 6005,000000 -1,000000 -101,000000 0,000000 0,000000
703 1675463126 5768,600000 -1,000000 -101,000000 0,000000 0,000000
703 1675463127 5768,600000 -1,000000 -101,000000 0,000000 0,000000
703 1675463128 5768,600000 -1,000000 -101,000000 0,000000 0,000000
703 1675463129 5768,600000 -1,000000 -101,000000 0,000000 0,000000
703 1675463130 5768,600000 -1,000000 -101,000000 0,000000 0,000000
703 1675463131 7382,600000 -1,000000 -101,000000 0,000000 0,000000
703 1675463132 7382,600000 -1,000000 -101,000000 0,000000 0,000000
703 1675463133 7382,600000 -1,000000 -101,000000 0,000000 0,000000
703 1675463134 7382,600000 -1,000000 -101,000000 0,000000 0,000000
703 1675463135 7382,600000 -1,000000 -101,000000 0,000000 0,000000
703 1675463136 3495,800000 -1,000000 -101,000000 0,000000 0,000000
703 1675463137 3495,800000 -1,000000 -101,000000 0,000000 0,000000
703 1675463138 3495,800000 -1,000000 -101,000000 0,000000 0,000000
703 1675463139 3495,800000 -1,000000 -101,000000 0,000000 0,000000
703 1675463140 3495,800000 -1,000000 -101,000000 0,000000 0,000000
703 1675463141 37716,400000 -1,000000 -101,000000 0,000000 0,000000
703 1675463142 37716,400000 -1,000000 -101,000000 0,000000 0,000000
703 1675463143 37716,400000 -1,000000 -101,000000 0,000000 0,000000
703 1675463144 37716,400000 -1,000000 -101,000000 0,000000 0,000000
703 1675463145 37716,400000 -1,000000 -101,000000 0,000000 0,000000
703 1675463146 3008,400000 -1,000000 -101,000000 0,000000 0,000000
703 1675463147 3008,400000 -1,000000 -101,000000 0,000000 0,000000
703 1675463148 3008,400000 -1,000000 -101,000000 0,000000 0,000000
703 1675463149 3008,400000 -1,000000 -101,000000 0,000000 0,000000
703 1675463150 3008,400000 -1,000000 -101,000000 0,000000 0,000000
703 1675463151 4627,200000 -1,000000 -101,000000 0,000000 0,000000
703 1675463152 4627,200000 -1,000000 -101,000000 0,000000 0,000000
703 1675463153 4627,200000 -1,000000 -101,000000 0,000000 0,000000
703 1675463154 4627,200000 -1,000000 -101,000000 0,000000 0,000000
703 1675463155 4627,200000 -1,000000 -101,000000 0,000000 0,000000
703 1675463156 21311,800000 -1,000000 -101,000000 0,000000 0,000000
703 1675463157 21311,800000 -1,000000 -101,000000 0,000000 0,000000
703 1675463158 21311,800000 -1,000000 -101,000000 0,000000 0,000000
703 1675463159 21311,800000 -1,000000 -101,000000 0,000000 0,000000
703 1675463160 21311,800000 -1,000000 -101,000000 0,000000 0,000000
703 1675463161 19202,000000 -1,000000 -101,000000 0,000000 0,000000
703 1675463162 19202,000000 -1,000000 -101,000000 0,000000 0,000000
703 1675463163 19202,000000 -1,000000 -101,000000 0,000000 0,000000
703 1675463164 19202,000000 -1,000000 -101,000000 0,000000 0,000000
703 1675463165 19202,000000 -1,000000 -101,000000 0,000000 0,000000
703 1675463166 17574,400000 -1,000000 -101,000000 0,000000 0,000000
703 1675463167 17574,400000 -1,000000 -101,000000 0,000000 0,000000
703 1675463168 17574,400000 -1,000000 -101,000000 0,000000 0,000000
703 1675463169 17574,400000 -1,000000 -101,000000 0,000000 0,000000
703 1675463170 17574,400000 -1,000000 -101,000000 0,000000 0,000000
703 1675463171 2654,600000 -1,000000 -101,000000 0,000000 0,000000
703 1675463172 2654,600000 -1,000000 -101,000000 0,000000 0,000000
703 1675463173 2654,600000 -1,000000 -101,000000 0,000000 0,000000
703 1675463174 2654,600000 -1,000000 -101,000000 0,000000 0,000000
703 1675463175 2654,600000 -1,000000 -101,000000 0,000000 0,000000
703 1675463176 20322,400000 -1,000000 -101,000000 0,000000 0,000000
703 1675463177 20322,400000 -1,000000 -101,000000 0,000000 0,000000
703 1675463178 20322,400000 -1,000000 -101,000000 0,000000 0,000000
703 1675463179 20322,400000 -1,000000 -101,000000 0,000000 0,000000
703 1675463180 20322,400000 -1,000000 -101,000000 0,000000 0,000000
703 1675463181 20169,600000 -1,000000 -101,000000 0,000000 0,000000
703 1675463182 20169,600000 -1,000000 -101,000000 0,000000 0,000000
703 1675463183 20169,600000 -1,000000 -101,000000 0,000000 0,000000
703 1675463184 20169,600000 -1,000000 -101,000000 0,000000 0,000000
703 1675463185 20169,600000 -1,000000 -101,000000 0,000000 0,000000
703 1675463186 7014,800000 -1,000000 -101,000000 0,000000 0,000000
703 1675463187 7014,800000 -1,000000 -101,000000 0,000000 0,000000
703 1675463188 7014,800000 -1,000000 -101,000000 0,000000 0,000000
703 1675463189 7014,800000 -1,000000 -101,000000 0,000000 0,000000
703 1675463190 7014,800000 -1,000000 -101,000000 0,000000 0,000000
703 1675463191 6783,800000 -1,000000 -101,000000 0,000000 0,000000
703 1675463192 6783,800000 -1,000000 -101,000000 0,000000 0,000000
703 1675463193 6783,800000 -1,000000 -101,000000 0,000000 0,000000
703 1675463194 6783,800000 -1,000000 -101,000000 0,000000 0,000000
703 1675463195 6783,800000 -1,000000 -101,000000 0,000000 0,000000
703 1675463196 4080,200000 -1,000000 -101,000000 0,000000 0,000000
703 1675463197 4080,200000 -1,000000 -101,000000 0,000000 0,000000
703 1675463198 4080,200000 -1,000000 -101,000000 0,000000 0,000000
703 1675463199 4080,200000 -1,000000 -101,000000 0,000000 0,000000
703 1675463200 4080,200000 -1,000000 -101,000000 0,000000 0,000000
703 1675463201 6140,000000 -1,000000 -101,000000 0,000000 0,000000
703 1675463202 6140,000000 -1,000000 -101,000000 0,000000 0,000000
703 1675463203 6140,000000 -1,000000 -101,000000 0,000000 0,000000
703 1675463204 6140,000000 -1,000000 -101,000000 0,000000 0,000000
703 1675463205 6140,000000 -1,000000 -101,000000 0,000000 0,000000
703 1675463206 36255,600000 -1,000000 -101,000000 0,000000 0,000000
703 1675463207 36255,600000 -1,000000 -101,000000 0,000000 0,000000
703 1675463208 36255,600000 -1,000000 -101,000000 0,000000 0,000000
703 1675463209 36255,600000 -1,000000 -101,000000 0,000000 0,000000
703 1675463210 36255,600000 -1,000000 -101,000000 0,000000 0,000000
703 1675463211 20132,800000 -1,000000 -101,000000 0,000000 0,000000
703 1675463212 20132,800000 -1,000000 -101,000000 0,000000 0,000000
703 1675463213 20132,800000 -1,000000 -101,000000 0,000000 0,000000
703 1675463214 20132,800000 -1,000000 -101,000000 0,000000 0,000000
703 1675463215 20132,800000 -1,000000 -101,000000 0,000000 0,000000
703 1675463216 16103,400000 -1,000000 -101,000000 0,000000 0,000000
703 1675463217 16103,400000 -1,000000 -101,000000 0,000000 0,000000
703 1675463218 16103,400000 -1,000000 -101,000000 0,000000 0,000000
703 1675463219 16103,400000 -1,000000 -101,000000 0,000000 0,000000
703 1675463220 16103,400000 -1,000000 -101,000000 0,000000 0,000000
703 1675463221 2414,000000 -1,000000 -101,000000 0,000000 0,000000
703 1675463222 2414,000000 -1,000000 -101,000000 0,000000 0,000000
703 1675463223 2414,000000 -1,000000 -101,000000 0,000000 0,000000
703 1675463224 2414,000000 -1,000000 -101,000000 0,000000 0,000000
703 1675463225 2414,000000 -1,000000 -101,000000 0,000000 0,000000
703 1675463226 2167,000000 -1,000000 -101,000000 0,000000 0,000000
703 1675463227 2167,000000 -1,000000 -101,000000 0,000000 0,000000
703 1675463228 2167,000000 -1,000000 -101,000000 0,000000 0,000000
703 1675463229 2167,000000 -1,000000 -101,000000 0,000000 0,000000
703 1675463230 2167,000000 -1,000000 -101,000000 0,000000 0,000000
703 1675463231 2036,400000 -1,000000 -101,000000 0,000000 0,000000
703 1675463232 2036,400000 -1,000000 -101,000000 0,000000 0,000000
703 1675463233 2036,400000 -1,000000 -101,000000 0,000000 0,000000
703 1675463234 2036,400000 -1,000000 -101,000000 0,000000 0,000000
703 1675463235 2036,400000 -1,000000 -101,000000 0,000000 0,000000
703 1675463236 3282,200000 -1,000000 -101,000000 0,000000 0,000000
703 1675463237 3282,200000 -1,000000 -101,000000 0,000000 0,000000
703 1675463238 3282,200000 -1,000000 -101,000000 0,000000 0,000000
703 1675463239 3282,200000 -1,000000 -101,000000 0,000000 0,000000
703 1675463240 3282,200000 -1,000000 -101,000000 0,000000 0,000000
703 1675463241 3142,200000 -1,000000 -101,000000 0,000000 0,000000
703 1675463242 3142,200000 -1,000000 -101,000000 0,000000 0,000000
703 1675463243 3142,200000 -1,000000 -101,000000 0,000000 0,000000
703 1675463244 3142,200000 -1,000000 -101,000000 0,000000 0,000000
703 1675463245 3142,200000 -1,000000 -101,000000 0,000000 0,000000
703 1675463246 5269,600000 -1,000000 -101,000000 0,000000 0,000000
703 1675463247 5269,600000 -1,000000 -101,000000 0,000000 0,000000
703 1675463248 5269,600000 -1,000000 -101,000000 0,000000 0,000000
703 1675463249 5269,600000 -1,000000 -101,000000 0,000000 0,000000
703 1675463250 5269,600000 -1,000000 -101,000000 0,000000 0,000000
703 1675463251 5000,600000 -1,000000 -101,000000 0,000000 0,000000
703 1675463252 5000,600000 -1,000000 -101,000000 0,000000 0,000000
703 1675463253 5000,600000 -1,000000 -101,000000 0,000000 0,000000
703 1675463254 5000,600000 -1,000000 -101,000000 0,000000 0,000000
703 1675463255 5000,600000 -1,000000 -101,000000 0,000000 0,000000
703 1675463256 6243,800000 -1,000000 -101,000000 0,000000 0,000000
703 1675463257 6243,800000 -1,000000 -101,000000 0,000000 0,000000
703 1675463258 6243,800000 -1,000000 -101,000000 0,000000 0,000000
703 1675463259 6243,800000 -1,000000 -101,000000 0,000000 0,000000
703 1675463260 6243,800000 -1,000000 -101,000000 0,000000 0,000000
703 1675463261 16386,600000 -1,000000 -101,000000 0,000000 0,000000
703 1675463262 16386,600000 -1,000000 -101,000000 0,000000 0,000000
703 1675463263 16386,600000 -1,000000 -101,000000 0,000000 0,000000
703 1675463264 16386,600000 -1,000000 -101,000000 0,000000 0,000000
703 1675463265 16386,600000 -1,000000 -101,000000 0,000000 0,000000
703 1675463266 34072,400000 -1,000000 -101,000000 0,000000 0,000000
703 1675463267 34072,400000 -1,000000 -101,000000 0,000000 0,000000
703 1675463268 34072,400000 -1,000000 -101,000000 0,000000 0,000000
703 1675463269 34072,400000 -1,000000 -101,000000 0,000000 0,000000
703 1675463270 34072,400000 -1,000000 -101,000000 0,000000 0,000000
703 1675463271 3796,200000 -1,000000 -101,000000 0,000000 0,000000
703 1675463272 3796,200000 -1,000000 -101,000000 0,000000 0,000000
703 1675463273 3796,200000 -1,000000 -101,000000 0,000000 0,000000
703 1675463274 3796,200000 -1,000000 -101,000000 0,000000 0,000000
703 1675463275 3796,200000 -1,000000 -101,000000 0,000000 0,000000
703 1675463276 39151,000000 -1,000000 -101,000000 0,000000 0,000000
703 1675463277 39151,000000 -1,000000 -101,000000 0,000000 0,000000
703 1675463278 39151,000000 -1,000000 -101,000000 0,000000 0,000000
703 1675463279 39151,000000 -1,000000 -101,000000 0,000000 0,000000
703 1675463280 39151,000000 -1,000000 -101,000000 0,000000 0,000000
703 1675463281 20386,400000 -1,000000 -101,000000 0,000000 0,000000
703 1675463282 20386,400000 -1,000000 -101,000000 0,000000 0,000000
703 1675463283 20386,400000 -1,000000 -101,000000 0,000000 0,000000
703 1675463284 20386,400000 -1,000000 -101,000000 0,000000 0,000000
703 1675463285 20386,400000 -1,000000 -101,000000 0,000000 0,000000
703 1675463286 849,200000 -1,000000 -101,000000 0,000000 0,000000
703 1675463287 849,200000 -1,000000 -101,000000 0,000000 0,000000
703 1675463288 849,200000 -1,000000 -101,000000 0,000000 0,000000
703 1675463289 849,200000 -1,000000 -101,000000 0,000000 0,000000
703 1675463290 849,200000 -1,000000 -101,000000 0,000000 0,000000
703 1675463291 2905,800000 -1,000000 -101,000000 0,000000 0,000000
703 1675463292 2905,800000 -1,000000 -101,000000 0,000000 0,000000
703 1675463293 2905,800000 -1,000000 -101,000000 0,000000 0,000000
703 1675463294 2905,800000 -1,000000 -101,000000 0,000000 0,000000
703 1675463295 2905,800000 -1,000000 -101,000000 0,000000 0,000000
703 1675463296 3250,000000 -1,000000 -101,000000 0,000000 0,000000
703 1675463297 3250,000000 -1,000000 -101,000000 0,000000 0,000000
703 1675463298 3250,000000 -1,000000 -101,000000 0,000000 0,000000
703 1675463299 3250,000000 -1,000000 -101,000000 0,000000 0,000000
703 1675463300 3250,000000 -1,000000 -101,000000 0,000000 0,000000
703 1675463301 4712,000000 -1,000000 -101,000000 0,000000 0,000000
703 1675463302 4712,000000 -1,000000 -101,000000 0,000000 0,000000
703 1675463303 4712,000000 -1,000000 -101,000000 0,000000 0,000000
703 1675463304 4712,000000 -1,000000 -101,000000 0,000000 0,000000
703 1675463305 4712,000000 -1,000000 -101,000000 0,000000 0,000000
703 1675463306 4072,800000 -1,000000 -101,000000 0,000000 0,000000
703 1675463307 4072,800000 -1,000000 -101,000000 0,000000 0,000000
703 1675463308 4072,800000 -1,000000 -101,000000 0,000000 0,000000
703 1675463309 4072,800000 -1,000000 -101,000000 0,000000 0,000000
703 1675463310 4072,800000 -1,000000 -101,000000 0,000000 0,000000
703 1675463311 4760,400000 -1,000000 -101,000000 0,000000 0,000000
703 1675463312 4760,400000 -1,000000 -101,000000 0,000000 0,000000
703 1675463313 4760,400000 -1,000000 -101,000000 0,000000 0,000000
703 1675463314 4760,400000 -1,000000 -101,000000 0,000000 0,000000
703 1675463315 4760,400000 -1,000000 -101,000000 0,000000 0,000000
703 1675463316 4667,600000 -1,000000 -101,000000 0,000000 0,000000
703 1675463317 4667,600000 -1,000000 -101,000000 0,000000 0,000000
703 1675463318 4667,600000 -1,000000 -101,000000 0,000000 0,000000
703 1675463319 4667,600000 -1,000000 -101,000000 0,000000 0,000000
703 1675463320 4667,600000 -1,000000 -101,000000 0,000000 0,000000
703 1675463321 18552,000000 -1,000000 -101,000000 0,000000 0,000000
703 1675463322 18552,000000 -1,000000 -101,000000 0,000000 0,000000
703 1675463323 18552,000000 -1,000000 -101,000000 0,000000 0,000000
703 1675463324 18552,000000 -1,000000 -101,000000 0,000000 0,000000
703 1675463325 18552,000000 -1,000000 -101,000000 0,000000 0,000000
703 1675463326 2383,600000 -1,000000 -101,000000 0,000000 0,000000
703 1675463327 2383,600000 -1,000000 -101,000000 0,000000 0,000000
703 1675463328 2383,600000 -1,000000 -101,000000 0,000000 0,000000
703 1675463329 2383,600000 -1,000000 -101,000000 0,000000 0,000000
703 1675463330 2383,600000 -1,000000 -101,000000 0,000000 0,000000
703 1675463331 15194,400000 -1,000000 -101,000000 0,000000 0,000000
703 1675463332 15194,400000 -1,000000 -101,000000 0,000000 0,000000
703 1675463333 15194,400000 -1,000000 -101,000000 0,000000 0,000000
703 1675463334 15194,400000 -1,000000 -101,000000 0,000000 0,000000
703 1675463335 15194,400000 -1,000000 -101,000000 0,000000 0,000000
703 1675463336 2455,000000 -1,000000 -101,000000 0,000000 0,000000
703 1675463337 2455,000000 -1,000000 -101,000000 0,000000 0,000000
703 1675463338 2455,000000 -1,000000 -101,000000 0,000000 0,000000
703 1675463339 2455,000000 -1,000000 -101,000000 0,000000 0,000000
703 1675463340 2455,000000 -1,000000 -101,000000 0,000000 0,000000
703 1675463341 22186,400000 -1,000000 -101,000000 0,000000 0,000000
703 1675463342 22186,400000 -1,000000 -101,000000 0,000000 0,000000
703 1675463343 22186,400000 -1,000000 -101,000000 0,000000 0,000000
703 1675463344 22186,400000 -1,000000 -101,000000 0,000000 0,000000
703 1675463345 22186,400000 -1,000000 -101,000000 0,000000 0,000000
703 1675463346 848,600000 -1,000000 -101,000000 0,000000 0,000000
703 1675463347 848,600000 -1,000000 -101,000000 0,000000 0,000000
703 1675463348 848,600000 -1,000000 -101,000000 0,000000 0,000000
703 1675463349 848,600000 -1,000000 -101,000000 0,000000 0,000000
703 1675463350 848,600000 -1,000000 -101,000000 0,000000 0,000000
703 1675463351 3734,000000 -1,000000 -101,000000 0,000000 0,000000
703 1675463352 3734,000000 -1,000000 -101,000000 0,000000 0,000000
703 1675463353 3734,000000 -1,000000 -101,000000 0,000000 0,000000
703 1675463354 3734,000000 -1,000000 -101,000000 0,000000 0,000000
703 1675463355 3734,000000 -1,000000 -101,000000 0,000000 0,000000
703 1675463356 4638,200000 -1,000000 -101,000000 0,000000 0,000000
703 1675463357 4638,200000 -1,000000 -101,000000 0,000000 0,000000
703 1675463358 4638,200000 -1,000000 -101,000000 0,000000 0,000000
703 1675463359 4638,200000 -1,000000 -101,000000 0,000000 0,000000
703 1675463360 4638,200000 -1,000000 -101,000000 0,000000 0,000000
703 1675463361 15159,400000 -1,000000 -101,000000 0,000000 0,000000
703 1675463362 15159,400000 -1,000000 -101,000000 0,000000 0,000000
703 1675463363 15159,400000 -1,000000 -101,000000 0,000000 0,000000
703 1675463364 15159,400000 -1,000000 -101,000000 0,000000 0,000000
703 1675463365 15159,400000 -1,000000 -101,000000 0,000000 0,000000
703 1675463366 16903,800000 -1,000000 -101,000000 0,000000 0,000000
703 1675463367 16903,800000 -1,000000 -101,000000 0,000000 0,000000
703 1675463368 16903,800000 -1,000000 -101,000000 0,000000 0,000000
703 1675463369 16903,800000 -1,000000 -101,000000 0,000000 0,000000
703 1675463370 16903,800000 -1,000000 -101,000000 0,000000 0,000000
703 1675463371 7813,000000 -1,000000 -101,000000 0,000000 0,000000
703 1675463372 7813,000000 -1,000000 -101,000000 0,000000 0,000000
703 1675463373 7813,000000 -1,000000 -101,000000 0,000000 0,000000
703 1675463374 7813,000000 -1,000000 -101,000000 0,000000 0,000000
703 1675463375 7813,000000 -1,000000 -101,000000 0,000000 0,000000
703 1675463376 16226,800000 -1,000000 -101,000000 0,000000 0,000000
703 1675463377 16226,800000 -1,000000 -101,000000 0,000000 0,000000
703 1675463378 16226,800000 -1,000000 -101,000000 0,000000 0,000000
703 1675463379 16226,800000 -1,000000 -101,000000 0,000000 0,000000
703 1675463380 16226,800000 -1,000000 -101,000000 0,000000 0,000000
703 1675463381 14340,200000 -1,000000 -101,000000 0,000000 0,000000
703 1675463382 14340,200000 -1,000000 -101,000000 0,000000 0,000000
703 1675463383 14340,200000 -1,000000 -101,000000 0,000000 0,000000
703 1675463384 14340,200000 -1,000000 -101,000000 0,000000 0,000000
703 1675463385 14340,200000 -1,000000 -101,000000 0,000000 0,000000
703 1675463386 2408,400000 -1,000000 -101,000000 0,000000 0,000000
703 1675463387 2408,400000 -1,000000 -101,000000 0,000000 0,000000
703 1675463388 2408,400000 -1,000000 -101,000000 0,000000 0,000000
703 1675463389 2408,400000 -1,000000 -101,000000 0,000000 0,000000
703 1675463390 2408,400000 -1,000000 -101,000000 0,000000 0,000000
703 1675463391 26084,800000 -1,000000 -101,000000 0,000000 0,000000
703 1675463392 26084,800000 -1,000000 -101,000000 0,000000 0,000000
703 1675463393 26084,800000 -1,000000 -101,000000 0,000000 0,000000
703 1675463394 26084,800000 -1,000000 -101,000000 0,000000 0,000000
703 1675463395 26084,800000 -1,000000 -101,000000 0,000000 0,000000
703 1675463396 1574,200000 -1,000000 -101,000000 0,000000 0,000000
703 1675463397 1574,200000 -1,000000 -101,000000 0,000000 0,000000
703 1675463398 1574,200000 -1,000000 -101,000000 0,000000 0,000000
703 1675463399 1574,200000 -1,000000 -101,000000 0,000000 0,000000
703 1675463400 1574,200000 -1,000000 -101,000000 0,000000 0,000000
703 1675463401 15365,400000 -1,000000 -101,000000 0,000000 0,000000
703 1675463402 15365,400000 -1,000000 -101,000000 0,000000 0,000000
703 1675463403 15365,400000 -1,000000 -101,000000 0,000000 0,000000
703 1675463404 15365,400000 -1,000000 -101,000000 0,000000 0,000000
703 1675463405 15365,400000 -1,000000 -101,000000 0,000000 0,000000
703 1675463406 556,800000 -1,000000 -101,000000 0,000000 0,000000
703 1675463407 556,800000 -1,000000 -101,000000 0,000000 0,000000
703 1675463408 556,800000 -1,000000 -101,000000 0,000000 0,000000
703 1675463409 556,800000 -1,000000 -101,000000 0,000000 0,000000
703 1675463410 556,800000 -1,000000 -101,000000 0,000000 0,000000
703 1675463411 2166,400000 -1,000000 -101,000000 0,000000 0,000000
703 1675463412 2166,400000 -1,000000 -101,000000 0,000000 0,000000
703 1675463413 2166,400000 -1,000000 -101,000000 0,000000 0,000000
703 1675463414 2166,400000 -1,000000 -101,000000 0,000000 0,000000
703 1675463415 2166,400000 -1,000000 -101,000000 0,000000 0,000000
703 1675463416 4638,600000 -1,000000 -101,000000 0,000000 0,000000
703 1675463417 4638,600000 -1,000000 -101,000000 0,000000 0,000000
703 1675463418 4638,600000 -1,000000 -101,000000 0,000000 0,000000
703 1675463419 4638,600000 -1,000000 -101,000000 0,000000 0,000000
703 1675463420 4638,600000 -1,000000 -101,000000 0,000000 0,000000
703 1675463421 4497,200000 -1,000000 -101,000000 0,000000 0,000000
703 1675463422 4497,200000 -1,000000 -101,000000 0,000000 0,000000
703 1675463423 4497,200000 -1,000000 -101,000000 0,000000 0,000000
703 1675463424 4497,200000 -1,000000 -101,000000 0,000000 0,000000
703 1675463425 4497,200000 -1,000000 -101,000000 0,000000 0,000000
703 1675463426 6566,400000 -1,000000 -101,000000 0,000000 0,000000
703 1675463427 6566,400000 -1,000000 -101,000000 0,000000 0,000000
703 1675463428 6566,400000 -1,000000 -101,000000 0,000000 0,000000
703 1675463429 6566,400000 -1,000000 -101,000000 0,000000 0,000000
703 1675463430 6566,400000 -1,000000 -101,000000 0,000000 0,000000
703 1675463431 21577,000000 -1,000000 -101,000000 0,000000 0,000000
703 1675463432 21577,000000 -1,000000 -101,000000 0,000000 0,000000
703 1675463433 21577,000000 -1,000000 -101,000000 0,000000 0,000000
703 1675463434 21577,000000 -1,000000 -101,000000 0,000000 0,000000
703 1675463435 21577,000000 -1,000000 -101,000000 0,000000 0,000000
703 1675463436 3198,200000 -1,000000 -101,000000 0,000000 0,000000
703 1675463437 3198,200000 -1,000000 -101,000000 0,000000 0,000000
703 1675463438 3198,200000 -1,000000 -101,000000 0,000000 0,000000
703 1675463439 3198,200000 -1,000000 -101,000000 0,000000 0,000000
703 1675463440 3198,200000 -1,000000 -101,000000 0,000000 0,000000
703 1675463441 4201,200000 -1,000000 -101,000000 0,000000 0,000000
703 1675463442 4201,200000 -1,000000 -101,000000 0,000000 0,000000
703 1675463443 4201,200000 -1,000000 -101,000000 0,000000 0,000000
703 1675463444 4201,200000 -1,000000 -101,000000 0,000000 0,000000
703 1675463445 4201,200000 -1,000000 -101,000000 0,000000 0,000000
703 1675463446 1901,200000 -1,000000 -101,000000 0,000000 0,000000
703 1675463447 1901,200000 -1,000000 -101,000000 0,000000 0,000000
703 1675463448 1901,200000 -1,000000 -101,000000 0,000000 0,000000
703 1675463449 1901,200000 -1,000000 -101,000000 0,000000 0,000000
703 1675463450 1901,200000 -1,000000 -101,000000 0,000000 0,000000
703 1675463451 20855,200000 -1,000000 -101,000000 0,000000 0,000000
703 1675463452 20855,200000 -1,000000 -101,000000 0,000000 0,000000
703 1675463453 20855,200000 -1,000000 -101,000000 0,000000 0,000000
703 1675463454 20855,200000 -1,000000 -101,000000 0,000000 0,000000
703 1675463455 20855,200000 -1,000000 -101,000000 0,000000 0,000000
703 1675463456 4206,400000 -1,000000 -101,000000 0,000000 0,000000
703 1675463457 4206,400000 -1,000000 -101,000000 0,000000 0,000000
703 1675463458 4206,400000 -1,000000 -101,000000 0,000000 0,000000
703 1675463459 4206,400000 -1,000000 -101,000000 0,000000 0,000000
703 1675463460 4206,400000 -1,000000 -101,000000 0,000000 0,000000
703 1675463461 21465,000000 -1,000000 -101,000000 0,000000 0,000000
703 1675463462 21465,000000 -1,000000 -101,000000 0,000000 0,000000
703 1675463463 21465,000000 -1,000000 -101,000000 0,000000 0,000000
703 1675463464 21465,000000 -1,000000 -101,000000 0,000000 0,000000
703 1675463465 21465,000000 -1,000000 -101,000000 0,000000 0,000000
703 1675463466 35735,400000 -1,000000 -101,000000 0,000000 0,000000
703 1675463467 35735,400000 -1,000000 -101,000000 0,000000 0,000000
703 1675463468 35735,400000 -1,000000 -101,000000 0,000000 0,000000
703 1675463469 35735,400000 -1,000000 -101,000000 0,000000 0,000000
703 1675463470 35735,400000 -1,000000 -101,000000 0,000000 0,000000
703 1675463471 2685,400000 -1,000000 -101,000000 0,000000 0,000000
703 1675463472 2685,400000 -1,000000 -101,000000 0,000000 0,000000
703 1675463473 2685,400000 -1,000000 -101,000000 0,000000 0,000000
703 1675463474 2685,400000 -1,000000 -101,000000 0,000000 0,000000
703 1675463475 2685,400000 -1,000000 -101,000000 0,000000 0,000000
703 1675463476 12459,200000 -1,000000 -101,000000 0,000000 0,000000
703 1675463477 12459,200000 -1,000000 -101,000000 0,000000 0,000000
703 1675463478 12459,200000 -1,000000 -101,000000 0,000000 0,000000
703 1675463479 12459,200000 -1,000000 -101,000000 0,000000 0,000000
703 1675463480 12459,200000 -1,000000 -101,000000 0,000000 0,000000
703 1675463481 10868,000000 -1,000000 -101,000000 0,000000 0,000000
703 1675463482 10868,000000 -1,000000 -101,000000 0,000000 0,000000
703 1675463483 10868,000000 -1,000000 -101,000000 0,000000 0,000000
703 1675463484 10868,000000 -1,000000 -101,000000 0,000000 0,000000
703 1675463485 10868,000000 -1,000000 -101,000000 0,000000 0,000000
703 1675463486 3251,400000 -1,000000 -101,000000 0,000000 0,000000
703 1675463487 3251,400000 -1,000000 -101,000000 0,000000 0,000000
703 1675463488 3251,400000 -1,000000 -101,000000 0,000000 0,000000
703 1675463489 3251,400000 -1,000000 -101,000000 0,000000 0,000000
703 1675463490 3251,400000 -1,000000 -101,000000 0,000000 0,000000
703 1675463491 6207,600000 -1,000000 -101,000000 0,000000 0,000000
703 1675463492 6207,600000 -1,000000 -101,000000 0,000000 0,000000
703 1675463493 6207,600000 -1,000000 -101,000000 0,000000 0,000000
703 1675463494 6207,600000 -1,000000 -101,000000 0,000000 0,000000
703 1675463495 6207,600000 -1,000000 -101,000000 0,000000 0,000000
703 1675463496 6532,200000 -1,000000 -101,000000 0,000000 0,000000
703 1675463497 6532,200000 -1,000000 -101,000000 0,000000 0,000000
703 1675463498 6532,200000 -1,000000 -101,000000 0,000000 0,000000
703 1675463499 6532,200000 -1,000000 -101,000000 0,000000 0,000000
703 1675463500 6532,200000 -1,000000 -101,000000 0,000000 0,000000
703 1675463501 7339,800000 -1,000000 -101,000000 0,000000 0,000000
703 1675463502 7339,800000 -1,000000 -101,000000 0,000000 0,000000
703 1675463503 7339,800000 -1,000000 -101,000000 0,000000 0,000000
703 1675463504 7339,800000 -1,000000 -101,000000 0,000000 0,000000
703 1675463505 7339,800000 -1,000000 -101,000000 0,000000 0,000000
703 1675463506 8335,200000 -1,000000 -101,000000 0,000000 0,000000
703 1675463507 8335,200000 -1,000000 -101,000000 0,000000 0,000000
703 1675463508 8335,200000 -1,000000 -101,000000 0,000000 0,000000
703 1675463509 8335,200000 -1,000000 -101,000000 0,000000 0,000000
703 1675463510 8335,200000 -1,000000 -101,000000 0,000000 0,000000
703 1675463511 2991,200000 -1,000000 -101,000000 0,000000 0,000000
703 1675463512 2991,200000 -1,000000 -101,000000 0,000000 0,000000
703 1675463513 2991,200000 -1,000000 -101,000000 0,000000 0,000000
703 1675463514 2991,200000 -1,000000 -101,000000 0,000000 0,000000
703 1675463515 2991,200000 -1,000000 -101,000000 0,000000 0,000000
703 1675463516 20853,800000 -1,000000 -101,000000 0,000000 0,000000
703 1675463517 20853,800000 -1,000000 -101,000000 0,000000 0,000000
703 1675463518 20853,800000 -1,000000 -101,000000 0,000000 0,000000
703 1675463519 20853,800000 -1,000000 -101,000000 0,000000 0,000000
703 1675463520 20853,800000 -1,000000 -101,000000 0,000000 0,000000
703 1675463521 4022,400000 -1,000000 -101,000000 0,000000 0,000000
703 1675463522 4022,400000 -1,000000 -101,000000 0,000000 0,000000
703 1675463523 4022,400000 -1,000000 -101,000000 0,000000 0,000000
703 1675463524 4022,400000 -1,000000 -101,000000 0,000000 0,000000
703 1675463525 4022,400000 -1,000000 -101,000000 0,000000 0,000000
703 1675463526 18441,800000 -1,000000 -101,000000 0,000000 0,000000
703 1675463527 18441,800000 -1,000000 -101,000000 0,000000 0,000000
703 1675463528 18441,800000 -1,000000 -101,000000 0,000000 0,000000
703 1675463529 18441,800000 -1,000000 -101,000000 0,000000 0,000000
