691 1675462111 0,400000 -1,000000 -101,000000 0,000000 0,000000
691 1675462112 0,400000 -1,000000 -101,000000 0,000000 0,000000
691 1675462113 0,400000 -1,000000 -101,000000 0,000000 0,000000
691 1675462114 0,400000 -1,000000 -101,000000 0,000000 0,000000
691 1675462111 0,200000 -1,000000 0,200000 0,200000 0,008000
691 1675462112 0,200000 -1,000000 0,200000 0,200000 0,008000
691 1675462113 0,200000 -1,000000 0,200000 0,200000 0,008000
691 1675462114 0,200000 -1,000000 0,200000 0,200000 0,008000
691 1675462115 0,600000 -1,000000 -101,000000 0,000000 0,000000
691 1675462116 0,600000 -1,000000 -101,000000 0,000000 0,000000
691 1675462117 0,600000 -1,000000 -101,000000 0,000000 0,000000
691 1675462118 0,600000 -1,000000 -101,000000 0,000000 0,000000
691 1675462119 0,600000 -1,000000 -101,000000 0,000000 0,000000
691 1675462120 0,600000 -1,000000 -101,000000 0,000000 0,000000
691 1675462121 0,200000 -1,000000 -101,000000 0,000000 0,000000
691 1675462122 0,200000 -1,000000 -101,000000 0,000000 0,000000
691 1675462123 0,200000 -1,000000 -101,000000 0,000000 0,000000
691 1675462124 0,200000 -1,000000 -101,000000 0,000000 0,000000
691 1675462125 0,200000 -1,000000 -101,000000 0,000000 0,000000
691 1675462126 0,200000 -1,000000 -101,000000 0,000000 0,000000
691 1675462127 0,200000 -1,000000 -101,000000 0,000000 0,000000
691 1675462128 0,200000 -1,000000 -101,000000 0,000000 0,000000
691 1675462129 0,200000 -1,000000 -101,000000 0,000000 0,000000
691 1675462111 0,200000 -1,000000 0,200000 0,200000 0,008000
691 1675462112 0,200000 -1,000000 0,200000 0,200000 0,008000
691 1675462113 0,200000 -1,000000 0,200000 0,200000 0,008000
691 1675462114 0,200000 -1,000000 0,200000 0,200000 0,008000
691 1675462115 0,200000 -1,000000 0,200000 0,200000 0,008000
691 1675462130 0,200000 -1,000000 -101,000000 0,000000 0,000000
691 1675462131 0,400000 -1,000000 -101,000000 0,000000 0,000000
691 1675462132 0,400000 -1,000000 -101,000000 0,000000 0,000000
691 1675462133 0,400000 -1,000000 -101,000000 0,000000 0,000000
691 1675462134 0,400000 -1,000000 -101,000000 0,000000 0,000000
691 1675462135 0,400000 -1,000000 -101,000000 0,000000 0,000000
691 1675462136 0,400000 -1,000000 -101,000000 0,000000 0,000000
691 1675462137 0,400000 -1,000000 -101,000000 0,000000 0,000000
691 1675462138 0,400000 -1,000000 -101,000000 0,000000 0,000000
691 1675462139 0,400000 -1,000000 -101,000000 0,000000 0,000000
691 1675462140 0,400000 -1,000000 -101,000000 0,000000 0,000000
691 1675462141 0,400000 -1,000000 -101,000000 0,000000 0,000000
691 1675462142 0,400000 -1,000000 -101,000000 0,000000 0,000000
691 1675462143 0,400000 -1,000000 -101,000000 0,000000 0,000000
691 1675462144 0,400000 -1,000000 -101,000000 0,000000 0,000000
691 1675462111 0,200000 -1,000000 0,200000 0,200000 0,008000
691 1675462112 0,200000 -1,000000 0,200000 0,200000 0,008000
691 1675462113 0,200000 -1,000000 0,200000 0,200000 0,008000
691 1675462114 0,200000 -1,000000 0,200000 0,200000 0,008000
691 1675462115 0,200000 -1,000000 0,200000 0,200000 0,008000
691 1675462145 0,400000 -1,000000 -101,000000 0,000000 0,000000
691 1675462146 1,000000 -1,000000 -101,000000 0,000000 0,000000
691 1675462147 1,000000 -1,000000 -101,000000 0,000000 0,000000
691 1675462148 1,000000 -1,000000 -101,000000 0,000000 0,000000
691 1675462149 1,000000 -1,000000 -101,000000 0,000000 0,000000
691 1675462150 1,000000 -1,000000 -101,000000 0,000000 0,000000
691 1675462151 0,800000 -1,000000 -101,000000 0,000000 0,000000
691 1675462152 0,800000 -1,000000 -101,000000 0,000000 0,000000
691 1675462153 0,800000 -1,000000 -101,000000 0,000000 0,000000
691 1675462154 0,800000 -1,000000 -101,000000 0,000000 0,000000
691 1675462155 0,800000 -1,000000 -101,000000 0,000000 0,000000
691 1675462156 0,200000 -1,000000 -101,000000 0,000000 0,000000
691 1675462157 0,200000 -1,000000 -101,000000 0,000000 0,000000
691 1675462158 0,200000 -1,000000 -101,000000 0,000000 0,000000
691 1675462159 0,200000 -1,000000 -101,000000 0,000000 0,000000
691 1675462116 0,200000 -1,000000 0,200000 0,200000 0,008000
691 1675462117 0,200000 -1,000000 0,200000 0,200000 0,008000
691 1675462118 0,200000 -1,000000 0,200000 0,200000 0,008000
691 1675462119 0,200000 -1,000000 0,200000 0,200000 0,008000
691 1675462120 0,200000 -1,000000 0,200000 0,200000 0,008000
691 1675462160 0,200000 -1,000000 -101,000000 0,000000 0,000000
691 1675462161 0,800000 -1,000000 -101,000000 0,000000 0,000000
691 1675462162 0,800000 -1,000000 -101,000000 0,000000 0,000000
691 1675462163 0,800000 -1,000000 -101,000000 0,000000 0,000000
691 1675462164 0,800000 -1,000000 -101,000000 0,000000 0,000000
691 1675462165 0,800000 -1,000000 -101,000000 0,000000 0,000000
691 1675462166 0,200000 -1,000000 -101,000000 0,000000 0,000000
691 1675462167 0,200000 -1,000000 -101,000000 0,000000 0,000000
691 1675462168 0,200000 -1,000000 -101,000000 0,000000 0,000000
691 1675462169 0,200000 -1,000000 -101,000000 0,000000 0,000000
691 1675462170 0,200000 -1,000000 -101,000000 0,000000 0,000000
691 1675462171 0,200000 -1,000000 -101,000000 0,000000 0,000000
691 1675462172 0,200000 -1,000000 -101,000000 0,000000 0,000000
691 1675462173 0,200000 -1,000000 -101,000000 0,000000 0,000000
691 1675462174 0,200000 -1,000000 -101,000000 0,000000 0,000000
691 1675462116 0,200000 -1,000000 0,200000 0,200000 0,008000
691 1675462117 0,200000 -1,000000 0,200000 0,200000 0,008000
691 1675462118 0,200000 -1,000000 0,200000 0,200000 0,008000
691 1675462119 0,200000 -1,000000 0,200000 0,200000 0,008000
691 1675462120 0,200000 -1,000000 0,200000 0,200000 0,008000
691 1675462175 0,200000 -1,000000 -101,000000 0,000000 0,000000
691 1675462176 0,600000 -1,000000 -101,000000 0,000000 0,000000
691 1675462177 0,600000 -1,000000 -101,000000 0,000000 0,000000
691 1675462178 0,600000 -1,000000 -101,000000 0,000000 0,000000
691 1675462179 0,600000 -1,000000 -101,000000 0,000000 0,000000
691 1675462180 0,600000 -1,000000 -101,000000 0,000000 0,000000
691 1675462181 0,600000 -1,000000 -101,000000 0,000000 0,000000
691 1675462182 0,600000 -1,000000 -101,000000 0,000000 0,000000
691 1675462183 0,600000 -1,000000 -101,000000 0,000000 0,000000
691 1675462184 0,600000 -1,000000 -101,000000 0,000000 0,000000
691 1675462185 0,600000 -1,000000 -101,000000 0,000000 0,000000
691 1675462186 1,000000 -1,000000 -101,000000 0,000000 0,000000
691 1675462187 1,000000 -1,000000 -101,000000 0,000000 0,000000
691 1675462188 1,000000 -1,000000 -101,000000 0,000000 0,000000
691 1675462189 1,000000 -1,000000 -101,000000 0,000000 0,000000
691 1675462111 0,200000 -1,000000 0,200000 0,200000 0,008000
691 1675462112 0,200000 -1,000000 0,200000 0,200000 0,008000
691 1675462113 0,200000 -1,000000 0,200000 0,200000 0,008000
691 1675462114 0,200000 -1,000000 0,200000 0,200000 0,008000
691 1675462115 0,200000 -1,000000 0,200000 0,200000 0,008000
691 1675462190 1,000000 -1,000000 -101,000000 0,000000 0,000000
691 1675462191 0,600000 -1,000000 -101,000000 0,000000 0,000000
691 1675462192 0,600000 -1,000000 -101,000000 0,000000 0,000000
691 1675462193 0,600000 -1,000000 -101,000000 0,000000 0,000000
691 1675462194 0,600000 -1,000000 -101,000000 0,000000 0,000000
691 1675462195 0,600000 -1,000000 -101,000000 0,000000 0,000000
691 1675462196 0,800000 -1,000000 -101,000000 0,000000 0,000000
691 1675462197 0,800000 -1,000000 -101,000000 0,000000 0,000000
691 1675462198 0,800000 -1,000000 -101,000000 0,000000 0,000000
691 1675462199 0,800000 -1,000000 -101,000000 0,000000 0,000000
691 1675462200 0,800000 -1,000000 -101,000000 0,000000 0,000000
691 1675462201 0,800000 -1,000000 -101,000000 0,000000 0,000000
691 1675462202 0,800000 -1,000000 -101,000000 0,000000 0,000000
691 1675462203 0,800000 -1,000000 -101,000000 0,000000 0,000000
691 1675462204 0,800000 -1,000000 -101,000000 0,000000 0,000000
691 1675462205 0,800000 -1,000000 -101,000000 0,000000 0,000000
691 1675462206 1,600000 -1,000000 -101,000000 0,000000 0,000000
691 1675462207 1,600000 -1,000000 -101,000000 0,000000 0,000000
691 1675462208 1,600000 -1,000000 -101,000000 0,000000 0,000000
691 1675462209 1,600000 -1,000000 -101,000000 0,000000 0,000000
691 1675462210 1,600000 -1,000000 -101,000000 0,000000 0,000000
691 1675462211 1,800000 -1,000000 -101,000000 0,000000 0,000000
691 1675462212 1,800000 -1,000000 -101,000000 0,000000 0,000000
691 1675462213 1,800000 -1,000000 -101,000000 0,000000 0,000000
691 1675462214 1,800000 -1,000000 -101,000000 0,000000 0,000000
691 1675462215 1,800000 -1,000000 -101,000000 0,000000 0,000000
691 1675462216 0,800000 -1,000000 -101,000000 0,000000 0,000000
691 1675462217 0,800000 -1,000000 -101,000000 0,000000 0,000000
691 1675462218 0,800000 -1,000000 -101,000000 0,000000 0,000000
691 1675462219 0,800000 -1,000000 -101,000000 0,000000 0,000000
691 1675462220 0,800000 -1,000000 -101,000000 0,000000 0,000000
691 1675462221 0,200000 -1,000000 -101,000000 0,000000 0,000000
691 1675462222 0,200000 -1,000000 -101,000000 0,000000 0,000000
691 1675462223 0,200000 -1,000000 -101,000000 0,000000 0,000000
691 1675462224 0,200000 -1,000000 -101,000000 0,000000 0,000000
691 1675462225 0,200000 -1,000000 -101,000000 0,000000 0,000000
691 1675462226 0,800000 -1,000000 -101,000000 0,000000 0,000000
691 1675462227 0,800000 -1,000000 -101,000000 0,000000 0,000000
691 1675462228 0,800000 -1,000000 -101,000000 0,000000 0,000000
691 1675462229 0,800000 -1,000000 -101,000000 0,000000 0,000000
691 1675462230 0,800000 -1,000000 -101,000000 0,000000 0,000000
691 1675462231 0,200000 -1,000000 -101,000000 0,000000 0,000000
691 1675462232 0,200000 -1,000000 -101,000000 0,000000 0,000000
691 1675462233 0,200000 -1,000000 -101,000000 0,000000 0,000000
691 1675462234 0,200000 -1,000000 -101,000000 0,000000 0,000000
691 1675462235 0,200000 -1,000000 -101,000000 0,000000 0,000000
691 1675462236 1,400000 -1,000000 -101,000000 0,000000 0,000000
691 1675462237 1,400000 -1,000000 -101,000000 0,000000 0,000000
691 1675462238 1,400000 -1,000000 -101,000000 0,000000 0,000000
691 1675462239 1,400000 -1,000000 -101,000000 0,000000 0,000000
691 1675462240 1,400000 -1,000000 -101,000000 0,000000 0,000000
691 1675462241 0,600000 -1,000000 -101,000000 0,000000 0,000000
691 1675462242 0,600000 -1,000000 -101,000000 0,000000 0,000000
691 1675462243 0,600000 -1,000000 -101,000000 0,000000 0,000000
691 1675462244 0,600000 -1,000000 -101,000000 0,000000 0,000000
691 1675462245 0,600000 -1,000000 -101,000000 0,000000 0,000000
691 1675462246 1,000000 -1,000000 -101,000000 0,000000 0,000000
691 1675462247 1,000000 -1,000000 -101,000000 0,000000 0,000000
691 1675462248 1,000000 -1,000000 -101,000000 0,000000 0,000000
691 1675462249 1,000000 -1,000000 -101,000000 0,000000 0,000000
691 1675462250 1,000000 -1,000000 -101,000000 0,000000 0,000000
691 1675462251 1,600000 -1,000000 -101,000000 0,000000 0,000000
691 1675462252 1,600000 -1,000000 -101,000000 0,000000 0,000000
691 1675462253 1,600000 -1,000000 -101,000000 0,000000 0,000000
691 1675462254 1,600000 -1,000000 -101,000000 0,000000 0,000000
691 1675462255 1,600000 -1,000000 -101,000000 0,000000 0,000000
691 1675462256 1,000000 -1,000000 -101,000000 0,000000 0,000000
691 1675462257 1,000000 -1,000000 -101,000000 0,000000 0,000000
691 1675462258 1,000000 -1,000000 -101,000000 0,000000 0,000000
691 1675462259 1,000000 -1,000000 -101,000000 0,000000 0,000000
691 1675462260 1,000000 -1,000000 -101,000000 0,000000 0,000000
691 1675462261 1,800000 -1,000000 -101,000000 0,000000 0,000000
691 1675462262 1,800000 -1,000000 -101,000000 0,000000 0,000000
691 1675462263 1,800000 -1,000000 -101,000000 0,000000 0,000000
691 1675462264 1,800000 -1,000000 -101,000000 0,000000 0,000000
691 1675462265 1,800000 -1,000000 -101,000000 0,000000 0,000000
691 1675462266 0,800000 -1,000000 -101,000000 0,000000 0,000000
691 1675462267 0,800000 -1,000000 -101,000000 0,000000 0,000000
691 1675462268 0,800000 -1,000000 -101,000000 0,000000 0,000000
691 1675462269 0,800000 -1,000000 -101,000000 0,000000 0,000000
691 1675462270 0,800000 -1,000000 -101,000000 0,000000 0,000000
691 1675462271 1,400000 -1,000000 -101,000000 0,000000 0,000000
691 1675462272 1,400000 -1,000000 -101,000000 0,000000 0,000000
691 1675462273 1,400000 -1,000000 -101,000000 0,000000 0,000000
691 1675462274 1,400000 -1,000000 -101,000000 0,000000 0,000000
691 1675462275 1,400000 -1,000000 -101,000000 0,000000 0,000000
691 1675462276 1,000000 -1,000000 -101,000000 0,000000 0,000000
691 1675462277 1,000000 -1,000000 -101,000000 0,000000 0,000000
691 1675462278 1,000000 -1,000000 -101,000000 0,000000 0,000000
691 1675462279 1,000000 -1,000000 -101,000000 0,000000 0,000000
691 1675462280 1,000000 -1,000000 -101,000000 0,000000 0,000000
691 1675462281 1,200000 -1,000000 -101,000000 0,000000 0,000000
691 1675462282 1,200000 -1,000000 -101,000000 0,000000 0,000000
691 1675462283 1,200000 -1,000000 -101,000000 0,000000 0,000000
691 1675462284 1,200000 -1,000000 -101,000000 0,000000 0,000000
691 1675462285 1,200000 -1,000000 -101,000000 0,000000 0,000000
691 1675462286 1,000000 -1,000000 -101,000000 0,000000 0,000000
691 1675462287 1,000000 -1,000000 -101,000000 0,000000 0,000000
691 1675462288 1,000000 -1,000000 -101,000000 0,000000 0,000000
691 1675462289 1,000000 -1,000000 -101,000000 0,000000 0,000000
691 1675462290 1,000000 -1,000000 -101,000000 0,000000 0,000000
691 1675462291 0,400000 -1,000000 -101,000000 0,000000 0,000000
691 1675462292 0,400000 -1,000000 -101,000000 0,000000 0,000000
691 1675462293 0,400000 -1,000000 -101,000000 0,000000 0,000000
691 1675462294 0,400000 -1,000000 -101,000000 0,000000 0,000000
691 1675462295 0,400000 -1,000000 -101,000000 0,000000 0,000000
691 1675462296 1,000000 -1,000000 -101,000000 0,000000 0,000000
691 1675462297 1,000000 -1,000000 -101,000000 0,000000 0,000000
691 1675462298 1,000000 -1,000000 -101,000000 0,000000 0,000000
691 1675462299 1,000000 -1,000000 -101,000000 0,000000 0,000000
691 1675462300 1,000000 -1,000000 -101,000000 0,000000 0,000000
691 1675462301 1,200000 -1,000000 -101,000000 0,000000 0,000000
691 1675462302 1,200000 -1,000000 -101,000000 0,000000 0,000000
691 1675462303 1,200000 -1,000000 -101,000000 0,000000 0,000000
691 1675462304 1,200000 -1,000000 -101,000000 0,000000 0,000000
691 1675462305 1,200000 -1,000000 -101,000000 0,000000 0,000000
691 1675462306 0,600000 -1,000000 -101,000000 0,000000 0,000000
691 1675462307 0,600000 -1,000000 -101,000000 0,000000 0,000000
691 1675462308 0,600000 -1,000000 -101,000000 0,000000 0,000000
691 1675462309 0,600000 -1,000000 -101,000000 0,000000 0,000000
691 1675462310 0,600000 -1,000000 -101,000000 0,000000 0,000000
691 1675462311 1,400000 -1,000000 -101,000000 0,000000 0,000000
691 1675462312 1,400000 -1,000000 -101,000000 0,000000 0,000000
691 1675462313 1,400000 -1,000000 -101,000000 0,000000 0,000000
691 1675462314 1,400000 -1,000000 -101,000000 0,000000 0,000000
691 1675462315 1,400000 -1,000000 -101,000000 0,000000 0,000000
691 1675462316 1,000000 -1,000000 -101,000000 0,000000 0,000000
691 1675462317 1,000000 -1,000000 -101,000000 0,000000 0,000000
691 1675462318 1,000000 -1,000000 -101,000000 0,000000 0,000000
691 1675462319 1,000000 -1,000000 -101,000000 0,000000 0,000000
691 1675462320 1,000000 -1,000000 -101,000000 0,000000 0,000000
691 1675462321 1,000000 -1,000000 -101,000000 0,000000 0,000000
691 1675462322 1,000000 -1,000000 -101,000000 0,000000 0,000000
691 1675462323 1,000000 -1,000000 -101,000000 0,000000 0,000000
691 1675462324 1,000000 -1,000000 -101,000000 0,000000 0,000000
691 1675462325 1,000000 -1,000000 -101,000000 0,000000 0,000000
691 1675462326 1,200000 -1,000000 -101,000000 0,000000 0,000000
691 1675462327 1,200000 -1,000000 -101,000000 0,000000 0,000000
691 1675462328 1,200000 -1,000000 -101,000000 0,000000 0,000000
691 1675462329 1,200000 -1,000000 -101,000000 0,000000 0,000000
691 1675462330 1,200000 -1,000000 -101,000000 0,000000 0,000000
691 1675462331 0,600000 -1,000000 -101,000000 0,000000 0,000000
691 1675462332 0,600000 -1,000000 -101,000000 0,000000 0,000000
691 1675462333 0,600000 -1,000000 -101,000000 0,000000 0,000000
691 1675462334 0,600000 -1,000000 -101,000000 0,000000 0,000000
691 1675462335 0,600000 -1,000000 -101,000000 0,000000 0,000000
691 1675462336 1,600000 -1,000000 -101,000000 0,000000 0,000000
691 1675462337 1,600000 -1,000000 -101,000000 0,000000 0,000000
691 1675462338 1,600000 -1,000000 -101,000000 0,000000 0,000000
691 1675462339 1,600000 -1,000000 -101,000000 0,000000 0,000000
691 1675462340 1,600000 -1,000000 -101,000000 0,000000 0,000000
691 1675462341 0,600000 -1,000000 -101,000000 0,000000 0,000000
691 1675462342 0,600000 -1,000000 -101,000000 0,000000 0,000000
691 1675462343 0,600000 -1,000000 -101,000000 0,000000 0,000000
691 1675462344 0,600000 -1,000000 -101,000000 0,000000 0,000000
691 1675462345 0,600000 -1,000000 -101,000000 0,000000 0,000000
691 1675462346 1,200000 -1,000000 -101,000000 0,000000 0,000000
691 1675462347 1,200000 -1,000000 -101,000000 0,000000 0,000000
691 1675462348 1,200000 -1,000000 -101,000000 0,000000 0,000000
691 1675462349 1,200000 -1,000000 -101,000000 0,000000 0,000000
691 1675462350 1,200000 -1,000000 -101,000000 0,000000 0,000000
691 1675462351 1,000000 -1,000000 -101,000000 0,000000 0,000000
691 1675462352 1,000000 -1,000000 -101,000000 0,000000 0,000000
691 1675462353 1,000000 -1,000000 -101,000000 0,000000 0,000000
691 1675462354 1,000000 -1,000000 -101,000000 0,000000 0,000000
691 1675462355 1,000000 -1,000000 -101,000000 0,000000 0,000000
691 1675462356 1,000000 -1,000000 -101,000000 0,000000 0,000000
691 1675462357 1,000000 -1,000000 -101,000000 0,000000 0,000000
691 1675462358 1,000000 -1,000000 -101,000000 0,000000 0,000000
691 1675462359 1,000000 -1,000000 -101,000000 0,000000 0,000000
691 1675462360 1,000000 -1,000000 -101,000000 0,000000 0,000000
691 1675462361 0,800000 -1,000000 -101,000000 0,000000 0,000000
691 1675462362 0,800000 -1,000000 -101,000000 0,000000 0,000000
691 1675462363 0,800000 -1,000000 -101,000000 0,000000 0,000000
691 1675462364 0,800000 -1,000000 -101,000000 0,000000 0,000000
691 1675462365 0,800000 -1,000000 -101,000000 0,000000 0,000000
691 1675462366 0,800000 -1,000000 -101,000000 0,000000 0,000000
691 1675462367 0,800000 -1,000000 -101,000000 0,000000 0,000000
691 1675462368 0,800000 -1,000000 -101,000000 0,000000 0,000000
691 1675462369 0,800000 -1,000000 -101,000000 0,000000 0,000000
691 1675462370 0,800000 -1,000000 -101,000000 0,000000 0,000000
691 1675462371 1,400000 -1,000000 -101,000000 0,000000 0,000000
691 1675462372 1,400000 -1,000000 -101,000000 0,000000 0,000000
691 1675462373 1,400000 -1,000000 -101,000000 0,000000 0,000000
691 1675462374 1,400000 -1,000000 -101,000000 0,000000 0,000000
691 1675462375 1,400000 -1,000000 -101,000000 0,000000 0,000000
691 1675462376 1,400000 -1,000000 -101,000000 0,000000 0,000000
691 1675462377 1,400000 -1,000000 -101,000000 0,000000 0,000000
691 1675462378 1,400000 -1,000000 -101,000000 0,000000 0,000000
691 1675462379 1,400000 -1,000000 -101,000000 0,000000 0,000000
691 1675462380 1,400000 -1,000000 -101,000000 0,000000 0,000000
691 1675462381 0,800000 -1,000000 -101,000000 0,000000 0,000000
691 1675462382 0,800000 -1,000000 -101,000000 0,000000 0,000000
691 1675462383 0,800000 -1,000000 -101,000000 0,000000 0,000000
691 1675462384 0,800000 -1,000000 -101,000000 0,000000 0,000000
691 1675462385 0,800000 -1,000000 -101,000000 0,000000 0,000000
691 1675462386 1,400000 -1,000000 -101,000000 0,000000 0,000000
691 1675462387 1,400000 -1,000000 -101,000000 0,000000 0,000000
691 1675462388 1,400000 -1,000000 -101,000000 0,000000 0,000000
691 1675462389 1,400000 -1,000000 -101,000000 0,000000 0,000000
691 1675462390 1,400000 -1,000000 -101,000000 0,000000 0,000000
691 1675462391 0,600000 -1,000000 -101,000000 0,000000 0,000000
691 1675462392 0,600000 -1,000000 -101,000000 0,000000 0,000000
691 1675462393 0,600000 -1,000000 -101,000000 0,000000 0,000000
691 1675462394 0,600000 -1,000000 -101,000000 0,000000 0,000000
691 1675462395 0,600000 -1,000000 -101,000000 0,000000 0,000000
691 1675462396 1,200000 -1,000000 -101,000000 0,000000 0,000000
691 1675462397 1,200000 -1,000000 -101,000000 0,000000 0,000000
691 1675462398 1,200000 -1,000000 -101,000000 0,000000 0,000000
691 1675462399 1,200000 -1,000000 -101,000000 0,000000 0,000000
691 1675462400 1,200000 -1,000000 -101,000000 0,000000 0,000000
691 1675462401 1,000000 -1,000000 -101,000000 0,000000 0,000000
691 1675462402 1,000000 -1,000000 -101,000000 0,000000 0,000000
691 1675462403 1,000000 -1,000000 -101,000000 0,000000 0,000000
691 1675462404 1,000000 -1,000000 -101,000000 0,000000 0,000000
691 1675462405 1,000000 -1,000000 -101,000000 0,000000 0,000000
691 1675462406 0,400000 -1,000000 -101,000000 0,000000 0,000000
691 1675462407 0,400000 -1,000000 -101,000000 0,000000 0,000000
691 1675462408 0,400000 -1,000000 -101,000000 0,000000 0,000000
691 1675462409 0,400000 -1,000000 -101,000000 0,000000 0,000000
691 1675462410 0,400000 -1,000000 -101,000000 0,000000 0,000000
691 1675462411 0,600000 -1,000000 -101,000000 0,000000 0,000000
691 1675462412 0,600000 -1,000000 -101,000000 0,000000 0,000000
691 1675462413 0,600000 -1,000000 -101,000000 0,000000 0,000000
691 1675462414 0,600000 -1,000000 -101,000000 0,000000 0,000000
691 1675462415 0,600000 -1,000000 -101,000000 0,000000 0,000000
691 1675462416 0,800000 -1,000000 -101,000000 0,000000 0,000000
691 1675462417 0,800000 -1,000000 -101,000000 0,000000 0,000000
691 1675462418 0,800000 -1,000000 -101,000000 0,000000 0,000000
691 1675462419 0,800000 -1,000000 -101,000000 0,000000 0,000000
691 1675462420 0,800000 -1,000000 -101,000000 0,000000 0,000000
691 1675462421 0,400000 -1,000000 -101,000000 0,000000 0,000000
691 1675462422 0,400000 -1,000000 -101,000000 0,000000 0,000000
691 1675462423 0,400000 -1,000000 -101,000000 0,000000 0,000000
691 1675462424 0,400000 -1,000000 -101,000000 0,000000 0,000000
691 1675462425 0,400000 -1,000000 -101,000000 0,000000 0,000000
691 1675462426 1,000000 -1,000000 -101,000000 0,000000 0,000000
691 1675462427 1,000000 -1,000000 -101,000000 0,000000 0,000000
691 1675462428 1,000000 -1,000000 -101,000000 0,000000 0,000000
691 1675462429 1,000000 -1,000000 -101,000000 0,000000 0,000000
691 1675462430 1,000000 -1,000000 -101,000000 0,000000 0,000000
691 1675462431 1,600000 -1,000000 -101,000000 0,000000 0,000000
691 1675462432 1,600000 -1,000000 -101,000000 0,000000 0,000000
691 1675462433 1,600000 -1,000000 -101,000000 0,000000 0,000000
691 1675462434 1,600000 -1,000000 -101,000000 0,000000 0,000000
691 1675462435 1,600000 -1,000000 -101,000000 0,000000 0,000000
691 1675462436 1,800000 -1,000000 -101,000000 0,000000 0,000000
691 1675462437 1,800000 -1,000000 -101,000000 0,000000 0,000000
691 1675462438 1,800000 -1,000000 -101,000000 0,000000 0,000000
691 1675462439 1,800000 -1,000000 -101,000000 0,000000 0,000000
691 1675462440 1,800000 -1,000000 -101,000000 0,000000 0,000000
691 1675462441 1,200000 -1,000000 -101,000000 0,000000 0,000000
691 1675462442 1,200000 -1,000000 -101,000000 0,000000 0,000000
691 1675462443 1,200000 -1,000000 -101,000000 0,000000 0,000000
691 1675462444 1,200000 -1,000000 -101,000000 0,000000 0,000000
691 1675462445 1,200000 -1,000000 -101,000000 0,000000 0,000000
691 1675462446 1,800000 -1,000000 -101,000000 0,000000 0,000000
691 1675462447 1,800000 -1,000000 -101,000000 0,000000 0,000000
691 1675462448 1,800000 -1,000000 -101,000000 0,000000 0,000000
691 1675462449 1,800000 -1,000000 -101,000000 0,000000 0,000000
691 1675462450 1,800000 -1,000000 -101,000000 0,000000 0,000000
691 1675462451 2,200000 -1,000000 -101,000000 0,000000 0,000000
691 1675462452 2,200000 -1,000000 -101,000000 0,000000 0,000000
691 1675462453 2,200000 -1,000000 -101,000000 0,000000 0,000000
691 1675462454 2,200000 -1,000000 -101,000000 0,000000 0,000000
691 1675462455 2,200000 -1,000000 -101,000000 0,000000 0,000000
691 1675462456 0,600000 -1,000000 -101,000000 0,000000 0,000000
691 1675462457 0,600000 -1,000000 -101,000000 0,000000 0,000000
691 1675462458 0,600000 -1,000000 -101,000000 0,000000 0,000000
691 1675462459 0,600000 -1,000000 -101,000000 0,000000 0,000000
691 1675462460 0,600000 -1,000000 -101,000000 0,000000 0,000000
691 1675462461 1,600000 -1,000000 -101,000000 0,000000 0,000000
691 1675462462 1,600000 -1,000000 -101,000000 0,000000 0,000000
691 1675462463 1,600000 -1,000000 -101,000000 0,000000 0,000000
691 1675462464 1,600000 -1,000000 -101,000000 0,000000 0,000000
691 1675462465 1,600000 -1,000000 -101,000000 0,000000 0,000000
691 1675462466 0,200000 -1,000000 -101,000000 0,000000 0,000000
691 1675462467 0,200000 -1,000000 -101,000000 0,000000 0,000000
691 1675462468 0,200000 -1,000000 -101,000000 0,000000 0,000000
691 1675462469 0,200000 -1,000000 -101,000000 0,000000 0,000000
691 1675462470 0,200000 -1,000000 -101,000000 0,000000 0,000000
691 1675462471 0,800000 -1,000000 -101,000000 0,000000 0,000000
691 1675462472 0,800000 -1,000000 -101,000000 0,000000 0,000000
691 1675462473 0,800000 -1,000000 -101,000000 0,000000 0,000000
691 1675462474 0,800000 -1,000000 -101,000000 0,000000 0,000000
691 1675462475 0,800000 -1,000000 -101,000000 0,000000 0,000000
691 1675462486 0,400000 -1,000000 -101,000000 0,000000 0,000000
691 1675462487 0,400000 -1,000000 -101,000000 0,000000 0,000000
691 1675462488 0,400000 -1,000000 -101,000000 0,000000 0,000000
691 1675462489 0,400000 -1,000000 -101,000000 0,000000 0,000000
691 1675462490 0,400000 -1,000000 -101,000000 0,000000 0,000000
691 1675462491 0,600000 -1,000000 -101,000000 0,000000 0,000000
691 1675462492 0,600000 -1,000000 -101,000000 0,000000 0,000000
691 1675462493 0,600000 -1,000000 -101,000000 0,000000 0,000000
691 1675462494 0,600000 -1,000000 -101,000000 0,000000 0,000000
691 1675462495 0,600000 -1,000000 -101,000000 0,000000 0,000000
691 1675462496 0,800000 -1,000000 -101,000000 0,000000 0,000000
691 1675462497 0,800000 -1,000000 -101,000000 0,000000 0,000000
691 1675462498 0,800000 -1,000000 -101,000000 0,000000 0,000000
691 1675462499 0,800000 -1,000000 -101,000000 0,000000 0,000000
691 1675462500 0,800000 -1,000000 -101,000000 0,000000 0,000000
691 1675462501 0,800000 -1,000000 -101,000000 0,000000 0,000000
691 1675462502 0,800000 -1,000000 -101,000000 0,000000 0,000000
691 1675462503 0,800000 -1,000000 -101,000000 0,000000 0,000000
691 1675462504 0,800000 -1,000000 -101,000000 0,000000 0,000000
691 1675462505 0,800000 -1,000000 -101,000000 0,000000 0,000000
691 1675462506 1,400000 -1,000000 -101,000000 0,000000 0,000000
691 1675462507 1,400000 -1,000000 -101,000000 0,000000 0,000000
691 1675462508 1,400000 -1,000000 -101,000000 0,000000 0,000000
691 1675462509 1,400000 -1,000000 -101,000000 0,000000 0,000000
691 1675462510 1,400000 -1,000000 -101,000000 0,000000 0,000000
691 1675462511 0,600000 -1,000000 -101,000000 0,000000 0,000000
691 1675462512 0,600000 -1,000000 -101,000000 0,000000 0,000000
691 1675462513 0,600000 -1,000000 -101,000000 0,000000 0,000000
691 1675462514 0,600000 -1,000000 -101,000000 0,000000 0,000000
691 1675462515 0,600000 -1,000000 -101,000000 0,000000 0,000000
691 1675462516 0,800000 -1,000000 -101,000000 0,000000 0,000000
691 1675462517 0,800000 -1,000000 -101,000000 0,000000 0,000000
691 1675462518 0,800000 -1,000000 -101,000000 0,000000 0,000000
691 1675462519 0,800000 -1,000000 -101,000000 0,000000 0,000000
691 1675462520 0,800000 -1,000000 -101,000000 0,000000 0,000000
691 1675462521 2,200000 -1,000000 -101,000000 0,000000 0,000000
691 1675462522 2,200000 -1,000000 -101,000000 0,000000 0,000000
691 1675462523 2,200000 -1,000000 -101,000000 0,000000 0,000000
691 1675462524 2,200000 -1,000000 -101,000000 0,000000 0,000000
691 1675462525 2,200000 -1,000000 -101,000000 0,000000 0,000000
691 1675462526 0,200000 -1,000000 -101,000000 0,000000 0,000000
691 1675462527 0,200000 -1,000000 -101,000000 0,000000 0,000000
691 1675462528 0,200000 -1,000000 -101,000000 0,000000 0,000000
691 1675462529 0,200000 -1,000000 -101,000000 0,000000 0,000000
691 1675462530 0,200000 -1,000000 -101,000000 0,000000 0,000000
691 1675462531 0,200000 -1,000000 -101,000000 0,000000 0,000000
691 1675462532 0,200000 -1,000000 -101,000000 0,000000 0,000000
691 1675462533 0,200000 -1,000000 -101,000000 0,000000 0,000000
691 1675462534 0,200000 -1,000000 -101,000000 0,000000 0,000000
691 1675462535 0,200000 -1,000000 -101,000000 0,000000 0,000000
691 1675462536 1,000000 -1,000000 -101,000000 0,000000 0,000000
691 1675462537 1,000000 -1,000000 -101,000000 0,000000 0,000000
691 1675462538 1,000000 -1,000000 -101,000000 0,000000 0,000000
691 1675462539 1,000000 -1,000000 -101,000000 0,000000 0,000000
691 1675462540 1,000000 -1,000000 -101,000000 0,000000 0,000000
691 1675462541 0,400000 -1,000000 -101,000000 0,000000 0,000000
691 1675462542 0,400000 -1,000000 -101,000000 0,000000 0,000000
691 1675462543 0,400000 -1,000000 -101,000000 0,000000 0,000000
691 1675462544 0,400000 -1,000000 -101,000000 0,000000 0,000000
691 1675462545 0,400000 -1,000000 -101,000000 0,000000 0,000000
691 1675462546 1,400000 -1,000000 -101,000000 0,000000 0,000000
691 1675462547 1,400000 -1,000000 -101,000000 0,000000 0,000000
691 1675462548 1,400000 -1,000000 -101,000000 0,000000 0,000000
691 1675462549 1,400000 -1,000000 -101,000000 0,000000 0,000000
691 1675462550 1,400000 -1,000000 -101,000000 0,000000 0,000000
691 1675462551 1,000000 -1,000000 -101,000000 0,000000 0,000000
691 1675462552 1,000000 -1,000000 -101,000000 0,000000 0,000000
691 1675462553 1,000000 -1,000000 -101,000000 0,000000 0,000000
691 1675462554 1,000000 -1,000000 -101,000000 0,000000 0,000000
691 1675462555 1,000000 -1,000000 -101,000000 0,000000 0,000000
691 1675462556 0,600000 -1,000000 -101,000000 0,000000 0,000000
691 1675462557 0,600000 -1,000000 -101,000000 0,000000 0,000000
691 1675462558 0,600000 -1,000000 -101,000000 0,000000 0,000000
691 1675462559 0,600000 -1,000000 -101,000000 0,000000 0,000000
691 1675462560 0,600000 -1,000000 -101,000000 0,000000 0,000000
691 1675462561 1,200000 -1,000000 -101,000000 0,000000 0,000000
691 1675462562 1,200000 -1,000000 -101,000000 0,000000 0,000000
691 1675462563 1,200000 -1,000000 -101,000000 0,000000 0,000000
691 1675462564 1,200000 -1,000000 -101,000000 0,000000 0,000000
691 1675462565 1,200000 -1,000000 -101,000000 0,000000 0,000000
691 1675462566 0,800000 -1,000000 -101,000000 0,000000 0,000000
691 1675462567 0,800000 -1,000000 -101,000000 0,000000 0,000000
691 1675462568 0,800000 -1,000000 -101,000000 0,000000 0,000000
691 1675462569 0,800000 -1,000000 -101,000000 0,000000 0,000000
691 1675462570 0,800000 -1,000000 -101,000000 0,000000 0,000000
691 1675462571 0,800000 -1,000000 -101,000000 0,000000 0,000000
691 1675462572 0,800000 -1,000000 -101,000000 0,000000 0,000000
691 1675462573 0,800000 -1,000000 -101,000000 0,000000 0,000000
691 1675462574 0,800000 -1,000000 -101,000000 0,000000 0,000000
691 1675462575 0,800000 -1,000000 -101,000000 0,000000 0,000000
691 1675462576 0,800000 -1,000000 -101,000000 0,000000 0,000000
691 1675462577 0,800000 -1,000000 -101,000000 0,000000 0,000000
691 1675462578 0,800000 -1,000000 -101,000000 0,000000 0,000000
691 1675462579 0,800000 -1,000000 -101,000000 0,000000 0,000000
691 1675462580 0,800000 -1,000000 -101,000000 0,000000 0,000000
691 1675462581 1,800000 -1,000000 -101,000000 0,000000 0,000000
691 1675462582 1,800000 -1,000000 -101,000000 0,000000 0,000000
691 1675462583 1,800000 -1,000000 -101,000000 0,000000 0,000000
691 1675462584 1,800000 -1,000000 -101,000000 0,000000 0,000000
691 1675462585 1,800000 -1,000000 -101,000000 0,000000 0,000000
691 1675462586 1,000000 -1,000000 -101,000000 0,000000 0,000000
691 1675462587 1,000000 -1,000000 -101,000000 0,000000 0,000000
691 1675462588 1,000000 -1,000000 -101,000000 0,000000 0,000000
691 1675462589 1,000000 -1,000000 -101,000000 0,000000 0,000000
691 1675462590 1,000000 -1,000000 -101,000000 0,000000 0,000000
691 1675462591 0,400000 -1,000000 -101,000000 0,000000 0,000000
691 1675462592 0,400000 -1,000000 -101,000000 0,000000 0,000000
691 1675462593 0,400000 -1,000000 -101,000000 0,000000 0,000000
691 1675462594 0,400000 -1,000000 -101,000000 0,000000 0,000000
691 1675462595 0,400000 -1,000000 -101,000000 0,000000 0,000000
691 1675462596 1,600000 -1,000000 -101,000000 0,000000 0,000000
691 1675462597 1,600000 -1,000000 -101,000000 0,000000 0,000000
691 1675462598 1,600000 -1,000000 -101,000000 0,000000 0,000000
691 1675462599 1,600000 -1,000000 -101,000000 0,000000 0,000000
691 1675462600 1,600000 -1,000000 -101,000000 0,000000 0,000000
691 1675462601 0,400000 -1,000000 -101,000000 0,000000 0,000000
691 1675462602 0,400000 -1,000000 -101,000000 0,000000 0,000000
691 1675462603 0,400000 -1,000000 -101,000000 0,000000 0,000000
691 1675462604 0,400000 -1,000000 -101,000000 0,000000 0,000000
691 1675462605 0,400000 -1,000000 -101,000000 0,000000 0,000000
691 1675462606 0,400000 -1,000000 -101,000000 0,000000 0,000000
691 1675462607 0,400000 -1,000000 -101,000000 0,000000 0,000000
691 1675462608 0,400000 -1,000000 -101,000000 0,000000 0,000000
691 1675462609 0,400000 -1,000000 -101,000000 0,000000 0,000000
691 1675462610 0,400000 -1,000000 -101,000000 0,000000 0,000000
691 1675462611 1,200000 -1,000000 -101,000000 0,000000 0,000000
691 1675462612 1,200000 -1,000000 -101,000000 0,000000 0,000000
691 1675462613 1,200000 -1,000000 -101,000000 0,000000 0,000000
691 1675462614 1,200000 -1,000000 -101,000000 0,000000 0,000000
691 1675462615 1,200000 -1,000000 -101,000000 0,000000 0,000000
691 1675462616 0,600000 -1,000000 -101,000000 0,000000 0,000000
691 1675462617 0,600000 -1,000000 -101,000000 0,000000 0,000000
691 1675462618 0,600000 -1,000000 -101,000000 0,000000 0,000000
691 1675462619 0,600000 -1,000000 -101,000000 0,000000 0,000000
691 1675462620 0,600000 -1,000000 -101,000000 0,000000 0,000000
691 1675462621 1,200000 -1,000000 -101,000000 0,000000 0,000000
691 1675462622 1,200000 -1,000000 -101,000000 0,000000 0,000000
691 1675462623 1,200000 -1,000000 -101,000000 0,000000 0,000000
691 1675462624 1,200000 -1,000000 -101,000000 0,000000 0,000000
691 1675462625 1,200000 -1,000000 -101,000000 0,000000 0,000000
691 1675462626 0,600000 -1,000000 -101,000000 0,000000 0,000000
691 1675462627 0,600000 -1,000000 -101,000000 0,000000 0,000000
691 1675462628 0,600000 -1,000000 -101,000000 0,000000 0,000000
691 1675462629 0,600000 -1,000000 -101,000000 0,000000 0,000000
691 1675462630 0,600000 -1,000000 -101,000000 0,000000 0,000000
691 1675462631 0,800000 -1,000000 -101,000000 0,000000 0,000000
691 1675462632 0,800000 -1,000000 -101,000000 0,000000 0,000000
691 1675462633 0,800000 -1,000000 -101,000000 0,000000 0,000000
691 1675462634 0,800000 -1,000000 -101,000000 0,000000 0,000000
691 1675462635 0,800000 -1,000000 -101,000000 0,000000 0,000000
691 1675462636 0,800000 -1,000000 -101,000000 0,000000 0,000000
691 1675462637 0,800000 -1,000000 -101,000000 0,000000 0,000000
691 1675462638 0,800000 -1,000000 -101,000000 0,000000 0,000000
691 1675462639 0,800000 -1,000000 -101,000000 0,000000 0,000000
691 1675462640 0,800000 -1,000000 -101,000000 0,000000 0,000000
691 1675462700 0,600000 -1,000000 0,600000 0,600000 0,072000
691 1675462699 0,600000 -1,000000 0,600000 0,600000 0,072000
691 1675462698 0,600000 -1,000000 0,600000 0,600000 0,072000
691 1675462697 0,600000 -1,000000 0,600000 0,600000 0,072000
691 1675462696 0,600000 -1,000000 0,600000 0,600000 0,072000
691 1675462695 0,600000 -1,000000 0,600000 0,600000 0,072000
691 1675462694 0,600000 -1,000000 0,600000 0,600000 0,072000
691 1675462693 0,600000 -1,000000 0,600000 0,600000 0,072000
691 1675462692 0,600000 -1,000000 0,600000 0,600000 0,072000
691 1675462691 0,600000 -1,000000 0,600000 0,600000 0,072000
691 1675462690 1,200000 -1,000000 1,200000 1,200000 0,288000
691 1675462689 1,200000 -1,000000 1,200000 1,200000 0,288000
691 1675462688 1,200000 -1,000000 1,200000 1,200000 0,288000
691 1675462687 1,200000 -1,000000 1,200000 1,200000 0,288000
691 1675462686 1,200000 -1,000000 1,200000 1,200000 0,288000
691 1675462685 0,600000 -1,000000 0,600000 0,600000 0,072000
691 1675462684 0,600000 -1,000000 0,600000 0,600000 0,072000
691 1675462683 0,600000 -1,000000 0,600000 0,600000 0,072000
691 1675462682 0,600000 -1,000000 0,600000 0,600000 0,072000
691 1675462681 0,600000 -1,000000 0,600000 0,600000 0,072000
691 1675462680 0,600000 -1,000000 0,600000 0,600000 0,072000
691 1675462679 0,600000 -1,000000 0,600000 0,600000 0,072000
691 1675462678 0,600000 -1,000000 0,600000 0,600000 0,072000
691 1675462677 0,600000 -1,000000 0,600000 0,600000 0,072000
691 1675462676 0,600000 -1,000000 0,600000 0,600000 0,072000
691 1675462675 1,200000 -1,000000 1,200000 1,200000 0,288000
691 1675462674 1,200000 -1,000000 1,200000 1,200000 0,288000
691 1675462673 1,200000 -1,000000 1,200000 1,200000 0,288000
691 1675462672 1,200000 -1,000000 1,200000 1,200000 0,288000
691 1675462671 1,200000 -1,000000 1,200000 1,200000 0,288000
691 1675462670 0,200000 -1,000000 0,200000 0,200000 0,008000
691 1675462669 0,200000 -1,000000 0,200000 0,200000 0,008000
691 1675462668 0,200000 -1,000000 0,200000 0,200000 0,008000
691 1675462667 0,200000 -1,000000 0,200000 0,200000 0,008000
691 1675462666 0,200000 -1,000000 0,200000 0,200000 0,008000
691 1675462665 0,800000 -1,000000 0,800000 0,800000 0,128000
691 1675462664 0,800000 -1,000000 0,800000 0,800000 0,128000
691 1675462663 0,800000 -1,000000 0,800000 0,800000 0,128000
691 1675462662 0,800000 -1,000000 0,800000 0,800000 0,128000
691 1675462661 0,800000 -1,000000 0,800000 0,800000 0,128000
691 1675462660 1,600000 -1,000000 1,600000 1,600000 0,512000
691 1675462659 1,600000 -1,000000 1,600000 1,600000 0,512000
691 1675462658 1,600000 -1,000000 1,600000 1,600000 0,512000
691 1675462657 1,600000 -1,000000 1,600000 1,600000 0,512000
691 1675462656 1,600000 -1,000000 1,600000 1,600000 0,512000
691 1675462655 1,200000 -1,000000 1,200000 1,200000 0,288000
691 1675462654 1,200000 -1,000000 1,200000 1,200000 0,288000
691 1675462653 1,200000 -1,000000 1,200000 1,200000 0,288000
691 1675462652 1,200000 -1,000000 1,200000 1,200000 0,288000
691 1675462651 1,200000 -1,000000 1,200000 1,200000 0,288000
691 1675462650 1,400000 -1,000000 1,400000 1,400000 0,392000
691 1675462649 1,400000 -1,000000 1,400000 1,400000 0,392000
691 1675462648 1,400000 -1,000000 1,400000 1,400000 0,392000
691 1675462647 1,400000 -1,000000 1,400000 1,400000 0,392000
691 1675462646 1,400000 -1,000000 1,400000 1,400000 0,392000
691 1675462645 1,000000 -1,000000 1,000000 1,000000 0,200000
691 1675462644 1,000000 -1,000000 1,000000 1,000000 0,200000
691 1675462643 1,000000 -1,000000 1,000000 1,000000 0,200000
691 1675462642 1,000000 -1,000000 1,000000 1,000000 0,200000
691 1675462641 1,000000 -1,000000 1,000000 1,000000 0,200000
691 1675462641 1,000000 -1,000000 -101,000000 0,000000 0,000000
691 1675462642 1,000000 -1,000000 -101,000000 0,000000 0,000000
691 1675462643 1,000000 -1,000000 -101,000000 0,000000 0,000000
691 1675462644 1,000000 -1,000000 -101,000000 0,000000 0,000000
691 1675462645 1,000000 -1,000000 -101,000000 0,000000 0,000000
691 1675462646 1,400000 -1,000000 -101,000000 0,000000 0,000000
691 1675462647 1,400000 -1,000000 -101,000000 0,000000 0,000000
691 1675462648 1,400000 -1,000000 -101,000000 0,000000 0,000000
691 1675462649 1,400000 -1,000000 -101,000000 0,000000 0,000000
691 1675462650 1,400000 -1,000000 -101,000000 0,000000 0,000000
691 1675462651 1,200000 -1,000000 -101,000000 0,000000 0,000000
691 1675462652 1,200000 -1,000000 -101,000000 0,000000 0,000000
691 1675462653 1,200000 -1,000000 -101,000000 0,000000 0,000000
691 1675462654 1,200000 -1,000000 -101,000000 0,000000 0,000000
691 1675462655 1,200000 -1,000000 -101,000000 0,000000 0,000000
691 1675462656 1,600000 -1,000000 -101,000000 0,000000 0,000000
691 1675462657 1,600000 -1,000000 -101,000000 0,000000 0,000000
691 1675462658 1,600000 -1,000000 -101,000000 0,000000 0,000000
691 1675462659 1,600000 -1,000000 -101,000000 0,000000 0,000000
691 1675462660 1,600000 -1,000000 -101,000000 0,000000 0,000000
691 1675462661 0,800000 -1,000000 -101,000000 0,000000 0,000000
691 1675462662 0,800000 -1,000000 -101,000000 0,000000 0,000000
691 1675462663 0,800000 -1,000000 -101,000000 0,000000 0,000000
691 1675462664 0,800000 -1,000000 -101,000000 0,000000 0,000000
691 1675462665 0,800000 -1,000000 -101,000000 0,000000 0,000000
691 1675462666 0,200000 -1,000000 -101,000000 0,000000 0,000000
691 1675462667 0,200000 -1,000000 -101,000000 0,000000 0,000000
691 1675462668 0,200000 -1,000000 -101,000000 0,000000 0,000000
691 1675462669 0,200000 -1,000000 -101,000000 0,000000 0,000000
691 1675462670 0,200000 -1,000000 -101,000000 0,000000 0,000000
691 1675462671 1,200000 -1,000000 -101,000000 0,000000 0,000000
691 1675462672 1,200000 -1,000000 -101,000000 0,000000 0,000000
691 1675462673 1,200000 -1,000000 -101,000000 0,000000 0,000000
691 1675462674 1,200000 -1,000000 -101,000000 0,000000 0,000000
691 1675462675 1,200000 -1,000000 -101,000000 0,000000 0,000000
691 1675462676 0,600000 -1,000000 -101,000000 0,000000 0,000000
691 1675462677 0,600000 -1,000000 -101,000000 0,000000 0,000000
691 1675462678 0,600000 -1,000000 -101,000000 0,000000 0,000000
691 1675462679 0,600000 -1,000000 -101,000000 0,000000 0,000000
691 1675462680 0,600000 -1,000000 -101,000000 0,000000 0,000000
691 1675462681 0,600000 -1,000000 -101,000000 0,000000 0,000000
691 1675462682 0,600000 -1,000000 -101,000000 0,000000 0,000000
691 1675462683 0,600000 -1,000000 -101,000000 0,000000 0,000000
691 1675462684 0,600000 -1,000000 -101,000000 0,000000 0,000000
691 1675462685 0,600000 -1,000000 -101,000000 0,000000 0,000000
691 1675462686 1,200000 -1,000000 -101,000000 0,000000 0,000000
691 1675462687 1,200000 -1,000000 -101,000000 0,000000 0,000000
691 1675462688 1,200000 -1,000000 -101,000000 0,000000 0,000000
691 1675462689 1,200000 -1,000000 -101,000000 0,000000 0,000000
691 1675462690 1,200000 -1,000000 -101,000000 0,000000 0,000000
691 1675462691 0,600000 -1,000000 -101,000000 0,000000 0,000000
691 1675462692 0,600000 -1,000000 -101,000000 0,000000 0,000000
691 1675462693 0,600000 -1,000000 -101,000000 0,000000 0,000000
691 1675462694 0,600000 -1,000000 -101,000000 0,000000 0,000000
691 1675462695 0,600000 -1,000000 -101,000000 0,000000 0,000000
691 1675462696 0,600000 -1,000000 -101,000000 0,000000 0,000000
691 1675462697 0,600000 -1,000000 -101,000000 0,000000 0,000000
691 1675462698 0,600000 -1,000000 -101,000000 0,000000 0,000000
691 1675462699 0,600000 -1,000000 -101,000000 0,000000 0,000000
691 1675462700 0,600000 -1,000000 -101,000000 0,000000 0,000000
691 1675462701 0,400000 -1,000000 -101,000000 0,000000 0,000000
691 1675462702 0,400000 -1,000000 -101,000000 0,000000 0,000000
691 1675462703 0,400000 -1,000000 -101,000000 0,000000 0,000000
691 1675462704 0,400000 -1,000000 -101,000000 0,000000 0,000000
691 1675462705 0,400000 -1,000000 -101,000000 0,000000 0,000000
691 1675462706 1,000000 -1,000000 -101,000000 0,000000 0,000000
691 1675462707 1,000000 -1,000000 -101,000000 0,000000 0,000000
691 1675462708 1,000000 -1,000000 -101,000000 0,000000 0,000000
691 1675462709 1,000000 -1,000000 -101,000000 0,000000 0,000000
691 1675462710 1,000000 -1,000000 -101,000000 0,000000 0,000000
691 1675462711 0,800000 -1,000000 -101,000000 0,000000 0,000000
691 1675462712 0,800000 -1,000000 -101,000000 0,000000 0,000000
691 1675462713 0,800000 -1,000000 -101,000000 0,000000 0,000000
691 1675462714 0,800000 -1,000000 -101,000000 0,000000 0,000000
691 1675462715 0,800000 -1,000000 -101,000000 0,000000 0,000000
691 1675462716 0,200000 -1,000000 -101,000000 0,000000 0,000000
691 1675462717 0,200000 -1,000000 -101,000000 0,000000 0,000000
691 1675462718 0,200000 -1,000000 -101,000000 0,000000 0,000000
691 1675462719 0,200000 -1,000000 -101,000000 0,000000 0,000000
691 1675462720 0,200000 -1,000000 -101,000000 0,000000 0,000000
691 1675462721 0,600000 -1,000000 -101,000000 0,000000 0,000000
691 1675462722 0,600000 -1,000000 -101,000000 0,000000 0,000000
691 1675462723 0,600000 -1,000000 -101,000000 0,000000 0,000000
691 1675462724 0,600000 -1,000000 -101,000000 0,000000 0,000000
691 1675462725 0,600000 -1,000000 -101,000000 0,000000 0,000000
691 1675462731 0,400000 -1,000000 -101,000000 0,000000 0,000000
691 1675462732 0,400000 -1,000000 -101,000000 0,000000 0,000000
691 1675462733 0,400000 -1,000000 -101,000000 0,000000 0,000000
691 1675462734 0,400000 -1,000000 -101,000000 0,000000 0,000000
691 1675462735 0,400000 -1,000000 -101,000000 0,000000 0,000000
691 1675462736 0,800000 -1,000000 -101,000000 0,000000 0,000000
691 1675462737 0,800000 -1,000000 -101,000000 0,000000 0,000000
691 1675462738 0,800000 -1,000000 -101,000000 0,000000 0,000000
691 1675462739 0,800000 -1,000000 -101,000000 0,000000 0,000000
691 1675462740 0,800000 -1,000000 -101,000000 0,000000 0,000000
691 1675462741 0,800000 -1,000000 -101,000000 0,000000 0,000000
691 1675462742 0,800000 -1,000000 -101,000000 0,000000 0,000000
691 1675462743 0,800000 -1,000000 -101,000000 0,000000 0,000000
691 1675462744 0,800000 -1,000000 -101,000000 0,000000 0,000000
691 1675462745 0,800000 -1,000000 -101,000000 0,000000 0,000000
691 1675462746 1,800000 -1,000000 -101,000000 0,000000 0,000000
691 1675462747 1,800000 -1,000000 -101,000000 0,000000 0,000000
691 1675462748 1,800000 -1,000000 -101,000000 0,000000 0,000000
691 1675462749 1,800000 -1,000000 -101,000000 0,000000 0,000000
691 1675462750 1,800000 -1,000000 -101,000000 0,000000 0,000000
691 1675462751 1,400000 -1,000000 -101,000000 0,000000 0,000000
691 1675462752 1,400000 -1,000000 -101,000000 0,000000 0,000000
691 1675462753 1,400000 -1,000000 -101,000000 0,000000 0,000000
691 1675462754 1,400000 -1,000000 -101,000000 0,000000 0,000000
691 1675462755 1,400000 -1,000000 -101,000000 0,000000 0,000000
691 1675462756 1,200000 -1,000000 -101,000000 0,000000 0,000000
691 1675462757 1,200000 -1,000000 -101,000000 0,000000 0,000000
691 1675462758 1,200000 -1,000000 -101,000000 0,000000 0,000000
691 1675462759 1,200000 -1,000000 -101,000000 0,000000 0,000000
691 1675462760 1,200000 -1,000000 -101,000000 0,000000 0,000000
691 1675462761 2,000000 -1,000000 -101,000000 0,000000 0,000000
691 1675462762 2,000000 -1,000000 -101,000000 0,000000 0,000000
691 1675462763 2,000000 -1,000000 -101,000000 0,000000 0,000000
691 1675462764 2,000000 -1,000000 -101,000000 0,000000 0,000000
691 1675462765 2,000000 -1,000000 -101,000000 0,000000 0,000000
691 1675462766 1,600000 -1,000000 -101,000000 0,000000 0,000000
691 1675462767 1,600000 -1,000000 -101,000000 0,000000 0,000000
691 1675462768 1,600000 -1,000000 -101,000000 0,000000 0,000000
691 1675462769 1,600000 -1,000000 -101,000000 0,000000 0,000000
691 1675462770 1,600000 -1,000000 -101,000000 0,000000 0,000000
691 1675462771 1,600000 -1,000000 -101,000000 0,000000 0,000000
691 1675462772 1,600000 -1,000000 -101,000000 0,000000 0,000000
691 1675462773 1,600000 -1,000000 -101,000000 0,000000 0,000000
691 1675462774 1,600000 -1,000000 -101,000000 0,000000 0,000000
691 1675462775 1,600000 -1,000000 -101,000000 0,000000 0,000000
691 1675462776 0,600000 -1,000000 -101,000000 0,000000 0,000000
691 1675462777 0,600000 -1,000000 -101,000000 0,000000 0,000000
691 1675462778 0,600000 -1,000000 -101,000000 0,000000 0,000000
691 1675462779 0,600000 -1,000000 -101,000000 0,000000 0,000000
691 1675462780 0,600000 -1,000000 -101,000000 0,000000 0,000000
691 1675462781 1,400000 -1,000000 -101,000000 0,000000 0,000000
691 1675462782 1,400000 -1,000000 -101,000000 0,000000 0,000000
691 1675462783 1,400000 -1,000000 -101,000000 0,000000 0,000000
691 1675462784 1,400000 -1,000000 -101,000000 0,000000 0,000000
691 1675462785 1,400000 -1,000000 -101,000000 0,000000 0,000000
691 1675462786 0,200000 -1,000000 -101,000000 0,000000 0,000000
691 1675462787 0,200000 -1,000000 -101,000000 0,000000 0,000000
691 1675462788 0,200000 -1,000000 -101,000000 0,000000 0,000000
691 1675462789 0,200000 -1,000000 -101,000000 0,000000 0,000000
691 1675462790 0,200000 -1,000000 -101,000000 0,000000 0,000000
691 1675462791 0,200000 -1,000000 -101,000000 0,000000 0,000000
691 1675462792 0,200000 -1,000000 -101,000000 0,000000 0,000000
691 1675462793 0,200000 -1,000000 -101,000000 0,000000 0,000000
691 1675462794 0,200000 -1,000000 -101,000000 0,000000 0,000000
691 1675462795 0,200000 -1,000000 -101,000000 0,000000 0,000000
691 1675462821 1,800000 -1,000000 -101,000000 0,000000 0,000000
691 1675462822 1,800000 -1,000000 -101,000000 0,000000 0,000000
691 1675462823 1,800000 -1,000000 -101,000000 0,000000 0,000000
691 1675462824 1,800000 -1,000000 -101,000000 0,000000 0,000000
691 1675462825 1,800000 -1,000000 -101,000000 0,000000 0,000000
691 1675462826 1,200000 -1,000000 -101,000000 0,000000 0,000000
691 1675462827 1,200000 -1,000000 -101,000000 0,000000 0,000000
691 1675462828 1,200000 -1,000000 -101,000000 0,000000 0,000000
691 1675462829 1,200000 -1,000000 -101,000000 0,000000 0,000000
691 1675462830 1,200000 -1,000000 -101,000000 0,000000 0,000000
691 1675462831 1,200000 -1,000000 -101,000000 0,000000 0,000000
691 1675462832 1,200000 -1,000000 -101,000000 0,000000 0,000000
691 1675462833 1,200000 -1,000000 -101,000000 0,000000 0,000000
691 1675462834 1,200000 -1,000000 -101,000000 0,000000 0,000000
691 1675462835 1,200000 -1,000000 -101,000000 0,000000 0,000000
691 1675462836 2,200000 -1,000000 -101,000000 0,000000 0,000000
691 1675462837 2,200000 -1,000000 -101,000000 0,000000 0,000000
691 1675462838 2,200000 -1,000000 -101,000000 0,000000 0,000000
691 1675462839 2,200000 -1,000000 -101,000000 0,000000 0,000000
691 1675462840 2,200000 -1,000000 -101,000000 0,000000 0,000000
691 1675462841 1,200000 -1,000000 -101,000000 0,000000 0,000000
691 1675462842 1,200000 -1,000000 -101,000000 0,000000 0,000000
691 1675462843 1,200000 -1,000000 -101,000000 0,000000 0,000000
691 1675462844 1,200000 -1,000000 -101,000000 0,000000 0,000000
691 1675462845 1,200000 -1,000000 -101,000000 0,000000 0,000000
691 1675462846 1,200000 -1,000000 -101,000000 0,000000 0,000000
691 1675462847 1,200000 -1,000000 -101,000000 0,000000 0,000000
691 1675462848 1,200000 -1,000000 -101,000000 0,000000 0,000000
691 1675462849 1,200000 -1,000000 -101,000000 0,000000 0,000000
691 1675462850 1,200000 -1,000000 -101,000000 0,000000 0,000000
691 1675462851 2,000000 -1,000000 -101,000000 0,000000 0,000000
691 1675462852 2,000000 -1,000000 -101,000000 0,000000 0,000000
691 1675462853 2,000000 -1,000000 -101,000000 0,000000 0,000000
691 1675462854 2,000000 -1,000000 -101,000000 0,000000 0,000000
691 1675462855 2,000000 -1,000000 -101,000000 0,000000 0,000000
691 1675462856 1,600000 -1,000000 -101,000000 0,000000 0,000000
691 1675462857 1,600000 -1,000000 -101,000000 0,000000 0,000000
691 1675462858 1,600000 -1,000000 -101,000000 0,000000 0,000000
691 1675462859 1,600000 -1,000000 -101,000000 0,000000 0,000000
691 1675462860 1,600000 -1,000000 -101,000000 0,000000 0,000000
691 1675462861 2,400000 -1,000000 -101,000000 0,000000 0,000000
691 1675462862 2,400000 -1,000000 -101,000000 0,000000 0,000000
691 1675462863 2,400000 -1,000000 -101,000000 0,000000 0,000000
691 1675462864 2,400000 -1,000000 -101,000000 0,000000 0,000000
691 1675462865 2,400000 -1,000000 -101,000000 0,000000 0,000000
691 1675462866 0,800000 -1,000000 -101,000000 0,000000 0,000000
691 1675462867 0,800000 -1,000000 -101,000000 0,000000 0,000000
691 1675462868 0,800000 -1,000000 -101,000000 0,000000 0,000000
691 1675462869 0,800000 -1,000000 -101,000000 0,000000 0,000000
691 1675462870 0,800000 -1,000000 -101,000000 0,000000 0,000000
691 1675462871 1,000000 -1,000000 -101,000000 0,000000 0,000000
691 1675462872 1,000000 -1,000000 -101,000000 0,000000 0,000000
691 1675462873 1,000000 -1,000000 -101,000000 0,000000 0,000000
691 1675462874 1,000000 -1,000000 -101,000000 0,000000 0,000000
691 1675462875 1,000000 -1,000000 -101,000000 0,000000 0,000000
691 1675462876 1,400000 -1,000000 -101,000000 0,000000 0,000000
691 1675462877 1,400000 -1,000000 -101,000000 0,000000 0,000000
691 1675462878 1,400000 -1,000000 -101,000000 0,000000 0,000000
691 1675462879 1,400000 -1,000000 -101,000000 0,000000 0,000000
691 1675462880 1,400000 -1,000000 -101,000000 0,000000 0,000000
691 1675462881 1,000000 -1,000000 -101,000000 0,000000 0,000000
691 1675462882 1,000000 -1,000000 -101,000000 0,000000 0,000000
691 1675462883 1,000000 -1,000000 -101,000000 0,000000 0,000000
691 1675462884 1,000000 -1,000000 -101,000000 0,000000 0,000000
691 1675462885 1,000000 -1,000000 -101,000000 0,000000 0,000000
691 1675462886 1,400000 -1,000000 -101,000000 0,000000 0,000000
691 1675462887 1,400000 -1,000000 -101,000000 0,000000 0,000000
691 1675462888 1,400000 -1,000000 -101,000000 0,000000 0,000000
691 1675462889 1,400000 -1,000000 -101,000000 0,000000 0,000000
691 1675462890 1,400000 -1,000000 -101,000000 0,000000 0,000000
691 1675462891 0,800000 -1,000000 -101,000000 0,000000 0,000000
691 1675462892 0,800000 -1,000000 -101,000000 0,000000 0,000000
691 1675462893 0,800000 -1,000000 -101,000000 0,000000 0,000000
691 1675462894 0,800000 -1,000000 -101,000000 0,000000 0,000000
691 1675462895 0,800000 -1,000000 -101,000000 0,000000 0,000000
691 1675462896 2,400000 -1,000000 -101,000000 0,000000 0,000000
691 1675462897 2,400000 -1,000000 -101,000000 0,000000 0,000000
691 1675462898 2,400000 -1,000000 -101,000000 0,000000 0,000000
691 1675462899 2,400000 -1,000000 -101,000000 0,000000 0,000000
691 1675462900 2,400000 -1,000000 -101,000000 0,000000 0,000000
691 1675462901 0,400000 -1,000000 -101,000000 0,000000 0,000000
691 1675462902 0,400000 -1,000000 -101,000000 0,000000 0,000000
691 1675462903 0,400000 -1,000000 -101,000000 0,000000 0,000000
691 1675462904 0,400000 -1,000000 -101,000000 0,000000 0,000000
691 1675462905 0,400000 -1,000000 -101,000000 0,000000 0,000000
691 1675462906 1,000000 -1,000000 -101,000000 0,000000 0,000000
691 1675462907 1,000000 -1,000000 -101,000000 0,000000 0,000000
691 1675462908 1,000000 -1,000000 -101,000000 0,000000 0,000000
691 1675462909 1,000000 -1,000000 -101,000000 0,000000 0,000000
691 1675462910 1,000000 -1,000000 -101,000000 0,000000 0,000000
691 1675462911 0,800000 -1,000000 -101,000000 0,000000 0,000000
691 1675462912 0,800000 -1,000000 -101,000000 0,000000 0,000000
691 1675462913 0,800000 -1,000000 -101,000000 0,000000 0,000000
691 1675462914 0,800000 -1,000000 -101,000000 0,000000 0,000000
691 1675462915 0,800000 -1,000000 -101,000000 0,000000 0,000000
691 1675462916 0,400000 -1,000000 -101,000000 0,000000 0,000000
691 1675462917 0,400000 -1,000000 -101,000000 0,000000 0,000000
691 1675462918 0,400000 -1,000000 -101,000000 0,000000 0,000000
691 1675462919 0,400000 -1,000000 -101,000000 0,000000 0,000000
691 1675462920 0,400000 -1,000000 -101,000000 0,000000 0,000000
691 1675462921 0,800000 -1,000000 -101,000000 0,000000 0,000000
691 1675462922 0,800000 -1,000000 -101,000000 0,000000 0,000000
691 1675462923 0,800000 -1,000000 -101,000000 0,000000 0,000000
691 1675462924 0,800000 -1,000000 -101,000000 0,000000 0,000000
691 1675462925 0,800000 -1,000000 -101,000000 0,000000 0,000000
691 1675462926 1,200000 -1,000000 -101,000000 0,000000 0,000000
691 1675462927 1,200000 -1,000000 -101,000000 0,000000 0,000000
691 1675462928 1,200000 -1,000000 -101,000000 0,000000 0,000000
691 1675462929 1,200000 -1,000000 -101,000000 0,000000 0,000000
691 1675462930 1,200000 -1,000000 -101,000000 0,000000 0,000000
691 1675462931 1,200000 -1,000000 -101,000000 0,000000 0,000000
691 1675462932 1,200000 -1,000000 -101,000000 0,000000 0,000000
691 1675462933 1,200000 -1,000000 -101,000000 0,000000 0,000000
691 1675462934 1,200000 -1,000000 -101,000000 0,000000 0,000000
691 1675462935 1,200000 -1,000000 -101,000000 0,000000 0,000000
691 1675462936 1,000000 -1,000000 -101,000000 0,000000 0,000000
691 1675462937 1,000000 -1,000000 -101,000000 0,000000 0,000000
691 1675462938 1,000000 -1,000000 -101,000000 0,000000 0,000000
691 1675462939 1,000000 -1,000000 -101,000000 0,000000 0,000000
691 1675462940 1,000000 -1,000000 -101,000000 0,000000 0,000000
691 1675462941 1,000000 -1,000000 -101,000000 0,000000 0,000000
691 1675462942 1,000000 -1,000000 -101,000000 0,000000 0,000000
691 1675462943 1,000000 -1,000000 -101,000000 0,000000 0,000000
691 1675462944 1,000000 -1,000000 -101,000000 0,000000 0,000000
691 1675462945 1,000000 -1,000000 -101,000000 0,000000 0,000000
691 1675462946 1,200000 -1,000000 -101,000000 0,000000 0,000000
691 1675462947 1,200000 -1,000000 -101,000000 0,000000 0,000000
691 1675462948 1,200000 -1,000000 -101,000000 0,000000 0,000000
691 1675462949 1,200000 -1,000000 -101,000000 0,000000 0,000000
691 1675462950 1,200000 -1,000000 -101,000000 0,000000 0,000000
691 1675462951 1,600000 -1,000000 -101,000000 0,000000 0,000000
691 1675462952 1,600000 -1,000000 -101,000000 0,000000 0,000000
691 1675462953 1,600000 -1,000000 -101,000000 0,000000 0,000000
691 1675462954 1,600000 -1,000000 -101,000000 0,000000 0,000000
691 1675462955 1,600000 -1,000000 -101,000000 0,000000 0,000000
691 1675462956 2,000000 -1,000000 -101,000000 0,000000 0,000000
691 1675462957 2,000000 -1,000000 -101,000000 0,000000 0,000000
691 1675462958 2,000000 -1,000000 -101,000000 0,000000 0,000000
691 1675462959 2,000000 -1,000000 -101,000000 0,000000 0,000000
691 1675462960 2,000000 -1,000000 -101,000000 0,000000 0,000000
691 1675462961 1,400000 -1,000000 -101,000000 0,000000 0,000000
691 1675462962 1,400000 -1,000000 -101,000000 0,000000 0,000000
691 1675462963 1,400000 -1,000000 -101,000000 0,000000 0,000000
691 1675462964 1,400000 -1,000000 -101,000000 0,000000 0,000000
691 1675462965 1,400000 -1,000000 -101,000000 0,000000 0,000000
691 1675462966 0,400000 -1,000000 -101,000000 0,000000 0,000000
691 1675462967 0,400000 -1,000000 -101,000000 0,000000 0,000000
691 1675462968 0,400000 -1,000000 -101,000000 0,000000 0,000000
691 1675462969 0,400000 -1,000000 -101,000000 0,000000 0,000000
691 1675462970 0,400000 -1,000000 -101,000000 0,000000 0,000000
691 1675462971 1,400000 -1,000000 -101,000000 0,000000 0,000000
691 1675462972 1,400000 -1,000000 -101,000000 0,000000 0,000000
691 1675462973 1,400000 -1,000000 -101,000000 0,000000 0,000000
691 1675462974 1,400000 -1,000000 -101,000000 0,000000 0,000000
691 1675462975 1,400000 -1,000000 -101,000000 0,000000 0,000000
691 1675462976 0,600000 -1,000000 -101,000000 0,000000 0,000000
691 1675462977 0,600000 -1,000000 -101,000000 0,000000 0,000000
691 1675462978 0,600000 -1,000000 -101,000000 0,000000 0,000000
691 1675462979 0,600000 -1,000000 -101,000000 0,000000 0,000000
691 1675462980 0,600000 -1,000000 -101,000000 0,000000 0,000000
691 1675462981 1,000000 -1,000000 -101,000000 0,000000 0,000000
691 1675462982 1,000000 -1,000000 -101,000000 0,000000 0,000000
691 1675462983 1,000000 -1,000000 -101,000000 0,000000 0,000000
691 1675462984 1,000000 -1,000000 -101,000000 0,000000 0,000000
691 1675462985 1,000000 -1,000000 -101,000000 0,000000 0,000000
691 1675462986 1,800000 -1,000000 -101,000000 0,000000 0,000000
691 1675462987 1,800000 -1,000000 -101,000000 0,000000 0,000000
691 1675462988 1,800000 -1,000000 -101,000000 0,000000 0,000000
691 1675462989 1,800000 -1,000000 -101,000000 0,000000 0,000000
691 1675462990 1,800000 -1,000000 -101,000000 0,000000 0,000000
691 1675462991 0,600000 -1,000000 -101,000000 0,000000 0,000000
691 1675462992 0,600000 -1,000000 -101,000000 0,000000 0,000000
691 1675462993 0,600000 -1,000000 -101,000000 0,000000 0,000000
691 1675462994 0,600000 -1,000000 -101,000000 0,000000 0,000000
691 1675462995 0,600000 -1,000000 -101,000000 0,000000 0,000000
691 1675462996 0,800000 -1,000000 -101,000000 0,000000 0,000000
691 1675462997 0,800000 -1,000000 -101,000000 0,000000 0,000000
691 1675462998 0,800000 -1,000000 -101,000000 0,000000 0,000000
691 1675462999 0,800000 -1,000000 -101,000000 0,000000 0,000000
691 1675463000 0,800000 -1,000000 -101,000000 0,000000 0,000000
691 1675463001 1,400000 -1,000000 -101,000000 0,000000 0,000000
691 1675463002 1,400000 -1,000000 -101,000000 0,000000 0,000000
691 1675463003 1,400000 -1,000000 -101,000000 0,000000 0,000000
691 1675463004 1,400000 -1,000000 -101,000000 0,000000 0,000000
691 1675463005 1,400000 -1,000000 -101,000000 0,000000 0,000000
691 1675463006 1,200000 -1,000000 -101,000000 0,000000 0,000000
691 1675463007 1,200000 -1,000000 -101,000000 0,000000 0,000000
691 1675463008 1,200000 -1,000000 -101,000000 0,000000 0,000000
691 1675463009 1,200000 -1,000000 -101,000000 0,000000 0,000000
691 1675463010 1,200000 -1,000000 -101,000000 0,000000 0,000000
691 1675463011 0,800000 -1,000000 -101,000000 0,000000 0,000000
691 1675463012 0,800000 -1,000000 -101,000000 0,000000 0,000000
691 1675463013 0,800000 -1,000000 -101,000000 0,000000 0,000000
691 1675463014 0,800000 -1,000000 -101,000000 0,000000 0,000000
691 1675463015 0,800000 -1,000000 -101,000000 0,000000 0,000000
691 1675463016 0,800000 -1,000000 -101,000000 0,000000 0,000000
691 1675463017 0,800000 -1,000000 -101,000000 0,000000 0,000000
691 1675463018 0,800000 -1,000000 -101,000000 0,000000 0,000000
691 1675463019 0,800000 -1,000000 -101,000000 0,000000 0,000000
691 1675463020 0,800000 -1,000000 -101,000000 0,000000 0,000000
691 1675463021 1,600000 -1,000000 -101,000000 0,000000 0,000000
691 1675463022 1,600000 -1,000000 -101,000000 0,000000 0,000000
691 1675463023 1,600000 -1,000000 -101,000000 0,000000 0,000000
691 1675463024 1,600000 -1,000000 -101,000000 0,000000 0,000000
691 1675463025 1,600000 -1,000000 -101,000000 0,000000 0,000000
691 1675463026 0,400000 -1,000000 -101,000000 0,000000 0,000000
691 1675463027 0,400000 -1,000000 -101,000000 0,000000 0,000000
691 1675463028 0,400000 -1,000000 -101,000000 0,000000 0,000000
691 1675463029 0,400000 -1,000000 -101,000000 0,000000 0,000000
691 1675463030 0,400000 -1,000000 -101,000000 0,000000 0,000000
691 1675463031 1,000000 -1,000000 -101,000000 0,000000 0,000000
691 1675463032 1,000000 -1,000000 -101,000000 0,000000 0,000000
691 1675463033 1,000000 -1,000000 -101,000000 0,000000 0,000000
691 1675463034 1,000000 -1,000000 -101,000000 0,000000 0,000000
691 1675463035 1,000000 -1,000000 -101,000000 0,000000 0,000000
691 1675463036 0,400000 -1,000000 -101,000000 0,000000 0,000000
691 1675463037 0,400000 -1,000000 -101,000000 0,000000 0,000000
691 1675463038 0,400000 -1,000000 -101,000000 0,000000 0,000000
691 1675463039 0,400000 -1,000000 -101,000000 0,000000 0,000000
691 1675463040 0,400000 -1,000000 -101,000000 0,000000 0,000000
691 1675463041 0,800000 -1,000000 -101,000000 0,000000 0,000000
691 1675463042 0,800000 -1,000000 -101,000000 0,000000 0,000000
691 1675463043 0,800000 -1,000000 -101,000000 0,000000 0,000000
691 1675463044 0,800000 -1,000000 -101,000000 0,000000 0,000000
691 1675463045 0,800000 -1,000000 -101,000000 0,000000 0,000000
691 1675463046 1,400000 -1,000000 -101,000000 0,000000 0,000000
691 1675463047 1,400000 -1,000000 -101,000000 0,000000 0,000000
691 1675463048 1,400000 -1,000000 -101,000000 0,000000 0,000000
691 1675463049 1,400000 -1,000000 -101,000000 0,000000 0,000000
691 1675463050 1,400000 -1,000000 -101,000000 0,000000 0,000000
691 1675463051 1,000000 -1,000000 -101,000000 0,000000 0,000000
691 1675463052 1,000000 -1,000000 -101,000000 0,000000 0,000000
691 1675463053 1,000000 -1,000000 -101,000000 0,000000 0,000000
691 1675463054 1,000000 -1,000000 -101,000000 0,000000 0,000000
691 1675463055 1,000000 -1,000000 -101,000000 0,000000 0,000000
691 1675463056 1,200000 -1,000000 -101,000000 0,000000 0,000000
691 1675463057 1,200000 -1,000000 -101,000000 0,000000 0,000000
691 1675463058 1,200000 -1,000000 -101,000000 0,000000 0,000000
691 1675463059 1,200000 -1,000000 -101,000000 0,000000 0,000000
691 1675463060 1,200000 -1,000000 -101,000000 0,000000 0,000000
691 1675463061 2,000000 -1,000000 -101,000000 0,000000 0,000000
691 1675463062 2,000000 -1,000000 -101,000000 0,000000 0,000000
691 1675463063 2,000000 -1,000000 -101,000000 0,000000 0,000000
691 1675463064 2,000000 -1,000000 -101,000000 0,000000 0,000000
691 1675463065 2,000000 -1,000000 -101,000000 0,000000 0,000000
691 1675463066 1,000000 -1,000000 -101,000000 0,000000 0,000000
691 1675463067 1,000000 -1,000000 -101,000000 0,000000 0,000000
691 1675463068 1,000000 -1,000000 -101,000000 0,000000 0,000000
691 1675463069 1,000000 -1,000000 -101,000000 0,000000 0,000000
691 1675463070 1,000000 -1,000000 -101,000000 0,000000 0,000000
691 1675463071 1,000000 -1,000000 -101,000000 0,000000 0,000000
691 1675463072 1,000000 -1,000000 -101,000000 0,000000 0,000000
691 1675463073 1,000000 -1,000000 -101,000000 0,000000 0,000000
691 1675463074 1,000000 -1,000000 -101,000000 0,000000 0,000000
691 1675463075 1,000000 -1,000000 -101,000000 0,000000 0,000000
691 1675463076 1,400000 -1,000000 -101,000000 0,000000 0,000000
691 1675463077 1,400000 -1,000000 -101,000000 0,000000 0,000000
691 1675463078 1,400000 -1,000000 -101,000000 0,000000 0,000000
691 1675463079 1,400000 -1,000000 -101,000000 0,000000 0,000000
691 1675463080 1,400000 -1,000000 -101,000000 0,000000 0,000000
691 1675463081 2,000000 -1,000000 -101,000000 0,000000 0,000000
691 1675463082 2,000000 -1,000000 -101,000000 0,000000 0,000000
691 1675463083 2,000000 -1,000000 -101,000000 0,000000 0,000000
691 1675463084 2,000000 -1,000000 -101,000000 0,000000 0,000000
691 1675463085 2,000000 -1,000000 -101,000000 0,000000 0,000000
691 1675463086 0,600000 -1,000000 -101,000000 0,000000 0,000000
691 1675463087 0,600000 -1,000000 -101,000000 0,000000 0,000000
691 1675463088 0,600000 -1,000000 -101,000000 0,000000 0,000000
691 1675463089 0,600000 -1,000000 -101,000000 0,000000 0,000000
691 1675463090 0,600000 -1,000000 -101,000000 0,000000 0,000000
691 1675463091 0,800000 -1,000000 -101,000000 0,000000 0,000000
691 1675463092 0,800000 -1,000000 -101,000000 0,000000 0,000000
691 1675463093 0,800000 -1,000000 -101,000000 0,000000 0,000000
691 1675463094 0,800000 -1,000000 -101,000000 0,000000 0,000000
691 1675463095 0,800000 -1,000000 -101,000000 0,000000 0,000000
691 1675463096 0,800000 -1,000000 -101,000000 0,000000 0,000000
691 1675463097 0,800000 -1,000000 -101,000000 0,000000 0,000000
691 1675463098 0,800000 -1,000000 -101,000000 0,000000 0,000000
691 1675463099 0,800000 -1,000000 -101,000000 0,000000 0,000000
691 1675463100 0,800000 -1,000000 -101,000000 0,000000 0,000000
691 1675463101 0,200000 -1,000000 -101,000000 0,000000 0,000000
691 1675463102 0,200000 -1,000000 -101,000000 0,000000 0,000000
691 1675463103 0,200000 -1,000000 -101,000000 0,000000 0,000000
691 1675463104 0,200000 -1,000000 -101,000000 0,000000 0,000000
691 1675463105 0,200000 -1,000000 -101,000000 0,000000 0,000000
691 1675463106 0,800000 -1,000000 -101,000000 0,000000 0,000000
691 1675463107 0,800000 -1,000000 -101,000000 0,000000 0,000000
691 1675463108 0,800000 -1,000000 -101,000000 0,000000 0,000000
691 1675463109 0,800000 -1,000000 -101,000000 0,000000 0,000000
691 1675463110 0,800000 -1,000000 -101,000000 0,000000 0,000000
691 1675463111 0,800000 -1,000000 -101,000000 0,000000 0,000000
691 1675463112 0,800000 -1,000000 -101,000000 0,000000 0,000000
691 1675463113 0,800000 -1,000000 -101,000000 0,000000 0,000000
691 1675463114 0,800000 -1,000000 -101,000000 0,000000 0,000000
691 1675463115 0,800000 -1,000000 -101,000000 0,000000 0,000000
691 1675463116 1,400000 -1,000000 -101,000000 0,000000 0,000000
691 1675463117 1,400000 -1,000000 -101,000000 0,000000 0,000000
691 1675463118 1,400000 -1,000000 -101,000000 0,000000 0,000000
691 1675463119 1,400000 -1,000000 -101,000000 0,000000 0,000000
691 1675463120 1,400000 -1,000000 -101,000000 0,000000 0,000000
691 1675463121 1,400000 -1,000000 -101,000000 0,000000 0,000000
691 1675463122 1,400000 -1,000000 -101,000000 0,000000 0,000000
691 1675463123 1,400000 -1,000000 -101,000000 0,000000 0,000000
691 1675463124 1,400000 -1,000000 -101,000000 0,000000 0,000000
691 1675463125 1,400000 -1,000000 -101,000000 0,000000 0,000000
691 1675463126 0,800000 -1,000000 -101,000000 0,000000 0,000000
691 1675463127 0,800000 -1,000000 -101,000000 0,000000 0,000000
691 1675463128 0,800000 -1,000000 -101,000000 0,000000 0,000000
691 1675463129 0,800000 -1,000000 -101,000000 0,000000 0,000000
691 1675463130 0,800000 -1,000000 -101,000000 0,000000 0,000000
691 1675463131 1,000000 -1,000000 -101,000000 0,000000 0,000000
691 1675463132 1,000000 -1,000000 -101,000000 0,000000 0,000000
691 1675463133 1,000000 -1,000000 -101,000000 0,000000 0,000000
691 1675463134 1,000000 -1,000000 -101,000000 0,000000 0,000000
691 1675463135 1,000000 -1,000000 -101,000000 0,000000 0,000000
691 1675463136 1,400000 -1,000000 -101,000000 0,000000 0,000000
691 1675463137 1,400000 -1,000000 -101,000000 0,000000 0,000000
691 1675463138 1,400000 -1,000000 -101,000000 0,000000 0,000000
691 1675463139 1,400000 -1,000000 -101,000000 0,000000 0,000000
691 1675463140 1,400000 -1,000000 -101,000000 0,000000 0,000000
691 1675463141 1,200000 -1,000000 -101,000000 0,000000 0,000000
691 1675463142 1,200000 -1,000000 -101,000000 0,000000 0,000000
691 1675463143 1,200000 -1,000000 -101,000000 0,000000 0,000000
691 1675463144 1,200000 -1,000000 -101,000000 0,000000 0,000000
691 1675463145 1,200000 -1,000000 -101,000000 0,000000 0,000000
691 1675463146 1,400000 -1,000000 -101,000000 0,000000 0,000000
691 1675463147 1,400000 -1,000000 -101,000000 0,000000 0,000000
691 1675463148 1,400000 -1,000000 -101,000000 0,000000 0,000000
691 1675463149 1,400000 -1,000000 -101,000000 0,000000 0,000000
691 1675463150 1,400000 -1,000000 -101,000000 0,000000 0,000000
691 1675463151 1,200000 -1,000000 -101,000000 0,000000 0,000000
691 1675463152 1,200000 -1,000000 -101,000000 0,000000 0,000000
691 1675463153 1,200000 -1,000000 -101,000000 0,000000 0,000000
691 1675463154 1,200000 -1,000000 -101,000000 0,000000 0,000000
691 1675463155 1,200000 -1,000000 -101,000000 0,000000 0,000000
691 1675463156 1,400000 -1,000000 -101,000000 0,000000 0,000000
691 1675463157 1,400000 -1,000000 -101,000000 0,000000 0,000000
691 1675463158 1,400000 -1,000000 -101,000000 0,000000 0,000000
691 1675463159 1,400000 -1,000000 -101,000000 0,000000 0,000000
691 1675463160 1,400000 -1,000000 -101,000000 0,000000 0,000000
691 1675463161 0,800000 -1,000000 -101,000000 0,000000 0,000000
691 1675463162 0,800000 -1,000000 -101,000000 0,000000 0,000000
691 1675463163 0,800000 -1,000000 -101,000000 0,000000 0,000000
691 1675463164 0,800000 -1,000000 -101,000000 0,000000 0,000000
691 1675463165 0,800000 -1,000000 -101,000000 0,000000 0,000000
691 1675463166 0,400000 -1,000000 -101,000000 0,000000 0,000000
691 1675463167 0,400000 -1,000000 -101,000000 0,000000 0,000000
691 1675463168 0,400000 -1,000000 -101,000000 0,000000 0,000000
691 1675463169 0,400000 -1,000000 -101,000000 0,000000 0,000000
691 1675463170 0,400000 -1,000000 -101,000000 0,000000 0,000000
691 1675463171 0,800000 -1,000000 -101,000000 0,000000 0,000000
691 1675463172 0,800000 -1,000000 -101,000000 0,000000 0,000000
691 1675463173 0,800000 -1,000000 -101,000000 0,000000 0,000000
691 1675463174 0,800000 -1,000000 -101,000000 0,000000 0,000000
691 1675463175 0,800000 -1,000000 -101,000000 0,000000 0,000000
691 1675463176 1,200000 -1,000000 -101,000000 0,000000 0,000000
691 1675463177 1,200000 -1,000000 -101,000000 0,000000 0,000000
691 1675463178 1,200000 -1,000000 -101,000000 0,000000 0,000000
691 1675463179 1,200000 -1,000000 -101,000000 0,000000 0,000000
691 1675463180 1,200000 -1,000000 -101,000000 0,000000 0,000000
691 1675463181 1,000000 -1,000000 -101,000000 0,000000 0,000000
691 1675463182 1,000000 -1,000000 -101,000000 0,000000 0,000000
691 1675463183 1,000000 -1,000000 -101,000000 0,000000 0,000000
691 1675463184 1,000000 -1,000000 -101,000000 0,000000 0,000000
691 1675463185 1,000000 -1,000000 -101,000000 0,000000 0,000000
691 1675463186 1,000000 -1,000000 -101,000000 0,000000 0,000000
691 1675463187 1,000000 -1,000000 -101,000000 0,000000 0,000000
691 1675463188 1,000000 -1,000000 -101,000000 0,000000 0,000000
691 1675463189 1,000000 -1,000000 -101,000000 0,000000 0,000000
691 1675463190 1,000000 -1,000000 -101,000000 0,000000 0,000000
691 1675463191 1,400000 -1,000000 -101,000000 0,000000 0,000000
691 1675463192 1,400000 -1,000000 -101,000000 0,000000 0,000000
691 1675463193 1,400000 -1,000000 -101,000000 0,000000 0,000000
691 1675463194 1,400000 -1,000000 -101,000000 0,000000 0,000000
691 1675463195 1,400000 -1,000000 -101,000000 0,000000 0,000000
691 1675463196 1,600000 -1,000000 -101,000000 0,000000 0,000000
691 1675463197 1,600000 -1,000000 -101,000000 0,000000 0,000000
691 1675463198 1,600000 -1,000000 -101,000000 0,000000 0,000000
691 1675463199 1,600000 -1,000000 -101,000000 0,000000 0,000000
691 1675463200 1,600000 -1,000000 -101,000000 0,000000 0,000000
691 1675463201 1,200000 -1,000000 -101,000000 0,000000 0,000000
691 1675463202 1,200000 -1,000000 -101,000000 0,000000 0,000000
691 1675463203 1,200000 -1,000000 -101,000000 0,000000 0,000000
691 1675463204 1,200000 -1,000000 -101,000000 0,000000 0,000000
691 1675463205 1,200000 -1,000000 -101,000000 0,000000 0,000000
691 1675463206 2,400000 -1,000000 -101,000000 0,000000 0,000000
691 1675463207 2,400000 -1,000000 -101,000000 0,000000 0,000000
691 1675463208 2,400000 -1,000000 -101,000000 0,000000 0,000000
691 1675463209 2,400000 -1,000000 -101,000000 0,000000 0,000000
691 1675463210 2,400000 -1,000000 -101,000000 0,000000 0,000000
691 1675463211 1,000000 -1,000000 -101,000000 0,000000 0,000000
691 1675463212 1,000000 -1,000000 -101,000000 0,000000 0,000000
691 1675463213 1,000000 -1,000000 -101,000000 0,000000 0,000000
691 1675463214 1,000000 -1,000000 -101,000000 0,000000 0,000000
691 1675463215 1,000000 -1,000000 -101,000000 0,000000 0,000000
691 1675463216 1,000000 -1,000000 -101,000000 0,000000 0,000000
691 1675463217 1,000000 -1,000000 -101,000000 0,000000 0,000000
691 1675463218 1,000000 -1,000000 -101,000000 0,000000 0,000000
691 1675463219 1,000000 -1,000000 -101,000000 0,000000 0,000000
691 1675463220 1,000000 -1,000000 -101,000000 0,000000 0,000000
691 1675463221 0,400000 -1,000000 -101,000000 0,000000 0,000000
691 1675463222 0,400000 -1,000000 -101,000000 0,000000 0,000000
691 1675463223 0,400000 -1,000000 -101,000000 0,000000 0,000000
691 1675463224 0,400000 -1,000000 -101,000000 0,000000 0,000000
691 1675463225 0,400000 -1,000000 -101,000000 0,000000 0,000000
691 1675463226 0,200000 -1,000000 -101,000000 0,000000 0,000000
691 1675463227 0,200000 -1,000000 -101,000000 0,000000 0,000000
691 1675463228 0,200000 -1,000000 -101,000000 0,000000 0,000000
691 1675463229 0,200000 -1,000000 -101,000000 0,000000 0,000000
691 1675463230 0,200000 -1,000000 -101,000000 0,000000 0,000000
691 1675463231 1,600000 -1,000000 -101,000000 0,000000 0,000000
691 1675463232 1,600000 -1,000000 -101,000000 0,000000 0,000000
691 1675463233 1,600000 -1,000000 -101,000000 0,000000 0,000000
691 1675463234 1,600000 -1,000000 -101,000000 0,000000 0,000000
691 1675463235 1,600000 -1,000000 -101,000000 0,000000 0,000000
691 1675463236 0,400000 -1,000000 -101,000000 0,000000 0,000000
691 1675463237 0,400000 -1,000000 -101,000000 0,000000 0,000000
691 1675463238 0,400000 -1,000000 -101,000000 0,000000 0,000000
691 1675463239 0,400000 -1,000000 -101,000000 0,000000 0,000000
691 1675463240 0,400000 -1,000000 -101,000000 0,000000 0,000000
691 1675463241 0,600000 -1,000000 -101,000000 0,000000 0,000000
691 1675463242 0,600000 -1,000000 -101,000000 0,000000 0,000000
691 1675463243 0,600000 -1,000000 -101,000000 0,000000 0,000000
691 1675463244 0,600000 -1,000000 -101,000000 0,000000 0,000000
691 1675463245 0,600000 -1,000000 -101,000000 0,000000 0,000000
691 1675463246 0,800000 -1,000000 -101,000000 0,000000 0,000000
691 1675463247 0,800000 -1,000000 -101,000000 0,000000 0,000000
691 1675463248 0,800000 -1,000000 -101,000000 0,000000 0,000000
691 1675463249 0,800000 -1,000000 -101,000000 0,000000 0,000000
691 1675463250 0,800000 -1,000000 -101,000000 0,000000 0,000000
691 1675463251 0,800000 -1,000000 -101,000000 0,000000 0,000000
691 1675463252 0,800000 -1,000000 -101,000000 0,000000 0,000000
691 1675463253 0,800000 -1,000000 -101,000000 0,000000 0,000000
691 1675463254 0,800000 -1,000000 -101,000000 0,000000 0,000000
691 1675463255 0,800000 -1,000000 -101,000000 0,000000 0,000000
691 1675463256 1,000000 -1,000000 -101,000000 0,000000 0,000000
691 1675463257 1,000000 -1,000000 -101,000000 0,000000 0,000000
691 1675463258 1,000000 -1,000000 -101,000000 0,000000 0,000000
691 1675463259 1,000000 -1,000000 -101,000000 0,000000 0,000000
691 1675463260 1,000000 -1,000000 -101,000000 0,000000 0,000000
691 1675463261 1,600000 -1,000000 -101,000000 0,000000 0,000000
691 1675463262 1,600000 -1,000000 -101,000000 0,000000 0,000000
691 1675463263 1,600000 -1,000000 -101,000000 0,000000 0,000000
691 1675463264 1,600000 -1,000000 -101,000000 0,000000 0,000000
691 1675463265 1,600000 -1,000000 -101,000000 0,000000 0,000000
691 1675463266 1,800000 -1,000000 -101,000000 0,000000 0,000000
691 1675463267 1,800000 -1,000000 -101,000000 0,000000 0,000000
691 1675463268 1,800000 -1,000000 -101,000000 0,000000 0,000000
691 1675463269 1,800000 -1,000000 -101,000000 0,000000 0,000000
691 1675463270 1,800000 -1,000000 -101,000000 0,000000 0,000000
691 1675463271 1,200000 -1,000000 -101,000000 0,000000 0,000000
691 1675463272 1,200000 -1,000000 -101,000000 0,000000 0,000000
691 1675463273 1,200000 -1,000000 -101,000000 0,000000 0,000000
691 1675463274 1,200000 -1,000000 -101,000000 0,000000 0,000000
691 1675463275 1,200000 -1,000000 -101,000000 0,000000 0,000000
691 1675463276 0,800000 -1,000000 -101,000000 0,000000 0,000000
691 1675463277 0,800000 -1,000000 -101,000000 0,000000 0,000000
691 1675463278 0,800000 -1,000000 -101,000000 0,000000 0,000000
691 1675463279 0,800000 -1,000000 -101,000000 0,000000 0,000000
691 1675463280 0,800000 -1,000000 -101,000000 0,000000 0,000000
691 1675463281 1,000000 -1,000000 -101,000000 0,000000 0,000000
691 1675463282 1,000000 -1,000000 -101,000000 0,000000 0,000000
691 1675463283 1,000000 -1,000000 -101,000000 0,000000 0,000000
691 1675463284 1,000000 -1,000000 -101,000000 0,000000 0,000000
691 1675463285 1,000000 -1,000000 -101,000000 0,000000 0,000000
691 1675463286 0,600000 -1,000000 -101,000000 0,000000 0,000000
691 1675463287 0,600000 -1,000000 -101,000000 0,000000 0,000000
691 1675463288 0,600000 -1,000000 -101,000000 0,000000 0,000000
691 1675463289 0,600000 -1,000000 -101,000000 0,000000 0,000000
691 1675463290 0,600000 -1,000000 -101,000000 0,000000 0,000000
691 1675463291 0,600000 -1,000000 -101,000000 0,000000 0,000000
691 1675463292 0,600000 -1,000000 -101,000000 0,000000 0,000000
691 1675463293 0,600000 -1,000000 -101,000000 0,000000 0,000000
691 1675463294 0,600000 -1,000000 -101,000000 0,000000 0,000000
691 1675463295 0,600000 -1,000000 -101,000000 0,000000 0,000000
691 1675463296 0,400000 -1,000000 -101,000000 0,000000 0,000000
691 1675463297 0,400000 -1,000000 -101,000000 0,000000 0,000000
691 1675463298 0,400000 -1,000000 -101,000000 0,000000 0,000000
691 1675463299 0,400000 -1,000000 -101,000000 0,000000 0,000000
691 1675463300 0,400000 -1,000000 -101,000000 0,000000 0,000000
691 1675463301 0,600000 -1,000000 -101,000000 0,000000 0,000000
691 1675463302 0,600000 -1,000000 -101,000000 0,000000 0,000000
691 1675463303 0,600000 -1,000000 -101,000000 0,000000 0,000000
691 1675463304 0,600000 -1,000000 -101,000000 0,000000 0,000000
691 1675463305 0,600000 -1,000000 -101,000000 0,000000 0,000000
691 1675463306 1,200000 -1,000000 -101,000000 0,000000 0,000000
691 1675463307 1,200000 -1,000000 -101,000000 0,000000 0,000000
691 1675463308 1,200000 -1,000000 -101,000000 0,000000 0,000000
691 1675463309 1,200000 -1,000000 -101,000000 0,000000 0,000000
691 1675463310 1,200000 -1,000000 -101,000000 0,000000 0,000000
691 1675463311 0,800000 -1,000000 -101,000000 0,000000 0,000000
691 1675463312 0,800000 -1,000000 -101,000000 0,000000 0,000000
691 1675463313 0,800000 -1,000000 -101,000000 0,000000 0,000000
691 1675463314 0,800000 -1,000000 -101,000000 0,000000 0,000000
691 1675463315 0,800000 -1,000000 -101,000000 0,000000 0,000000
691 1675463316 1,200000 -1,000000 -101,000000 0,000000 0,000000
691 1675463317 1,200000 -1,000000 -101,000000 0,000000 0,000000
691 1675463318 1,200000 -1,000000 -101,000000 0,000000 0,000000
691 1675463319 1,200000 -1,000000 -101,000000 0,000000 0,000000
691 1675463320 1,200000 -1,000000 -101,000000 0,000000 0,000000
691 1675463321 0,400000 -1,000000 -101,000000 0,000000 0,000000
691 1675463322 0,400000 -1,000000 -101,000000 0,000000 0,000000
691 1675463323 0,400000 -1,000000 -101,000000 0,000000 0,000000
691 1675463324 0,400000 -1,000000 -101,000000 0,000000 0,000000
691 1675463325 0,400000 -1,000000 -101,000000 0,000000 0,000000
691 1675463326 0,400000 -1,000000 -101,000000 0,000000 0,000000
691 1675463327 0,400000 -1,000000 -101,000000 0,000000 0,000000
691 1675463328 0,400000 -1,000000 -101,000000 0,000000 0,000000
691 1675463329 0,400000 -1,000000 -101,000000 0,000000 0,000000
691 1675463330 0,400000 -1,000000 -101,000000 0,000000 0,000000
691 1675463331 1,000000 -1,000000 -101,000000 0,000000 0,000000
691 1675463332 1,000000 -1,000000 -101,000000 0,000000 0,000000
691 1675463333 1,000000 -1,000000 -101,000000 0,000000 0,000000
691 1675463334 1,000000 -1,000000 -101,000000 0,000000 0,000000
691 1675463335 1,000000 -1,000000 -101,000000 0,000000 0,000000
691 1675463336 0,400000 -1,000000 -101,000000 0,000000 0,000000
691 1675463337 0,400000 -1,000000 -101,000000 0,000000 0,000000
691 1675463338 0,400000 -1,000000 -101,000000 0,000000 0,000000
691 1675463339 0,400000 -1,000000 -101,000000 0,000000 0,000000
691 1675463340 0,400000 -1,000000 -101,000000 0,000000 0,000000
691 1675463341 0,800000 -1,000000 -101,000000 0,000000 0,000000
691 1675463342 0,800000 -1,000000 -101,000000 0,000000 0,000000
691 1675463343 0,800000 -1,000000 -101,000000 0,000000 0,000000
691 1675463344 0,800000 -1,000000 -101,000000 0,000000 0,000000
691 1675463345 0,800000 -1,000000 -101,000000 0,000000 0,000000
691 1675463346 1,000000 -1,000000 -101,000000 0,000000 0,000000
691 1675463347 1,000000 -1,000000 -101,000000 0,000000 0,000000
691 1675463348 1,000000 -1,000000 -101,000000 0,000000 0,000000
691 1675463349 1,000000 -1,000000 -101,000000 0,000000 0,000000
691 1675463350 1,000000 -1,000000 -101,000000 0,000000 0,000000
691 1675463351 0,400000 -1,000000 -101,000000 0,000000 0,000000
691 1675463352 0,400000 -1,000000 -101,000000 0,000000 0,000000
691 1675463353 0,400000 -1,000000 -101,000000 0,000000 0,000000
691 1675463354 0,400000 -1,000000 -101,000000 0,000000 0,000000
691 1675463355 0,400000 -1,000000 -101,000000 0,000000 0,000000
691 1675463356 0,800000 -1,000000 -101,000000 0,000000 0,000000
691 1675463357 0,800000 -1,000000 -101,000000 0,000000 0,000000
691 1675463358 0,800000 -1,000000 -101,000000 0,000000 0,000000
691 1675463359 0,800000 -1,000000 -101,000000 0,000000 0,000000
691 1675463360 0,800000 -1,000000 -101,000000 0,000000 0,000000
691 1675463361 1,800000 -1,000000 -101,000000 0,000000 0,000000
691 1675463362 1,800000 -1,000000 -101,000000 0,000000 0,000000
691 1675463363 1,800000 -1,000000 -101,000000 0,000000 0,000000
691 1675463364 1,800000 -1,000000 -101,000000 0,000000 0,000000
691 1675463365 1,800000 -1,000000 -101,000000 0,000000 0,000000
691 1675463366 1,000000 -1,000000 -101,000000 0,000000 0,000000
691 1675463367 1,000000 -1,000000 -101,000000 0,000000 0,000000
691 1675463368 1,000000 -1,000000 -101,000000 0,000000 0,000000
691 1675463369 1,000000 -1,000000 -101,000000 0,000000 0,000000
691 1675463370 1,000000 -1,000000 -101,000000 0,000000 0,000000
691 1675463371 0,800000 -1,000000 -101,000000 0,000000 0,000000
691 1675463372 0,800000 -1,000000 -101,000000 0,000000 0,000000
691 1675463373 0,800000 -1,000000 -101,000000 0,000000 0,000000
691 1675463374 0,800000 -1,000000 -101,000000 0,000000 0,000000
691 1675463375 0,800000 -1,000000 -101,000000 0,000000 0,000000
691 1675463376 1,200000 -1,000000 -101,000000 0,000000 0,000000
691 1675463377 1,200000 -1,000000 -101,000000 0,000000 0,000000
691 1675463378 1,200000 -1,000000 -101,000000 0,000000 0,000000
691 1675463379 1,200000 -1,000000 -101,000000 0,000000 0,000000
691 1675463380 1,200000 -1,000000 -101,000000 0,000000 0,000000
691 1675463381 0,600000 -1,000000 -101,000000 0,000000 0,000000
691 1675463382 0,600000 -1,000000 -101,000000 0,000000 0,000000
691 1675463383 0,600000 -1,000000 -101,000000 0,000000 0,000000
691 1675463384 0,600000 -1,000000 -101,000000 0,000000 0,000000
691 1675463385 0,600000 -1,000000 -101,000000 0,000000 0,000000
691 1675463386 0,600000 -1,000000 -101,000000 0,000000 0,000000
691 1675463387 0,600000 -1,000000 -101,000000 0,000000 0,000000
691 1675463388 0,600000 -1,000000 -101,000000 0,000000 0,000000
691 1675463389 0,600000 -1,000000 -101,000000 0,000000 0,000000
691 1675463390 0,600000 -1,000000 -101,000000 0,000000 0,000000
691 1675463391 0,800000 -1,000000 -101,000000 0,000000 0,000000
691 1675463392 0,800000 -1,000000 -101,000000 0,000000 0,000000
691 1675463393 0,800000 -1,000000 -101,000000 0,000000 0,000000
691 1675463394 0,800000 -1,000000 -101,000000 0,000000 0,000000
691 1675463395 0,800000 -1,000000 -101,000000 0,000000 0,000000
691 1675463396 0,200000 -1,000000 -101,000000 0,000000 0,000000
691 1675463397 0,200000 -1,000000 -101,000000 0,000000 0,000000
691 1675463398 0,200000 -1,000000 -101,000000 0,000000 0,000000
691 1675463399 0,200000 -1,000000 -101,000000 0,000000 0,000000
691 1675463400 0,200000 -1,000000 -101,000000 0,000000 0,000000
691 1675463401 0,600000 -1,000000 -101,000000 0,000000 0,000000
691 1675463402 0,600000 -1,000000 -101,000000 0,000000 0,000000
691 1675463403 0,600000 -1,000000 -101,000000 0,000000 0,000000
691 1675463404 0,600000 -1,000000 -101,000000 0,000000 0,000000
691 1675463405 0,600000 -1,000000 -101,000000 0,000000 0,000000
691 1675463406 0,400000 -1,000000 -101,000000 0,000000 0,000000
691 1675463407 0,400000 -1,000000 -101,000000 0,000000 0,000000
691 1675463408 0,400000 -1,000000 -101,000000 0,000000 0,000000
691 1675463409 0,400000 -1,000000 -101,000000 0,000000 0,000000
691 1675463410 0,400000 -1,000000 -101,000000 0,000000 0,000000
691 1675463411 0,400000 -1,000000 -101,000000 0,000000 0,000000
691 1675463412 0,400000 -1,000000 -101,000000 0,000000 0,000000
691 1675463413 0,400000 -1,000000 -101,000000 0,000000 0,000000
691 1675463414 0,400000 -1,000000 -101,000000 0,000000 0,000000
691 1675463415 0,400000 -1,000000 -101,000000 0,000000 0,000000
691 1675463416 0,800000 -1,000000 -101,000000 0,000000 0,000000
691 1675463417 0,800000 -1,000000 -101,000000 0,000000 0,000000
691 1675463418 0,800000 -1,000000 -101,000000 0,000000 0,000000
691 1675463419 0,800000 -1,000000 -101,000000 0,000000 0,000000
691 1675463420 0,800000 -1,000000 -101,000000 0,000000 0,000000
691 1675463421 1,400000 -1,000000 -101,000000 0,000000 0,000000
691 1675463422 1,400000 -1,000000 -101,000000 0,000000 0,000000
691 1675463423 1,400000 -1,000000 -101,000000 0,000000 0,000000
691 1675463424 1,400000 -1,000000 -101,000000 0,000000 0,000000
691 1675463425 1,400000 -1,000000 -101,000000 0,000000 0,000000
691 1675463426 1,400000 -1,000000 -101,000000 0,000000 0,000000
691 1675463427 1,400000 -1,000000 -101,000000 0,000000 0,000000
691 1675463428 1,400000 -1,000000 -101,000000 0,000000 0,000000
691 1675463429 1,400000 -1,000000 -101,000000 0,000000 0,000000
691 1675463430 1,400000 -1,000000 -101,000000 0,000000 0,000000
691 1675463431 1,200000 -1,000000 -101,000000 0,000000 0,000000
691 1675463432 1,200000 -1,000000 -101,000000 0,000000 0,000000
691 1675463433 1,200000 -1,000000 -101,000000 0,000000 0,000000
691 1675463434 1,200000 -1,000000 -101,000000 0,000000 0,000000
691 1675463435 1,200000 -1,000000 -101,000000 0,000000 0,000000
691 1675463436 0,800000 -1,000000 -101,000000 0,000000 0,000000
691 1675463437 0,800000 -1,000000 -101,000000 0,000000 0,000000
691 1675463438 0,800000 -1,000000 -101,000000 0,000000 0,000000
691 1675463439 0,800000 -1,000000 -101,000000 0,000000 0,000000
691 1675463440 0,800000 -1,000000 -101,000000 0,000000 0,000000
691 1675463441 0,600000 -1,000000 -101,000000 0,000000 0,000000
691 1675463442 0,600000 -1,000000 -101,000000 0,000000 0,000000
691 1675463443 0,600000 -1,000000 -101,000000 0,000000 0,000000
691 1675463444 0,600000 -1,000000 -101,000000 0,000000 0,000000
691 1675463445 0,600000 -1,000000 -101,000000 0,000000 0,000000
691 1675463446 0,600000 -1,000000 -101,000000 0,000000 0,000000
691 1675463447 0,600000 -1,000000 -101,000000 0,000000 0,000000
691 1675463448 0,600000 -1,000000 -101,000000 0,000000 0,000000
691 1675463449 0,600000 -1,000000 -101,000000 0,000000 0,000000
691 1675463450 0,600000 -1,000000 -101,000000 0,000000 0,000000
691 1675463451 0,800000 -1,000000 -101,000000 0,000000 0,000000
691 1675463452 0,800000 -1,000000 -101,000000 0,000000 0,000000
691 1675463453 0,800000 -1,000000 -101,000000 0,000000 0,000000
691 1675463454 0,800000 -1,000000 -101,000000 0,000000 0,000000
691 1675463455 0,800000 -1,000000 -101,000000 0,000000 0,000000
691 1675463456 1,200000 -1,000000 -101,000000 0,000000 0,000000
691 1675463457 1,200000 -1,000000 -101,000000 0,000000 0,000000
691 1675463458 1,200000 -1,000000 -101,000000 0,000000 0,000000
691 1675463459 1,200000 -1,000000 -101,000000 0,000000 0,000000
691 1675463460 1,200000 -1,000000 -101,000000 0,000000 0,000000
691 1675463461 1,200000 -1,000000 -101,000000 0,000000 0,000000
691 1675463462 1,200000 -1,000000 -101,000000 0,000000 0,000000
691 1675463463 1,200000 -1,000000 -101,000000 0,000000 0,000000
691 1675463464 1,200000 -1,000000 -101,000000 0,000000 0,000000
691 1675463465 1,200000 -1,000000 -101,000000 0,000000 0,000000
691 1675463466 1,400000 -1,000000 -101,000000 0,000000 0,000000
691 1675463467 1,400000 -1,000000 -101,000000 0,000000 0,000000
691 1675463468 1,400000 -1,000000 -101,000000 0,000000 0,000000
691 1675463469 1,400000 -1,000000 -101,000000 0,000000 0,000000
691 1675463470 1,400000 -1,000000 -101,000000 0,000000 0,000000
691 1675463471 0,200000 -1,000000 -101,000000 0,000000 0,000000
691 1675463472 0,200000 -1,000000 -101,000000 0,000000 0,000000
691 1675463473 0,200000 -1,000000 -101,000000 0,000000 0,000000
691 1675463474 0,200000 -1,000000 -101,000000 0,000000 0,000000
691 1675463475 0,200000 -1,000000 -101,000000 0,000000 0,000000
691 1675463476 0,600000 -1,000000 -101,000000 0,000000 0,000000
691 1675463477 0,600000 -1,000000 -101,000000 0,000000 0,000000
691 1675463478 0,600000 -1,000000 -101,000000 0,000000 0,000000
691 1675463479 0,600000 -1,000000 -101,000000 0,000000 0,000000
691 1675463480 0,600000 -1,000000 -101,000000 0,000000 0,000000
691 1675463481 0,600000 -1,000000 -101,000000 0,000000 0,000000
691 1675463482 0,600000 -1,000000 -101,000000 0,000000 0,000000
691 1675463483 0,600000 -1,000000 -101,000000 0,000000 0,000000
691 1675463484 0,600000 -1,000000 -101,000000 0,000000 0,000000
691 1675463485 0,600000 -1,000000 -101,000000 0,000000 0,000000
691 1675463486 0,600000 -1,000000 -101,000000 0,000000 0,000000
691 1675463487 0,600000 -1,000000 -101,000000 0,000000 0,000000
691 1675463488 0,600000 -1,000000 -101,000000 0,000000 0,000000
691 1675463489 0,600000 -1,000000 -101,000000 0,000000 0,000000
691 1675463490 0,600000 -1,000000 -101,000000 0,000000 0,000000
691 1675463491 1,000000 -1,000000 -101,000000 0,000000 0,000000
691 1675463492 1,000000 -1,000000 -101,000000 0,000000 0,000000
691 1675463493 1,000000 -1,000000 -101,000000 0,000000 0,000000
691 1675463494 1,000000 -1,000000 -101,000000 0,000000 0,000000
691 1675463495 1,000000 -1,000000 -101,000000 0,000000 0,000000
691 1675463496 1,600000 -1,000000 -101,000000 0,000000 0,000000
691 1675463497 1,600000 -1,000000 -101,000000 0,000000 0,000000
691 1675463498 1,600000 -1,000000 -101,000000 0,000000 0,000000
691 1675463499 1,600000 -1,000000 -101,000000 0,000000 0,000000
691 1675463500 1,600000 -1,000000 -101,000000 0,000000 0,000000
691 1675463501 1,000000 -1,000000 -101,000000 0,000000 0,000000
691 1675463502 1,000000 -1,000000 -101,000000 0,000000 0,000000
691 1675463503 1,000000 -1,000000 -101,000000 0,000000 0,000000
691 1675463504 1,000000 -1,000000 -101,000000 0,000000 0,000000
691 1675463505 1,000000 -1,000000 -101,000000 0,000000 0,000000
691 1675463506 1,800000 -1,000000 -101,000000 0,000000 0,000000
691 1675463507 1,800000 -1,000000 -101,000000 0,000000 0,000000
691 1675463508 1,800000 -1,000000 -101,000000 0,000000 0,000000
691 1675463509 1,800000 -1,000000 -101,000000 0,000000 0,000000
691 1675463510 1,800000 -1,000000 -101,000000 0,000000 0,000000
691 1675463511 1,200000 -1,000000 -101,000000 0,000000 0,000000
691 1675463512 1,200000 -1,000000 -101,000000 0,000000 0,000000
691 1675463513 1,200000 -1,000000 -101,000000 0,000000 0,000000
691 1675463514 1,200000 -1,000000 -101,000000 0,000000 0,000000
691 1675463515 1,200000 -1,000000 -101,000000 0,000000 0,000000
691 1675463516 1,200000 -1,000000 -101,000000 0,000000 0,000000
691 1675463517 1,200000 -1,000000 -101,000000 0,000000 0,000000
691 1675463518 1,200000 -1,000000 -101,000000 0,000000 0,000000
691 1675463519 1,200000 -1,000000 -101,000000 0,000000 0,000000
691 1675463520 1,200000 -1,000000 -101,000000 0,000000 0,000000
691 1675463521 0,600000 -1,000000 -101,000000 0,000000 0,000000
691 1675463522 0,600000 -1,000000 -101,000000 0,000000 0,000000
691 1675463523 0,600000 -1,000000 -101,000000 0,000000 0,000000
691 1675463524 0,600000 -1,000000 -101,000000 0,000000 0,000000
691 1675463525 0,600000 -1,000000 -101,000000 0,000000 0,000000
691 1675463526 1,200000 -1,000000 -101,000000 0,000000 0,000000
691 1675463527 1,200000 -1,000000 -101,000000 0,000000 0,000000
691 1675463528 1,200000 -1,000000 -101,000000 0,000000 0,000000
691 1675463529 1,200000 -1,000000 -101,000000 0,000000 0,000000
