178 1675676494 0,200000 -1,000000 -101,000000 0,000000 0,000000
178 1675676495 0,200000 -1,000000 -101,000000 0,000000 0,000000
178 1675676496 0,200000 -1,000000 -101,000000 0,000000 0,000000
178 1675676497 0,200000 -1,000000 -101,000000 0,000000 0,000000
178 1675676498 0,200000 -1,000000 -101,000000 0,000000 0,000000
178 1675676499 0,400000 -1,000000 -101,000000 0,000000 0,000000
178 1675676500 0,400000 -1,000000 -101,000000 0,000000 0,000000
178 1675676501 0,400000 -1,000000 -101,000000 0,000000 0,000000
178 1675676502 0,400000 -1,000000 -101,000000 0,000000 0,000000
178 1675676503 0,400000 -1,000000 -101,000000 0,000000 0,000000
178 1675676509 0,200000 -1,000000 -101,000000 0,000000 0,000000
178 1675676510 0,200000 -1,000000 -101,000000 0,000000 0,000000
178 1675676511 0,200000 -1,000000 -101,000000 0,000000 0,000000
178 1675676512 0,200000 -1,000000 -101,000000 0,000000 0,000000
178 1675676513 0,200000 -1,000000 -101,000000 0,000000 0,000000
178 1675676539 0,200000 -1,000000 -101,000000 0,000000 0,000000
178 1675676540 0,200000 -1,000000 -101,000000 0,000000 0,000000
178 1675676541 0,200000 -1,000000 -101,000000 0,000000 0,000000
178 1675676542 0,200000 -1,000000 -101,000000 0,000000 0,000000
178 1675676543 0,200000 -1,000000 -101,000000 0,000000 0,000000
178 1675676544 0,200000 -1,000000 -101,000000 0,000000 0,000000
178 1675676545 0,200000 -1,000000 -101,000000 0,000000 0,000000
178 1675676546 0,200000 -1,000000 -101,000000 0,000000 0,000000
178 1675676547 0,200000 -1,000000 -101,000000 0,000000 0,000000
178 1675676548 0,200000 -1,000000 -101,000000 0,000000 0,000000
178 1675676569 0,200000 -1,000000 -101,000000 0,000000 0,000000
178 1675676570 0,200000 -1,000000 -101,000000 0,000000 0,000000
178 1675676571 0,200000 -1,000000 -101,000000 0,000000 0,000000
178 1675676572 0,200000 -1,000000 -101,000000 0,000000 0,000000
178 1675676573 0,200000 -1,000000 -101,000000 0,000000 0,000000
178 1675676584 0,200000 -1,000000 -101,000000 0,000000 0,000000
178 1675676585 0,200000 -1,000000 -101,000000 0,000000 0,000000
178 1675676586 0,200000 -1,000000 -101,000000 0,000000 0,000000
178 1675676587 0,200000 -1,000000 -101,000000 0,000000 0,000000
178 1675676588 0,200000 -1,000000 -101,000000 0,000000 0,000000
178 1675676619 0,200000 -1,000000 -101,000000 0,000000 0,000000
178 1675676620 0,200000 -1,000000 -101,000000 0,000000 0,000000
178 1675676621 0,200000 -1,000000 -101,000000 0,000000 0,000000
178 1675676622 0,200000 -1,000000 -101,000000 0,000000 0,000000
178 1675676623 0,200000 -1,000000 -101,000000 0,000000 0,000000
178 1675676624 0,200000 -1,000000 -101,000000 0,000000 0,000000
178 1675676625 0,200000 -1,000000 -101,000000 0,000000 0,000000
178 1675676626 0,200000 -1,000000 -101,000000 0,000000 0,000000
178 1675676627 0,200000 -1,000000 -101,000000 0,000000 0,000000
178 1675676628 0,200000 -1,000000 -101,000000 0,000000 0,000000
178 1675676629 0,400000 -1,000000 -101,000000 0,000000 0,000000
178 1675676630 0,400000 -1,000000 -101,000000 0,000000 0,000000
178 1675676631 0,400000 -1,000000 -101,000000 0,000000 0,000000
178 1675676632 0,400000 -1,000000 -101,000000 0,000000 0,000000
178 1675676633 0,400000 -1,000000 -101,000000 0,000000 0,000000
178 1675676634 0,600000 -1,000000 -101,000000 0,000000 0,000000
178 1675676635 0,600000 -1,000000 -101,000000 0,000000 0,000000
178 1675676636 0,600000 -1,000000 -101,000000 0,000000 0,000000
178 1675676637 0,600000 -1,000000 -101,000000 0,000000 0,000000
178 1675676638 0,600000 -1,000000 -101,000000 0,000000 0,000000
178 1675676639 0,200000 -1,000000 -101,000000 0,000000 0,000000
178 1675676640 0,200000 -1,000000 -101,000000 0,000000 0,000000
178 1675676641 0,200000 -1,000000 -101,000000 0,000000 0,000000
178 1675676642 0,200000 -1,000000 -101,000000 0,000000 0,000000
178 1675676643 0,200000 -1,000000 -101,000000 0,000000 0,000000
178 1675676649 0,200000 -1,000000 -101,000000 0,000000 0,000000
178 1675676650 0,200000 -1,000000 -101,000000 0,000000 0,000000
178 1675676651 0,200000 -1,000000 -101,000000 0,000000 0,000000
178 1675676652 0,200000 -1,000000 -101,000000 0,000000 0,000000
178 1675676653 0,200000 -1,000000 -101,000000 0,000000 0,000000
178 1675676654 0,200000 -1,000000 -101,000000 0,000000 0,000000
178 1675676655 0,200000 -1,000000 -101,000000 0,000000 0,000000
178 1675676656 0,200000 -1,000000 -101,000000 0,000000 0,000000
178 1675676657 0,200000 -1,000000 -101,000000 0,000000 0,000000
178 1675676658 0,200000 -1,000000 -101,000000 0,000000 0,000000
178 1675676689 0,200000 -1,000000 -101,000000 0,000000 0,000000
178 1675676690 0,200000 -1,000000 -101,000000 0,000000 0,000000
178 1675676691 0,200000 -1,000000 -101,000000 0,000000 0,000000
178 1675676692 0,200000 -1,000000 -101,000000 0,000000 0,000000
178 1675676693 0,200000 -1,000000 -101,000000 0,000000 0,000000
178 1675676694 0,200000 -1,000000 -101,000000 0,000000 0,000000
178 1675676695 0,200000 -1,000000 -101,000000 0,000000 0,000000
178 1675676696 0,200000 -1,000000 -101,000000 0,000000 0,000000
178 1675676697 0,200000 -1,000000 -101,000000 0,000000 0,000000
178 1675676698 0,200000 -1,000000 -101,000000 0,000000 0,000000
178 1675676699 0,200000 -1,000000 -101,000000 0,000000 0,000000
178 1675676700 0,200000 -1,000000 -101,000000 0,000000 0,000000
178 1675676701 0,200000 -1,000000 -101,000000 0,000000 0,000000
178 1675676702 0,200000 -1,000000 -101,000000 0,000000 0,000000
178 1675676703 0,200000 -1,000000 -101,000000 0,000000 0,000000
178 1675676734 0,400000 -1,000000 -101,000000 0,000000 0,000000
178 1675676735 0,400000 -1,000000 -101,000000 0,000000 0,000000
178 1675676736 0,400000 -1,000000 -101,000000 0,000000 0,000000
178 1675676737 0,400000 -1,000000 -101,000000 0,000000 0,000000
178 1675676738 0,400000 -1,000000 -101,000000 0,000000 0,000000
178 1675676744 0,200000 -1,000000 -101,000000 0,000000 0,000000
178 1675676745 0,200000 -1,000000 -101,000000 0,000000 0,000000
178 1675676746 0,200000 -1,000000 -101,000000 0,000000 0,000000
178 1675676747 0,200000 -1,000000 -101,000000 0,000000 0,000000
178 1675676748 0,200000 -1,000000 -101,000000 0,000000 0,000000
178 1675676749 0,200000 -1,000000 -101,000000 0,000000 0,000000
178 1675676750 0,200000 -1,000000 -101,000000 0,000000 0,000000
178 1675676751 0,200000 -1,000000 -101,000000 0,000000 0,000000
178 1675676752 0,200000 -1,000000 -101,000000 0,000000 0,000000
178 1675676753 0,200000 -1,000000 -101,000000 0,000000 0,000000
178 1675676759 0,200000 -1,000000 -101,000000 0,000000 0,000000
178 1675676760 0,200000 -1,000000 -101,000000 0,000000 0,000000
178 1675676761 0,200000 -1,000000 -101,000000 0,000000 0,000000
178 1675676762 0,200000 -1,000000 -101,000000 0,000000 0,000000
178 1675676763 0,200000 -1,000000 -101,000000 0,000000 0,000000
178 1675676794 0,200000 -1,000000 -101,000000 0,000000 0,000000
178 1675676795 0,200000 -1,000000 -101,000000 0,000000 0,000000
178 1675676796 0,200000 -1,000000 -101,000000 0,000000 0,000000
178 1675676797 0,200000 -1,000000 -101,000000 0,000000 0,000000
178 1675676798 0,200000 -1,000000 -101,000000 0,000000 0,000000
178 1675676799 0,400000 -1,000000 -101,000000 0,000000 0,000000
178 1675676800 0,400000 -1,000000 -101,000000 0,000000 0,000000
178 1675676801 0,400000 -1,000000 -101,000000 0,000000 0,000000
178 1675676802 0,400000 -1,000000 -101,000000 0,000000 0,000000
178 1675676803 0,400000 -1,000000 -101,000000 0,000000 0,000000
178 1675676804 0,400000 -1,000000 -101,000000 0,000000 0,000000
178 1675676805 0,400000 -1,000000 -101,000000 0,000000 0,000000
178 1675676806 0,400000 -1,000000 -101,000000 0,000000 0,000000
178 1675676807 0,400000 -1,000000 -101,000000 0,000000 0,000000
178 1675676808 0,400000 -1,000000 -101,000000 0,000000 0,000000
178 1675676809 1,200000 -1,000000 -101,000000 0,000000 0,000000
178 1675676810 1,200000 -1,000000 -101,000000 0,000000 0,000000
178 1675676811 1,200000 -1,000000 -101,000000 0,000000 0,000000
178 1675676812 1,200000 -1,000000 -101,000000 0,000000 0,000000
178 1675676813 1,200000 -1,000000 -101,000000 0,000000 0,000000
178 1675676819 0,200000 -1,000000 -101,000000 0,000000 0,000000
178 1675676820 0,200000 -1,000000 -101,000000 0,000000 0,000000
178 1675676821 0,200000 -1,000000 -101,000000 0,000000 0,000000
178 1675676822 0,200000 -1,000000 -101,000000 0,000000 0,000000
178 1675676823 0,200000 -1,000000 -101,000000 0,000000 0,000000
178 1675676829 0,200000 -1,000000 -101,000000 0,000000 0,000000
178 1675676830 0,200000 -1,000000 -101,000000 0,000000 0,000000
178 1675676831 0,200000 -1,000000 -101,000000 0,000000 0,000000
178 1675676832 0,200000 -1,000000 -101,000000 0,000000 0,000000
178 1675676833 0,200000 -1,000000 -101,000000 0,000000 0,000000
178 1675676834 0,600000 -1,000000 -101,000000 0,000000 0,000000
178 1675676835 0,600000 -1,000000 -101,000000 0,000000 0,000000
178 1675676836 0,600000 -1,000000 -101,000000 0,000000 0,000000
178 1675676837 0,600000 -1,000000 -101,000000 0,000000 0,000000
178 1675676838 0,600000 -1,000000 -101,000000 0,000000 0,000000
178 1675676864 0,200000 -1,000000 -101,000000 0,000000 0,000000
178 1675676865 0,200000 -1,000000 -101,000000 0,000000 0,000000
178 1675676866 0,200000 -1,000000 -101,000000 0,000000 0,000000
178 1675676867 0,200000 -1,000000 -101,000000 0,000000 0,000000
178 1675676868 0,200000 -1,000000 -101,000000 0,000000 0,000000
178 1675676874 0,800000 -1,000000 -101,000000 0,000000 0,000000
178 1675676875 0,800000 -1,000000 -101,000000 0,000000 0,000000
178 1675676876 0,800000 -1,000000 -101,000000 0,000000 0,000000
178 1675676877 0,800000 -1,000000 -101,000000 0,000000 0,000000
178 1675676878 0,800000 -1,000000 -101,000000 0,000000 0,000000
178 1675676879 0,600000 -1,000000 -101,000000 0,000000 0,000000
178 1675676880 0,600000 -1,000000 -101,000000 0,000000 0,000000
178 1675676881 0,600000 -1,000000 -101,000000 0,000000 0,000000
178 1675676882 0,600000 -1,000000 -101,000000 0,000000 0,000000
178 1675676883 0,600000 -1,000000 -101,000000 0,000000 0,000000
178 1675676884 0,200000 -1,000000 -101,000000 0,000000 0,000000
178 1675676885 0,200000 -1,000000 -101,000000 0,000000 0,000000
178 1675676886 0,200000 -1,000000 -101,000000 0,000000 0,000000
178 1675676887 0,200000 -1,000000 -101,000000 0,000000 0,000000
178 1675676888 0,200000 -1,000000 -101,000000 0,000000 0,000000
178 1675676889 0,200000 -1,000000 -101,000000 0,000000 0,000000
178 1675676890 0,200000 -1,000000 -101,000000 0,000000 0,000000
178 1675676891 0,200000 -1,000000 -101,000000 0,000000 0,000000
178 1675676892 0,200000 -1,000000 -101,000000 0,000000 0,000000
178 1675676893 0,200000 -1,000000 -101,000000 0,000000 0,000000
178 1675676899 0,200000 -1,000000 -101,000000 0,000000 0,000000
178 1675676900 0,200000 -1,000000 -101,000000 0,000000 0,000000
178 1675676901 0,200000 -1,000000 -101,000000 0,000000 0,000000
178 1675676902 0,200000 -1,000000 -101,000000 0,000000 0,000000
178 1675676903 0,200000 -1,000000 -101,000000 0,000000 0,000000
178 1675676909 0,200000 -1,000000 -101,000000 0,000000 0,000000
178 1675676910 0,200000 -1,000000 -101,000000 0,000000 0,000000
178 1675676911 0,200000 -1,000000 -101,000000 0,000000 0,000000
178 1675676912 0,200000 -1,000000 -101,000000 0,000000 0,000000
178 1675676913 0,200000 -1,000000 -101,000000 0,000000 0,000000
178 1675676919 0,600000 -1,000000 -101,000000 0,000000 0,000000
178 1675676920 0,600000 -1,000000 -101,000000 0,000000 0,000000
178 1675676921 0,600000 -1,000000 -101,000000 0,000000 0,000000
178 1675676922 0,600000 -1,000000 -101,000000 0,000000 0,000000
178 1675676923 0,600000 -1,000000 -101,000000 0,000000 0,000000
178 1675676924 0,200000 -1,000000 -101,000000 0,000000 0,000000
178 1675676925 0,200000 -1,000000 -101,000000 0,000000 0,000000
178 1675676926 0,200000 -1,000000 -101,000000 0,000000 0,000000
178 1675676927 0,200000 -1,000000 -101,000000 0,000000 0,000000
178 1675676928 0,200000 -1,000000 -101,000000 0,000000 0,000000
178 1675676939 0,200000 -1,000000 -101,000000 0,000000 0,000000
178 1675676940 0,200000 -1,000000 -101,000000 0,000000 0,000000
178 1675676941 0,200000 -1,000000 -101,000000 0,000000 0,000000
178 1675676942 0,200000 -1,000000 -101,000000 0,000000 0,000000
178 1675676943 0,200000 -1,000000 -101,000000 0,000000 0,000000
178 1675676944 0,400000 -1,000000 -101,000000 0,000000 0,000000
178 1675676945 0,400000 -1,000000 -101,000000 0,000000 0,000000
178 1675676946 0,400000 -1,000000 -101,000000 0,000000 0,000000
178 1675676947 0,400000 -1,000000 -101,000000 0,000000 0,000000
178 1675676948 0,400000 -1,000000 -101,000000 0,000000 0,000000
178 1675676949 0,200000 -1,000000 -101,000000 0,000000 0,000000
178 1675676950 0,200000 -1,000000 -101,000000 0,000000 0,000000
178 1675676951 0,200000 -1,000000 -101,000000 0,000000 0,000000
178 1675676952 0,200000 -1,000000 -101,000000 0,000000 0,000000
178 1675676953 0,200000 -1,000000 -101,000000 0,000000 0,000000
178 1675676959 0,800000 -1,000000 -101,000000 0,000000 0,000000
178 1675676960 0,800000 -1,000000 -101,000000 0,000000 0,000000
178 1675676961 0,800000 -1,000000 -101,000000 0,000000 0,000000
178 1675676962 0,800000 -1,000000 -101,000000 0,000000 0,000000
178 1675676963 0,800000 -1,000000 -101,000000 0,000000 0,000000
178 1675676979 0,200000 -1,000000 -101,000000 0,000000 0,000000
178 1675676980 0,200000 -1,000000 -101,000000 0,000000 0,000000
178 1675676981 0,200000 -1,000000 -101,000000 0,000000 0,000000
178 1675676982 0,200000 -1,000000 -101,000000 0,000000 0,000000
178 1675676983 0,200000 -1,000000 -101,000000 0,000000 0,000000
178 1675676989 0,200000 -1,000000 -101,000000 0,000000 0,000000
178 1675676990 0,200000 -1,000000 -101,000000 0,000000 0,000000
178 1675676991 0,200000 -1,000000 -101,000000 0,000000 0,000000
178 1675676992 0,200000 -1,000000 -101,000000 0,000000 0,000000
178 1675676993 0,200000 -1,000000 -101,000000 0,000000 0,000000
178 1675676994 0,200000 -1,000000 -101,000000 0,000000 0,000000
178 1675676995 0,200000 -1,000000 -101,000000 0,000000 0,000000
178 1675676996 0,200000 -1,000000 -101,000000 0,000000 0,000000
178 1675676997 0,200000 -1,000000 -101,000000 0,000000 0,000000
178 1675676998 0,200000 -1,000000 -101,000000 0,000000 0,000000
178 1675676999 0,200000 -1,000000 -101,000000 0,000000 0,000000
178 1675677000 0,200000 -1,000000 -101,000000 0,000000 0,000000
178 1675677001 0,200000 -1,000000 -101,000000 0,000000 0,000000
178 1675677002 0,200000 -1,000000 -101,000000 0,000000 0,000000
178 1675677003 0,200000 -1,000000 -101,000000 0,000000 0,000000
178 1675677068 0,200000 -1,000000 0,200000 0,200000 0,008000
178 1675677067 0,200000 -1,000000 0,200000 0,200000 0,008000
178 1675677066 0,200000 -1,000000 0,200000 0,200000 0,008000
178 1675677065 0,200000 -1,000000 0,200000 0,200000 0,008000
178 1675677064 0,200000 -1,000000 0,200000 0,200000 0,008000
178 1675677063 0,200000 -1,000000 0,200000 0,200000 0,008000
178 1675677062 0,200000 -1,000000 0,200000 0,200000 0,008000
178 1675677061 0,200000 -1,000000 0,200000 0,200000 0,008000
178 1675677060 0,200000 -1,000000 0,200000 0,200000 0,008000
178 1675677059 0,200000 -1,000000 0,200000 0,200000 0,008000
178 1675677058 0,200000 -1,000000 0,200000 0,200000 0,008000
178 1675677057 0,200000 -1,000000 0,200000 0,200000 0,008000
178 1675677056 0,200000 -1,000000 0,200000 0,200000 0,008000
178 1675677055 0,200000 -1,000000 0,200000 0,200000 0,008000
178 1675677054 0,200000 -1,000000 0,200000 0,200000 0,008000
178 1675677043 0,200000 -1,000000 0,200000 0,200000 0,008000
178 1675677042 0,200000 -1,000000 0,200000 0,200000 0,008000
178 1675677041 0,200000 -1,000000 0,200000 0,200000 0,008000
178 1675677040 0,200000 -1,000000 0,200000 0,200000 0,008000
178 1675677039 0,200000 -1,000000 0,200000 0,200000 0,008000
178 1675677033 0,200000 -1,000000 0,200000 0,200000 0,008000
178 1675677032 0,200000 -1,000000 0,200000 0,200000 0,008000
178 1675677031 0,200000 -1,000000 0,200000 0,200000 0,008000
178 1675677030 0,200000 -1,000000 0,200000 0,200000 0,008000
178 1675677029 0,200000 -1,000000 0,200000 0,200000 0,008000
178 1675677028 0,400000 -1,000000 0,400000 0,400000 0,032000
178 1675677027 0,400000 -1,000000 0,400000 0,400000 0,032000
178 1675677026 0,400000 -1,000000 0,400000 0,400000 0,032000
178 1675677025 0,400000 -1,000000 0,400000 0,400000 0,032000
178 1675677024 0,400000 -1,000000 0,400000 0,400000 0,032000
178 1675677024 0,400000 -1,000000 -101,000000 0,000000 0,000000
178 1675677025 0,400000 -1,000000 -101,000000 0,000000 0,000000
178 1675677026 0,400000 -1,000000 -101,000000 0,000000 0,000000
178 1675677027 0,400000 -1,000000 -101,000000 0,000000 0,000000
178 1675677028 0,400000 -1,000000 -101,000000 0,000000 0,000000
178 1675677029 0,200000 -1,000000 -101,000000 0,000000 0,000000
178 1675677030 0,200000 -1,000000 -101,000000 0,000000 0,000000
178 1675677031 0,200000 -1,000000 -101,000000 0,000000 0,000000
178 1675677032 0,200000 -1,000000 -101,000000 0,000000 0,000000
178 1675677033 0,200000 -1,000000 -101,000000 0,000000 0,000000
178 1675677039 0,200000 -1,000000 -101,000000 0,000000 0,000000
178 1675677040 0,200000 -1,000000 -101,000000 0,000000 0,000000
178 1675677041 0,200000 -1,000000 -101,000000 0,000000 0,000000
178 1675677042 0,200000 -1,000000 -101,000000 0,000000 0,000000
178 1675677043 0,200000 -1,000000 -101,000000 0,000000 0,000000
178 1675677054 0,200000 -1,000000 -101,000000 0,000000 0,000000
178 1675677055 0,200000 -1,000000 -101,000000 0,000000 0,000000
178 1675677056 0,200000 -1,000000 -101,000000 0,000000 0,000000
178 1675677057 0,200000 -1,000000 -101,000000 0,000000 0,000000
178 1675677058 0,200000 -1,000000 -101,000000 0,000000 0,000000
178 1675677059 0,200000 -1,000000 -101,000000 0,000000 0,000000
178 1675677060 0,200000 -1,000000 -101,000000 0,000000 0,000000
178 1675677061 0,200000 -1,000000 -101,000000 0,000000 0,000000
178 1675677062 0,200000 -1,000000 -101,000000 0,000000 0,000000
178 1675677063 0,200000 -1,000000 -101,000000 0,000000 0,000000
178 1675677064 0,200000 -1,000000 -101,000000 0,000000 0,000000
178 1675677065 0,200000 -1,000000 -101,000000 0,000000 0,000000
178 1675677066 0,200000 -1,000000 -101,000000 0,000000 0,000000
178 1675677067 0,200000 -1,000000 -101,000000 0,000000 0,000000
178 1675677068 0,200000 -1,000000 -101,000000 0,000000 0,000000
178 1675677094 0,400000 -1,000000 -101,000000 0,000000 0,000000
178 1675677095 0,400000 -1,000000 -101,000000 0,000000 0,000000
178 1675677096 0,400000 -1,000000 -101,000000 0,000000 0,000000
178 1675677097 0,400000 -1,000000 -101,000000 0,000000 0,000000
178 1675677098 0,400000 -1,000000 -101,000000 0,000000 0,000000
178 1675677099 0,400000 -1,000000 -101,000000 0,000000 0,000000
178 1675677100 0,400000 -1,000000 -101,000000 0,000000 0,000000
178 1675677101 0,400000 -1,000000 -101,000000 0,000000 0,000000
178 1675677102 0,400000 -1,000000 -101,000000 0,000000 0,000000
178 1675677103 0,400000 -1,000000 -101,000000 0,000000 0,000000
178 1675677104 0,400000 -1,000000 -101,000000 0,000000 0,000000
178 1675677105 0,400000 -1,000000 -101,000000 0,000000 0,000000
178 1675677106 0,400000 -1,000000 -101,000000 0,000000 0,000000
178 1675677107 0,400000 -1,000000 -101,000000 0,000000 0,000000
178 1675677108 0,400000 -1,000000 -101,000000 0,000000 0,000000
178 1675677109 0,200000 -1,000000 -101,000000 0,000000 0,000000
178 1675677110 0,200000 -1,000000 -101,000000 0,000000 0,000000
178 1675677111 0,200000 -1,000000 -101,000000 0,000000 0,000000
178 1675677112 0,200000 -1,000000 -101,000000 0,000000 0,000000
178 1675677113 0,200000 -1,000000 -101,000000 0,000000 0,000000
178 1675677114 0,600000 -1,000000 -101,000000 0,000000 0,000000
178 1675677115 0,600000 -1,000000 -101,000000 0,000000 0,000000
178 1675677116 0,600000 -1,000000 -101,000000 0,000000 0,000000
178 1675677117 0,600000 -1,000000 -101,000000 0,000000 0,000000
178 1675677118 0,600000 -1,000000 -101,000000 0,000000 0,000000
178 1675677119 0,400000 -1,000000 -101,000000 0,000000 0,000000
178 1675677120 0,400000 -1,000000 -101,000000 0,000000 0,000000
178 1675677121 0,400000 -1,000000 -101,000000 0,000000 0,000000
178 1675677122 0,400000 -1,000000 -101,000000 0,000000 0,000000
178 1675677123 0,400000 -1,000000 -101,000000 0,000000 0,000000
178 1675677124 0,200000 -1,000000 -101,000000 0,000000 0,000000
178 1675677125 0,200000 -1,000000 -101,000000 0,000000 0,000000
178 1675677126 0,200000 -1,000000 -101,000000 0,000000 0,000000
178 1675677127 0,200000 -1,000000 -101,000000 0,000000 0,000000
178 1675677128 0,200000 -1,000000 -101,000000 0,000000 0,000000
178 1675677129 0,200000 -1,000000 -101,000000 0,000000 0,000000
178 1675677130 0,200000 -1,000000 -101,000000 0,000000 0,000000
178 1675677131 0,200000 -1,000000 -101,000000 0,000000 0,000000
178 1675677132 0,200000 -1,000000 -101,000000 0,000000 0,000000
178 1675677133 0,200000 -1,000000 -101,000000 0,000000 0,000000
178 1675677134 1,000000 -1,000000 -101,000000 0,000000 0,000000
178 1675677135 1,000000 -1,000000 -101,000000 0,000000 0,000000
178 1675677136 1,000000 -1,000000 -101,000000 0,000000 0,000000
178 1675677137 1,000000 -1,000000 -101,000000 0,000000 0,000000
178 1675677138 1,000000 -1,000000 -101,000000 0,000000 0,000000
178 1675677139 0,200000 -1,000000 -101,000000 0,000000 0,000000
178 1675677140 0,200000 -1,000000 -101,000000 0,000000 0,000000
178 1675677141 0,200000 -1,000000 -101,000000 0,000000 0,000000
178 1675677142 0,200000 -1,000000 -101,000000 0,000000 0,000000
178 1675677143 0,200000 -1,000000 -101,000000 0,000000 0,000000
178 1675677144 0,200000 -1,000000 -101,000000 0,000000 0,000000
178 1675677145 0,200000 -1,000000 -101,000000 0,000000 0,000000
178 1675677146 0,200000 -1,000000 -101,000000 0,000000 0,000000
178 1675677147 0,200000 -1,000000 -101,000000 0,000000 0,000000
178 1675677148 0,200000 -1,000000 -101,000000 0,000000 0,000000
178 1675677169 0,200000 -1,000000 -101,000000 0,000000 0,000000
178 1675677170 0,200000 -1,000000 -101,000000 0,000000 0,000000
178 1675677171 0,200000 -1,000000 -101,000000 0,000000 0,000000
178 1675677172 0,200000 -1,000000 -101,000000 0,000000 0,000000
178 1675677173 0,200000 -1,000000 -101,000000 0,000000 0,000000
178 1675677179 0,200000 -1,000000 -101,000000 0,000000 0,000000
178 1675677180 0,200000 -1,000000 -101,000000 0,000000 0,000000
178 1675677181 0,200000 -1,000000 -101,000000 0,000000 0,000000
178 1675677182 0,200000 -1,000000 -101,000000 0,000000 0,000000
178 1675677183 0,200000 -1,000000 -101,000000 0,000000 0,000000
178 1675677184 0,600000 -1,000000 -101,000000 0,000000 0,000000
178 1675677185 0,600000 -1,000000 -101,000000 0,000000 0,000000
178 1675677186 0,600000 -1,000000 -101,000000 0,000000 0,000000
178 1675677187 0,600000 -1,000000 -101,000000 0,000000 0,000000
178 1675677188 0,600000 -1,000000 -101,000000 0,000000 0,000000
178 1675677199 0,200000 -1,000000 -101,000000 0,000000 0,000000
178 1675677200 0,200000 -1,000000 -101,000000 0,000000 0,000000
178 1675677201 0,200000 -1,000000 -101,000000 0,000000 0,000000
178 1675677202 0,200000 -1,000000 -101,000000 0,000000 0,000000
178 1675677203 0,200000 -1,000000 -101,000000 0,000000 0,000000
178 1675677204 0,400000 -1,000000 -101,000000 0,000000 0,000000
178 1675677205 0,400000 -1,000000 -101,000000 0,000000 0,000000
178 1675677206 0,400000 -1,000000 -101,000000 0,000000 0,000000
178 1675677207 0,400000 -1,000000 -101,000000 0,000000 0,000000
178 1675677208 0,400000 -1,000000 -101,000000 0,000000 0,000000
178 1675677209 0,200000 -1,000000 -101,000000 0,000000 0,000000
178 1675677210 0,200000 -1,000000 -101,000000 0,000000 0,000000
178 1675677211 0,200000 -1,000000 -101,000000 0,000000 0,000000
178 1675677212 0,200000 -1,000000 -101,000000 0,000000 0,000000
178 1675677213 0,200000 -1,000000 -101,000000 0,000000 0,000000
178 1675677249 0,200000 -1,000000 -101,000000 0,000000 0,000000
178 1675677250 0,200000 -1,000000 -101,000000 0,000000 0,000000
178 1675677251 0,200000 -1,000000 -101,000000 0,000000 0,000000
178 1675677252 0,200000 -1,000000 -101,000000 0,000000 0,000000
178 1675677253 0,200000 -1,000000 -101,000000 0,000000 0,000000
178 1675677254 0,600000 -1,000000 -101,000000 0,000000 0,000000
178 1675677255 0,600000 -1,000000 -101,000000 0,000000 0,000000
178 1675677256 0,600000 -1,000000 -101,000000 0,000000 0,000000
178 1675677257 0,600000 -1,000000 -101,000000 0,000000 0,000000
178 1675677258 0,600000 -1,000000 -101,000000 0,000000 0,000000
178 1675677259 0,400000 -1,000000 -101,000000 0,000000 0,000000
178 1675677260 0,400000 -1,000000 -101,000000 0,000000 0,000000
178 1675677261 0,400000 -1,000000 -101,000000 0,000000 0,000000
178 1675677262 0,400000 -1,000000 -101,000000 0,000000 0,000000
178 1675677263 0,400000 -1,000000 -101,000000 0,000000 0,000000
178 1675677269 0,200000 -1,000000 -101,000000 0,000000 0,000000
178 1675677270 0,200000 -1,000000 -101,000000 0,000000 0,000000
178 1675677271 0,200000 -1,000000 -101,000000 0,000000 0,000000
178 1675677272 0,200000 -1,000000 -101,000000 0,000000 0,000000
178 1675677273 0,200000 -1,000000 -101,000000 0,000000 0,000000
178 1675677289 0,200000 -1,000000 -101,000000 0,000000 0,000000
178 1675677290 0,200000 -1,000000 -101,000000 0,000000 0,000000
178 1675677291 0,200000 -1,000000 -101,000000 0,000000 0,000000
178 1675677292 0,200000 -1,000000 -101,000000 0,000000 0,000000
178 1675677293 0,200000 -1,000000 -101,000000 0,000000 0,000000
178 1675677299 0,200000 -1,000000 -101,000000 0,000000 0,000000
178 1675677300 0,200000 -1,000000 -101,000000 0,000000 0,000000
178 1675677301 0,200000 -1,000000 -101,000000 0,000000 0,000000
178 1675677302 0,200000 -1,000000 -101,000000 0,000000 0,000000
178 1675677303 0,200000 -1,000000 -101,000000 0,000000 0,000000
178 1675677309 0,200000 -1,000000 -101,000000 0,000000 0,000000
178 1675677310 0,200000 -1,000000 -101,000000 0,000000 0,000000
178 1675677311 0,200000 -1,000000 -101,000000 0,000000 0,000000
178 1675677312 0,200000 -1,000000 -101,000000 0,000000 0,000000
178 1675677313 0,200000 -1,000000 -101,000000 0,000000 0,000000
178 1675677319 0,200000 -1,000000 -101,000000 0,000000 0,000000
178 1675677320 0,200000 -1,000000 -101,000000 0,000000 0,000000
178 1675677321 0,200000 -1,000000 -101,000000 0,000000 0,000000
178 1675677322 0,200000 -1,000000 -101,000000 0,000000 0,000000
178 1675677323 0,200000 -1,000000 -101,000000 0,000000 0,000000
178 1675677324 0,400000 -1,000000 -101,000000 0,000000 0,000000
178 1675677325 0,400000 -1,000000 -101,000000 0,000000 0,000000
178 1675677326 0,400000 -1,000000 -101,000000 0,000000 0,000000
178 1675677327 0,400000 -1,000000 -101,000000 0,000000 0,000000
178 1675677328 0,400000 -1,000000 -101,000000 0,000000 0,000000
178 1675677334 0,200000 -1,000000 -101,000000 0,000000 0,000000
178 1675677335 0,200000 -1,000000 -101,000000 0,000000 0,000000
178 1675677336 0,200000 -1,000000 -101,000000 0,000000 0,000000
178 1675677337 0,200000 -1,000000 -101,000000 0,000000 0,000000
178 1675677338 0,200000 -1,000000 -101,000000 0,000000 0,000000
178 1675677359 0,800000 -1,000000 -101,000000 0,000000 0,000000
178 1675677360 0,800000 -1,000000 -101,000000 0,000000 0,000000
178 1675677361 0,800000 -1,000000 -101,000000 0,000000 0,000000
178 1675677362 0,800000 -1,000000 -101,000000 0,000000 0,000000
178 1675677363 0,800000 -1,000000 -101,000000 0,000000 0,000000
178 1675677364 0,200000 -1,000000 -101,000000 0,000000 0,000000
178 1675677365 0,200000 -1,000000 -101,000000 0,000000 0,000000
178 1675677366 0,200000 -1,000000 -101,000000 0,000000 0,000000
178 1675677367 0,200000 -1,000000 -101,000000 0,000000 0,000000
178 1675677368 0,200000 -1,000000 -101,000000 0,000000 0,000000
178 1675677389 0,200000 -1,000000 -101,000000 0,000000 0,000000
178 1675677390 0,200000 -1,000000 -101,000000 0,000000 0,000000
178 1675677391 0,200000 -1,000000 -101,000000 0,000000 0,000000
178 1675677392 0,200000 -1,000000 -101,000000 0,000000 0,000000
178 1675677393 0,200000 -1,000000 -101,000000 0,000000 0,000000
178 1675677399 0,200000 -1,000000 -101,000000 0,000000 0,000000
178 1675677400 0,200000 -1,000000 -101,000000 0,000000 0,000000
178 1675677401 0,200000 -1,000000 -101,000000 0,000000 0,000000
178 1675677402 0,200000 -1,000000 -101,000000 0,000000 0,000000
178 1675677403 0,200000 -1,000000 -101,000000 0,000000 0,000000
178 1675677404 0,200000 -1,000000 -101,000000 0,000000 0,000000
178 1675677405 0,200000 -1,000000 -101,000000 0,000000 0,000000
178 1675677406 0,200000 -1,000000 -101,000000 0,000000 0,000000
178 1675677407 0,200000 -1,000000 -101,000000 0,000000 0,000000
178 1675677408 0,200000 -1,000000 -101,000000 0,000000 0,000000
178 1675677409 0,200000 -1,000000 -101,000000 0,000000 0,000000
178 1675677410 0,200000 -1,000000 -101,000000 0,000000 0,000000
178 1675677411 0,200000 -1,000000 -101,000000 0,000000 0,000000
178 1675677412 0,200000 -1,000000 -101,000000 0,000000 0,000000
178 1675677413 0,200000 -1,000000 -101,000000 0,000000 0,000000
178 1675677424 0,400000 -1,000000 -101,000000 0,000000 0,000000
178 1675677425 0,400000 -1,000000 -101,000000 0,000000 0,000000
178 1675677426 0,400000 -1,000000 -101,000000 0,000000 0,000000
178 1675677427 0,400000 -1,000000 -101,000000 0,000000 0,000000
178 1675677428 0,400000 -1,000000 -101,000000 0,000000 0,000000
178 1675677429 1,600000 -1,000000 -101,000000 0,000000 0,000000
178 1675677430 1,600000 -1,000000 -101,000000 0,000000 0,000000
178 1675677431 1,600000 -1,000000 -101,000000 0,000000 0,000000
178 1675677432 1,600000 -1,000000 -101,000000 0,000000 0,000000
178 1675677433 1,600000 -1,000000 -101,000000 0,000000 0,000000
178 1675677434 1,200000 -1,000000 -101,000000 0,000000 0,000000
178 1675677435 1,200000 -1,000000 -101,000000 0,000000 0,000000
178 1675677436 1,200000 -1,000000 -101,000000 0,000000 0,000000
178 1675677437 1,200000 -1,000000 -101,000000 0,000000 0,000000
178 1675677438 1,200000 -1,000000 -101,000000 0,000000 0,000000
178 1675677444 0,200000 -1,000000 -101,000000 0,000000 0,000000
178 1675677445 0,200000 -1,000000 -101,000000 0,000000 0,000000
178 1675677446 0,200000 -1,000000 -101,000000 0,000000 0,000000
178 1675677447 0,200000 -1,000000 -101,000000 0,000000 0,000000
178 1675677448 0,200000 -1,000000 -101,000000 0,000000 0,000000
178 1675677469 0,200000 -1,000000 -101,000000 0,000000 0,000000
178 1675677470 0,200000 -1,000000 -101,000000 0,000000 0,000000
178 1675677471 0,200000 -1,000000 -101,000000 0,000000 0,000000
178 1675677472 0,200000 -1,000000 -101,000000 0,000000 0,000000
178 1675677473 0,200000 -1,000000 -101,000000 0,000000 0,000000
178 1675677474 0,200000 -1,000000 -101,000000 0,000000 0,000000
178 1675677475 0,200000 -1,000000 -101,000000 0,000000 0,000000
178 1675677476 0,200000 -1,000000 -101,000000 0,000000 0,000000
178 1675677477 0,200000 -1,000000 -101,000000 0,000000 0,000000
178 1675677478 0,200000 -1,000000 -101,000000 0,000000 0,000000
178 1675677519 0,200000 -1,000000 -101,000000 0,000000 0,000000
178 1675677520 0,200000 -1,000000 -101,000000 0,000000 0,000000
178 1675677521 0,200000 -1,000000 -101,000000 0,000000 0,000000
178 1675677522 0,200000 -1,000000 -101,000000 0,000000 0,000000
178 1675677523 0,200000 -1,000000 -101,000000 0,000000 0,000000
178 1675677524 0,200000 -1,000000 -101,000000 0,000000 0,000000
178 1675677525 0,200000 -1,000000 -101,000000 0,000000 0,000000
178 1675677526 0,200000 -1,000000 -101,000000 0,000000 0,000000
178 1675677527 0,200000 -1,000000 -101,000000 0,000000 0,000000
178 1675677528 0,200000 -1,000000 -101,000000 0,000000 0,000000
178 1675677529 0,200000 -1,000000 -101,000000 0,000000 0,000000
178 1675677530 0,200000 -1,000000 -101,000000 0,000000 0,000000
178 1675677531 0,200000 -1,000000 -101,000000 0,000000 0,000000
178 1675677532 0,200000 -1,000000 -101,000000 0,000000 0,000000
178 1675677533 0,200000 -1,000000 -101,000000 0,000000 0,000000
178 1675677534 0,200000 -1,000000 -101,000000 0,000000 0,000000
178 1675677535 0,200000 -1,000000 -101,000000 0,000000 0,000000
178 1675677536 0,200000 -1,000000 -101,000000 0,000000 0,000000
178 1675677537 0,200000 -1,000000 -101,000000 0,000000 0,000000
178 1675677538 0,200000 -1,000000 -101,000000 0,000000 0,000000
178 1675677569 0,600000 -1,000000 -101,000000 0,000000 0,000000
178 1675677570 0,600000 -1,000000 -101,000000 0,000000 0,000000
178 1675677571 0,600000 -1,000000 -101,000000 0,000000 0,000000
178 1675677572 0,600000 -1,000000 -101,000000 0,000000 0,000000
178 1675677573 0,600000 -1,000000 -101,000000 0,000000 0,000000
178 1675677574 0,400000 -1,000000 -101,000000 0,000000 0,000000
178 1675677575 0,400000 -1,000000 -101,000000 0,000000 0,000000
178 1675677576 0,400000 -1,000000 -101,000000 0,000000 0,000000
178 1675677577 0,400000 -1,000000 -101,000000 0,000000 0,000000
178 1675677578 0,400000 -1,000000 -101,000000 0,000000 0,000000
178 1675677579 0,400000 -1,000000 -101,000000 0,000000 0,000000
178 1675677580 0,400000 -1,000000 -101,000000 0,000000 0,000000
178 1675677581 0,400000 -1,000000 -101,000000 0,000000 0,000000
178 1675677582 0,400000 -1,000000 -101,000000 0,000000 0,000000
178 1675677583 0,400000 -1,000000 -101,000000 0,000000 0,000000
178 1675677599 0,400000 -1,000000 -101,000000 0,000000 0,000000
178 1675677600 0,400000 -1,000000 -101,000000 0,000000 0,000000
178 1675677601 0,400000 -1,000000 -101,000000 0,000000 0,000000
178 1675677602 0,400000 -1,000000 -101,000000 0,000000 0,000000
178 1675677603 0,400000 -1,000000 -101,000000 0,000000 0,000000
178 1675677609 0,400000 -1,000000 -101,000000 0,000000 0,000000
178 1675677610 0,400000 -1,000000 -101,000000 0,000000 0,000000
178 1675677611 0,400000 -1,000000 -101,000000 0,000000 0,000000
178 1675677612 0,400000 -1,000000 -101,000000 0,000000 0,000000
178 1675677613 0,400000 -1,000000 -101,000000 0,000000 0,000000
178 1675677619 0,200000 -1,000000 -101,000000 0,000000 0,000000
178 1675677620 0,200000 -1,000000 -101,000000 0,000000 0,000000
178 1675677621 0,200000 -1,000000 -101,000000 0,000000 0,000000
178 1675677622 0,200000 -1,000000 -101,000000 0,000000 0,000000
178 1675677623 0,200000 -1,000000 -101,000000 0,000000 0,000000
178 1675677624 0,200000 -1,000000 -101,000000 0,000000 0,000000
178 1675677625 0,200000 -1,000000 -101,000000 0,000000 0,000000
178 1675677626 0,200000 -1,000000 -101,000000 0,000000 0,000000
178 1675677627 0,200000 -1,000000 -101,000000 0,000000 0,000000
178 1675677628 0,200000 -1,000000 -101,000000 0,000000 0,000000
178 1675677629 0,800000 -1,000000 -101,000000 0,000000 0,000000
178 1675677630 0,800000 -1,000000 -101,000000 0,000000 0,000000
178 1675677631 0,800000 -1,000000 -101,000000 0,000000 0,000000
178 1675677632 0,800000 -1,000000 -101,000000 0,000000 0,000000
178 1675677633 0,800000 -1,000000 -101,000000 0,000000 0,000000
178 1675677634 0,600000 -1,000000 -101,000000 0,000000 0,000000
178 1675677635 0,600000 -1,000000 -101,000000 0,000000 0,000000
178 1675677636 0,600000 -1,000000 -101,000000 0,000000 0,000000
178 1675677637 0,600000 -1,000000 -101,000000 0,000000 0,000000
178 1675677638 0,600000 -1,000000 -101,000000 0,000000 0,000000
178 1675677639 0,400000 -1,000000 -101,000000 0,000000 0,000000
178 1675677640 0,400000 -1,000000 -101,000000 0,000000 0,000000
178 1675677641 0,400000 -1,000000 -101,000000 0,000000 0,000000
178 1675677642 0,400000 -1,000000 -101,000000 0,000000 0,000000
178 1675677643 0,400000 -1,000000 -101,000000 0,000000 0,000000
178 1675677644 0,200000 -1,000000 -101,000000 0,000000 0,000000
178 1675677645 0,200000 -1,000000 -101,000000 0,000000 0,000000
178 1675677646 0,200000 -1,000000 -101,000000 0,000000 0,000000
178 1675677647 0,200000 -1,000000 -101,000000 0,000000 0,000000
178 1675677648 0,200000 -1,000000 -101,000000 0,000000 0,000000
178 1675677684 0,200000 -1,000000 -101,000000 0,000000 0,000000
178 1675677685 0,200000 -1,000000 -101,000000 0,000000 0,000000
178 1675677686 0,200000 -1,000000 -101,000000 0,000000 0,000000
178 1675677687 0,200000 -1,000000 -101,000000 0,000000 0,000000
178 1675677688 0,200000 -1,000000 -101,000000 0,000000 0,000000
178 1675677704 0,200000 -1,000000 -101,000000 0,000000 0,000000
178 1675677705 0,200000 -1,000000 -101,000000 0,000000 0,000000
178 1675677706 0,200000 -1,000000 -101,000000 0,000000 0,000000
178 1675677707 0,200000 -1,000000 -101,000000 0,000000 0,000000
178 1675677708 0,200000 -1,000000 -101,000000 0,000000 0,000000
178 1675677714 0,200000 -1,000000 -101,000000 0,000000 0,000000
178 1675677715 0,200000 -1,000000 -101,000000 0,000000 0,000000
178 1675677716 0,200000 -1,000000 -101,000000 0,000000 0,000000
178 1675677717 0,200000 -1,000000 -101,000000 0,000000 0,000000
178 1675677718 0,200000 -1,000000 -101,000000 0,000000 0,000000
178 1675677724 0,200000 -1,000000 -101,000000 0,000000 0,000000
178 1675677725 0,200000 -1,000000 -101,000000 0,000000 0,000000
178 1675677726 0,200000 -1,000000 -101,000000 0,000000 0,000000
178 1675677727 0,200000 -1,000000 -101,000000 0,000000 0,000000
178 1675677728 0,200000 -1,000000 -101,000000 0,000000 0,000000
178 1675677729 0,200000 -1,000000 -101,000000 0,000000 0,000000
178 1675677730 0,200000 -1,000000 -101,000000 0,000000 0,000000
178 1675677731 0,200000 -1,000000 -101,000000 0,000000 0,000000
178 1675677732 0,200000 -1,000000 -101,000000 0,000000 0,000000
178 1675677733 0,200000 -1,000000 -101,000000 0,000000 0,000000
178 1675677749 0,200000 -1,000000 -101,000000 0,000000 0,000000
178 1675677750 0,200000 -1,000000 -101,000000 0,000000 0,000000
178 1675677751 0,200000 -1,000000 -101,000000 0,000000 0,000000
178 1675677752 0,200000 -1,000000 -101,000000 0,000000 0,000000
178 1675677753 0,200000 -1,000000 -101,000000 0,000000 0,000000
178 1675677759 0,200000 -1,000000 -101,000000 0,000000 0,000000
178 1675677760 0,200000 -1,000000 -101,000000 0,000000 0,000000
178 1675677761 0,200000 -1,000000 -101,000000 0,000000 0,000000
178 1675677762 0,200000 -1,000000 -101,000000 0,000000 0,000000
178 1675677763 0,200000 -1,000000 -101,000000 0,000000 0,000000
178 1675677764 0,200000 -1,000000 -101,000000 0,000000 0,000000
178 1675677765 0,200000 -1,000000 -101,000000 0,000000 0,000000
178 1675677766 0,200000 -1,000000 -101,000000 0,000000 0,000000
178 1675677767 0,200000 -1,000000 -101,000000 0,000000 0,000000
178 1675677768 0,200000 -1,000000 -101,000000 0,000000 0,000000
178 1675677769 0,200000 -1,000000 -101,000000 0,000000 0,000000
178 1675677770 0,200000 -1,000000 -101,000000 0,000000 0,000000
178 1675677771 0,200000 -1,000000 -101,000000 0,000000 0,000000
178 1675677772 0,200000 -1,000000 -101,000000 0,000000 0,000000
178 1675677773 0,200000 -1,000000 -101,000000 0,000000 0,000000
178 1675677774 0,200000 -1,000000 -101,000000 0,000000 0,000000
178 1675677775 0,200000 -1,000000 -101,000000 0,000000 0,000000
178 1675677776 0,200000 -1,000000 -101,000000 0,000000 0,000000
178 1675677777 0,200000 -1,000000 -101,000000 0,000000 0,000000
178 1675677778 0,200000 -1,000000 -101,000000 0,000000 0,000000
178 1675677779 0,200000 -1,000000 -101,000000 0,000000 0,000000
178 1675677780 0,200000 -1,000000 -101,000000 0,000000 0,000000
178 1675677781 0,200000 -1,000000 -101,000000 0,000000 0,000000
178 1675677782 0,200000 -1,000000 -101,000000 0,000000 0,000000
178 1675677783 0,200000 -1,000000 -101,000000 0,000000 0,000000
178 1675677784 0,200000 -1,000000 -101,000000 0,000000 0,000000
178 1675677785 0,200000 -1,000000 -101,000000 0,000000 0,000000
178 1675677786 0,200000 -1,000000 -101,000000 0,000000 0,000000
178 1675677787 0,200000 -1,000000 -101,000000 0,000000 0,000000
178 1675677788 0,200000 -1,000000 -101,000000 0,000000 0,000000
178 1675677789 0,200000 -1,000000 -101,000000 0,000000 0,000000
178 1675677790 0,200000 -1,000000 -101,000000 0,000000 0,000000
178 1675677791 0,200000 -1,000000 -101,000000 0,000000 0,000000
178 1675677792 0,200000 -1,000000 -101,000000 0,000000 0,000000
178 1675677793 0,200000 -1,000000 -101,000000 0,000000 0,000000
178 1675677794 0,200000 -1,000000 -101,000000 0,000000 0,000000
178 1675677795 0,200000 -1,000000 -101,000000 0,000000 0,000000
178 1675677796 0,200000 -1,000000 -101,000000 0,000000 0,000000
178 1675677797 0,200000 -1,000000 -101,000000 0,000000 0,000000
178 1675677798 0,200000 -1,000000 -101,000000 0,000000 0,000000
178 1675677799 0,200000 -1,000000 -101,000000 0,000000 0,000000
178 1675677800 0,200000 -1,000000 -101,000000 0,000000 0,000000
178 1675677801 0,200000 -1,000000 -101,000000 0,000000 0,000000
178 1675677802 0,200000 -1,000000 -101,000000 0,000000 0,000000
178 1675677803 0,200000 -1,000000 -101,000000 0,000000 0,000000
178 1675677814 0,200000 -1,000000 -101,000000 0,000000 0,000000
178 1675677815 0,200000 -1,000000 -101,000000 0,000000 0,000000
178 1675677816 0,200000 -1,000000 -101,000000 0,000000 0,000000
178 1675677817 0,200000 -1,000000 -101,000000 0,000000 0,000000
178 1675677818 0,200000 -1,000000 -101,000000 0,000000 0,000000
178 1675677824 0,200000 -1,000000 -101,000000 0,000000 0,000000
178 1675677825 0,200000 -1,000000 -101,000000 0,000000 0,000000
178 1675677826 0,200000 -1,000000 -101,000000 0,000000 0,000000
178 1675677827 0,200000 -1,000000 -101,000000 0,000000 0,000000
178 1675677828 0,200000 -1,000000 -101,000000 0,000000 0,000000
178 1675677829 0,400000 -1,000000 -101,000000 0,000000 0,000000
178 1675677830 0,400000 -1,000000 -101,000000 0,000000 0,000000
178 1675677831 0,400000 -1,000000 -101,000000 0,000000 0,000000
178 1675677832 0,400000 -1,000000 -101,000000 0,000000 0,000000
178 1675677833 0,400000 -1,000000 -101,000000 0,000000 0,000000
178 1675677834 0,600000 -1,000000 -101,000000 0,000000 0,000000
178 1675677835 0,600000 -1,000000 -101,000000 0,000000 0,000000
178 1675677836 0,600000 -1,000000 -101,000000 0,000000 0,000000
178 1675677837 0,600000 -1,000000 -101,000000 0,000000 0,000000
178 1675677838 0,600000 -1,000000 -101,000000 0,000000 0,000000
178 1675677844 0,200000 -1,000000 -101,000000 0,000000 0,000000
178 1675677845 0,200000 -1,000000 -101,000000 0,000000 0,000000
178 1675677846 0,200000 -1,000000 -101,000000 0,000000 0,000000
178 1675677847 0,200000 -1,000000 -101,000000 0,000000 0,000000
178 1675677848 0,200000 -1,000000 -101,000000 0,000000 0,000000
178 1675677849 0,400000 -1,000000 -101,000000 0,000000 0,000000
178 1675677850 0,400000 -1,000000 -101,000000 0,000000 0,000000
178 1675677851 0,400000 -1,000000 -101,000000 0,000000 0,000000
178 1675677852 0,400000 -1,000000 -101,000000 0,000000 0,000000
178 1675677853 0,400000 -1,000000 -101,000000 0,000000 0,000000
178 1675677854 0,200000 -1,000000 -101,000000 0,000000 0,000000
178 1675677855 0,200000 -1,000000 -101,000000 0,000000 0,000000
178 1675677856 0,200000 -1,000000 -101,000000 0,000000 0,000000
178 1675677857 0,200000 -1,000000 -101,000000 0,000000 0,000000
178 1675677858 0,200000 -1,000000 -101,000000 0,000000 0,000000
178 1675677859 0,200000 -1,000000 -101,000000 0,000000 0,000000
178 1675677860 0,200000 -1,000000 -101,000000 0,000000 0,000000
178 1675677861 0,200000 -1,000000 -101,000000 0,000000 0,000000
178 1675677862 0,200000 -1,000000 -101,000000 0,000000 0,000000
178 1675677863 0,200000 -1,000000 -101,000000 0,000000 0,000000
178 1675677864 0,200000 -1,000000 -101,000000 0,000000 0,000000
178 1675677865 0,200000 -1,000000 -101,000000 0,000000 0,000000
178 1675677866 0,200000 -1,000000 -101,000000 0,000000 0,000000
178 1675677867 0,200000 -1,000000 -101,000000 0,000000 0,000000
178 1675677868 0,200000 -1,000000 -101,000000 0,000000 0,000000
178 1675677904 0,200000 -1,000000 -101,000000 0,000000 0,000000
