170 1675676494 1084,000000 -1,000000 -101,000000 0,000000 0,000000
170 1675676495 1084,000000 -1,000000 -101,000000 0,000000 0,000000
170 1675676496 1084,000000 -1,000000 -101,000000 0,000000 0,000000
170 1675676497 1084,000000 -1,000000 -101,000000 0,000000 0,000000
170 1675676498 1084,000000 -1,000000 -101,000000 0,000000 0,000000
170 1675676499 1572,600000 -1,000000 -101,000000 0,000000 0,000000
170 1675676500 1572,600000 -1,000000 -101,000000 0,000000 0,000000
170 1675676501 1572,600000 -1,000000 -101,000000 0,000000 0,000000
170 1675676502 1572,600000 -1,000000 -101,000000 0,000000 0,000000
170 1675676503 1572,600000 -1,000000 -101,000000 0,000000 0,000000
170 1675676504 2114,400000 -1,000000 -101,000000 0,000000 0,000000
170 1675676505 2114,400000 -1,000000 -101,000000 0,000000 0,000000
170 1675676506 2114,400000 -1,000000 -101,000000 0,000000 0,000000
170 1675676507 2114,400000 -1,000000 -101,000000 0,000000 0,000000
170 1675676508 2114,400000 -1,000000 -101,000000 0,000000 0,000000
170 1675676509 1896,600000 -1,000000 -101,000000 0,000000 0,000000
170 1675676510 1896,600000 -1,000000 -101,000000 0,000000 0,000000
170 1675676511 1896,600000 -1,000000 -101,000000 0,000000 0,000000
170 1675676512 1896,600000 -1,000000 -101,000000 0,000000 0,000000
170 1675676513 1896,600000 -1,000000 -101,000000 0,000000 0,000000
170 1675676514 3703,000000 -1,000000 -101,000000 0,000000 0,000000
170 1675676515 3703,000000 -1,000000 -101,000000 0,000000 0,000000
170 1675676516 3703,000000 -1,000000 -101,000000 0,000000 0,000000
170 1675676517 3703,000000 -1,000000 -101,000000 0,000000 0,000000
170 1675676518 3703,000000 -1,000000 -101,000000 0,000000 0,000000
170 1675676519 1136,000000 -1,000000 -101,000000 0,000000 0,000000
170 1675676520 1136,000000 -1,000000 -101,000000 0,000000 0,000000
170 1675676521 1136,000000 -1,000000 -101,000000 0,000000 0,000000
170 1675676522 1136,000000 -1,000000 -101,000000 0,000000 0,000000
170 1675676523 1136,000000 -1,000000 -101,000000 0,000000 0,000000
170 1675676524 5383,600000 -1,000000 -101,000000 0,000000 0,000000
170 1675676525 5383,600000 -1,000000 -101,000000 0,000000 0,000000
170 1675676526 5383,600000 -1,000000 -101,000000 0,000000 0,000000
170 1675676527 5383,600000 -1,000000 -101,000000 0,000000 0,000000
170 1675676528 5383,600000 -1,000000 -101,000000 0,000000 0,000000
170 1675676529 2205,400000 -1,000000 -101,000000 0,000000 0,000000
170 1675676530 2205,400000 -1,000000 -101,000000 0,000000 0,000000
170 1675676531 2205,400000 -1,000000 -101,000000 0,000000 0,000000
170 1675676532 2205,400000 -1,000000 -101,000000 0,000000 0,000000
170 1675676533 2205,400000 -1,000000 -101,000000 0,000000 0,000000
170 1675676534 3108,400000 -1,000000 -101,000000 0,000000 0,000000
170 1675676535 3108,400000 -1,000000 -101,000000 0,000000 0,000000
170 1675676536 3108,400000 -1,000000 -101,000000 0,000000 0,000000
170 1675676537 3108,400000 -1,000000 -101,000000 0,000000 0,000000
170 1675676538 3108,400000 -1,000000 -101,000000 0,000000 0,000000
170 1675676539 2822,200000 -1,000000 -101,000000 0,000000 0,000000
170 1675676540 2822,200000 -1,000000 -101,000000 0,000000 0,000000
170 1675676541 2822,200000 -1,000000 -101,000000 0,000000 0,000000
170 1675676542 2822,200000 -1,000000 -101,000000 0,000000 0,000000
170 1675676543 2822,200000 -1,000000 -101,000000 0,000000 0,000000
170 1675676544 1570,000000 -1,000000 -101,000000 0,000000 0,000000
170 1675676545 1570,000000 -1,000000 -101,000000 0,000000 0,000000
170 1675676546 1570,000000 -1,000000 -101,000000 0,000000 0,000000
170 1675676547 1570,000000 -1,000000 -101,000000 0,000000 0,000000
170 1675676548 1570,000000 -1,000000 -101,000000 0,000000 0,000000
170 1675676549 2114,400000 -1,000000 -101,000000 0,000000 0,000000
170 1675676550 2114,400000 -1,000000 -101,000000 0,000000 0,000000
170 1675676551 2114,400000 -1,000000 -101,000000 0,000000 0,000000
170 1675676552 2114,400000 -1,000000 -101,000000 0,000000 0,000000
170 1675676553 2114,400000 -1,000000 -101,000000 0,000000 0,000000
170 1675676554 2979,000000 -1,000000 -101,000000 0,000000 0,000000
170 1675676555 2979,000000 -1,000000 -101,000000 0,000000 0,000000
170 1675676556 2979,000000 -1,000000 -101,000000 0,000000 0,000000
170 1675676557 2979,000000 -1,000000 -101,000000 0,000000 0,000000
170 1675676558 2979,000000 -1,000000 -101,000000 0,000000 0,000000
170 1675676559 3779,200000 -1,000000 -101,000000 0,000000 0,000000
170 1675676560 3779,200000 -1,000000 -101,000000 0,000000 0,000000
170 1675676561 3779,200000 -1,000000 -101,000000 0,000000 0,000000
170 1675676562 3779,200000 -1,000000 -101,000000 0,000000 0,000000
170 1675676563 3779,200000 -1,000000 -101,000000 0,000000 0,000000
170 1675676564 4862,400000 -1,000000 -101,000000 0,000000 0,000000
170 1675676565 4862,400000 -1,000000 -101,000000 0,000000 0,000000
170 1675676566 4862,400000 -1,000000 -101,000000 0,000000 0,000000
170 1675676567 4862,400000 -1,000000 -101,000000 0,000000 0,000000
170 1675676568 4862,400000 -1,000000 -101,000000 0,000000 0,000000
170 1675676569 2704,200000 -1,000000 -101,000000 0,000000 0,000000
170 1675676570 2704,200000 -1,000000 -101,000000 0,000000 0,000000
170 1675676571 2704,200000 -1,000000 -101,000000 0,000000 0,000000
170 1675676572 2704,200000 -1,000000 -101,000000 0,000000 0,000000
170 1675676573 2704,200000 -1,000000 -101,000000 0,000000 0,000000
170 1675676574 3929,600000 -1,000000 -101,000000 0,000000 0,000000
170 1675676575 3929,600000 -1,000000 -101,000000 0,000000 0,000000
170 1675676576 3929,600000 -1,000000 -101,000000 0,000000 0,000000
170 1675676577 3929,600000 -1,000000 -101,000000 0,000000 0,000000
170 1675676578 3929,600000 -1,000000 -101,000000 0,000000 0,000000
170 1675676579 5283,800000 -1,000000 -101,000000 0,000000 0,000000
170 1675676580 5283,800000 -1,000000 -101,000000 0,000000 0,000000
170 1675676581 5283,800000 -1,000000 -101,000000 0,000000 0,000000
170 1675676582 5283,800000 -1,000000 -101,000000 0,000000 0,000000
170 1675676583 5283,800000 -1,000000 -101,000000 0,000000 0,000000
170 1675676584 11957,800000 -1,000000 -101,000000 0,000000 0,000000
170 1675676585 11957,800000 -1,000000 -101,000000 0,000000 0,000000
170 1675676586 11957,800000 -1,000000 -101,000000 0,000000 0,000000
170 1675676587 11957,800000 -1,000000 -101,000000 0,000000 0,000000
170 1675676588 11957,800000 -1,000000 -101,000000 0,000000 0,000000
170 1675676589 6717,800000 -1,000000 -101,000000 0,000000 0,000000
170 1675676590 6717,800000 -1,000000 -101,000000 0,000000 0,000000
170 1675676591 6717,800000 -1,000000 -101,000000 0,000000 0,000000
170 1675676592 6717,800000 -1,000000 -101,000000 0,000000 0,000000
170 1675676593 6717,800000 -1,000000 -101,000000 0,000000 0,000000
170 1675676594 4087,200000 -1,000000 -101,000000 0,000000 0,000000
170 1675676595 4087,200000 -1,000000 -101,000000 0,000000 0,000000
170 1675676596 4087,200000 -1,000000 -101,000000 0,000000 0,000000
170 1675676597 4087,200000 -1,000000 -101,000000 0,000000 0,000000
170 1675676598 4087,200000 -1,000000 -101,000000 0,000000 0,000000
170 1675676599 3286,400000 -1,000000 -101,000000 0,000000 0,000000
170 1675676600 3286,400000 -1,000000 -101,000000 0,000000 0,000000
170 1675676601 3286,400000 -1,000000 -101,000000 0,000000 0,000000
170 1675676602 3286,400000 -1,000000 -101,000000 0,000000 0,000000
170 1675676603 3286,400000 -1,000000 -101,000000 0,000000 0,000000
170 1675676604 3066,000000 -1,000000 -101,000000 0,000000 0,000000
170 1675676605 3066,000000 -1,000000 -101,000000 0,000000 0,000000
170 1675676606 3066,000000 -1,000000 -101,000000 0,000000 0,000000
170 1675676607 3066,000000 -1,000000 -101,000000 0,000000 0,000000
170 1675676608 3066,000000 -1,000000 -101,000000 0,000000 0,000000
170 1675676609 335,600000 -1,000000 -101,000000 0,000000 0,000000
170 1675676610 335,600000 -1,000000 -101,000000 0,000000 0,000000
170 1675676611 335,600000 -1,000000 -101,000000 0,000000 0,000000
170 1675676612 335,600000 -1,000000 -101,000000 0,000000 0,000000
170 1675676613 335,600000 -1,000000 -101,000000 0,000000 0,000000
170 1675676614 5904,200000 -1,000000 -101,000000 0,000000 0,000000
170 1675676615 5904,200000 -1,000000 -101,000000 0,000000 0,000000
170 1675676616 5904,200000 -1,000000 -101,000000 0,000000 0,000000
170 1675676617 5904,200000 -1,000000 -101,000000 0,000000 0,000000
170 1675676618 5904,200000 -1,000000 -101,000000 0,000000 0,000000
170 1675676619 6283,800000 -1,000000 -101,000000 0,000000 0,000000
170 1675676620 6283,800000 -1,000000 -101,000000 0,000000 0,000000
170 1675676621 6283,800000 -1,000000 -101,000000 0,000000 0,000000
170 1675676622 6283,800000 -1,000000 -101,000000 0,000000 0,000000
170 1675676623 6283,800000 -1,000000 -101,000000 0,000000 0,000000
170 1675676624 10516,000000 -1,000000 -101,000000 0,000000 0,000000
170 1675676625 10516,000000 -1,000000 -101,000000 0,000000 0,000000
170 1675676626 10516,000000 -1,000000 -101,000000 0,000000 0,000000
170 1675676627 10516,000000 -1,000000 -101,000000 0,000000 0,000000
170 1675676628 10516,000000 -1,000000 -101,000000 0,000000 0,000000
170 1675676629 5796,600000 -1,000000 -101,000000 0,000000 0,000000
170 1675676630 5796,600000 -1,000000 -101,000000 0,000000 0,000000
170 1675676631 5796,600000 -1,000000 -101,000000 0,000000 0,000000
170 1675676632 5796,600000 -1,000000 -101,000000 0,000000 0,000000
170 1675676633 5796,600000 -1,000000 -101,000000 0,000000 0,000000
170 1675676634 5955,800000 -1,000000 -101,000000 0,000000 0,000000
170 1675676635 5955,800000 -1,000000 -101,000000 0,000000 0,000000
170 1675676636 5955,800000 -1,000000 -101,000000 0,000000 0,000000
170 1675676637 5955,800000 -1,000000 -101,000000 0,000000 0,000000
170 1675676638 5955,800000 -1,000000 -101,000000 0,000000 0,000000
170 1675676639 4655,200000 -1,000000 -101,000000 0,000000 0,000000
170 1675676640 4655,200000 -1,000000 -101,000000 0,000000 0,000000
170 1675676641 4655,200000 -1,000000 -101,000000 0,000000 0,000000
170 1675676642 4655,200000 -1,000000 -101,000000 0,000000 0,000000
170 1675676643 4655,200000 -1,000000 -101,000000 0,000000 0,000000
170 1675676644 6106,600000 -1,000000 -101,000000 0,000000 0,000000
170 1675676645 6106,600000 -1,000000 -101,000000 0,000000 0,000000
170 1675676646 6106,600000 -1,000000 -101,000000 0,000000 0,000000
170 1675676647 6106,600000 -1,000000 -101,000000 0,000000 0,000000
170 1675676648 6106,600000 -1,000000 -101,000000 0,000000 0,000000
170 1675676649 5569,800000 -1,000000 -101,000000 0,000000 0,000000
170 1675676650 5569,800000 -1,000000 -101,000000 0,000000 0,000000
170 1675676651 5569,800000 -1,000000 -101,000000 0,000000 0,000000
170 1675676652 5569,800000 -1,000000 -101,000000 0,000000 0,000000
170 1675676653 5569,800000 -1,000000 -101,000000 0,000000 0,000000
170 1675676654 3545,600000 -1,000000 -101,000000 0,000000 0,000000
170 1675676655 3545,600000 -1,000000 -101,000000 0,000000 0,000000
170 1675676656 3545,600000 -1,000000 -101,000000 0,000000 0,000000
170 1675676657 3545,600000 -1,000000 -101,000000 0,000000 0,000000
170 1675676658 3545,600000 -1,000000 -101,000000 0,000000 0,000000
170 1675676659 4897,000000 -1,000000 -101,000000 0,000000 0,000000
170 1675676660 4897,000000 -1,000000 -101,000000 0,000000 0,000000
170 1675676661 4897,000000 -1,000000 -101,000000 0,000000 0,000000
170 1675676662 4897,000000 -1,000000 -101,000000 0,000000 0,000000
170 1675676663 4897,000000 -1,000000 -101,000000 0,000000 0,000000
170 1675676664 3699,600000 -1,000000 -101,000000 0,000000 0,000000
170 1675676665 3699,600000 -1,000000 -101,000000 0,000000 0,000000
170 1675676666 3699,600000 -1,000000 -101,000000 0,000000 0,000000
170 1675676667 3699,600000 -1,000000 -101,000000 0,000000 0,000000
170 1675676668 3699,600000 -1,000000 -101,000000 0,000000 0,000000
170 1675676669 335,400000 -1,000000 -101,000000 0,000000 0,000000
170 1675676670 335,400000 -1,000000 -101,000000 0,000000 0,000000
170 1675676671 335,400000 -1,000000 -101,000000 0,000000 0,000000
170 1675676672 335,400000 -1,000000 -101,000000 0,000000 0,000000
170 1675676673 335,400000 -1,000000 -101,000000 0,000000 0,000000
170 1675676674 3736,600000 -1,000000 -101,000000 0,000000 0,000000
170 1675676675 3736,600000 -1,000000 -101,000000 0,000000 0,000000
170 1675676676 3736,600000 -1,000000 -101,000000 0,000000 0,000000
170 1675676677 3736,600000 -1,000000 -101,000000 0,000000 0,000000
170 1675676678 3736,600000 -1,000000 -101,000000 0,000000 0,000000
170 1675676679 5723,000000 -1,000000 -101,000000 0,000000 0,000000
170 1675676680 5723,000000 -1,000000 -101,000000 0,000000 0,000000
170 1675676681 5723,000000 -1,000000 -101,000000 0,000000 0,000000
170 1675676682 5723,000000 -1,000000 -101,000000 0,000000 0,000000
170 1675676683 5723,000000 -1,000000 -101,000000 0,000000 0,000000
170 1675676684 4023,000000 -1,000000 -101,000000 0,000000 0,000000
170 1675676685 4023,000000 -1,000000 -101,000000 0,000000 0,000000
170 1675676686 4023,000000 -1,000000 -101,000000 0,000000 0,000000
170 1675676687 4023,000000 -1,000000 -101,000000 0,000000 0,000000
170 1675676688 4023,000000 -1,000000 -101,000000 0,000000 0,000000
170 1675676689 4767,600000 -1,000000 -101,000000 0,000000 0,000000
170 1675676690 4767,600000 -1,000000 -101,000000 0,000000 0,000000
170 1675676691 4767,600000 -1,000000 -101,000000 0,000000 0,000000
170 1675676692 4767,600000 -1,000000 -101,000000 0,000000 0,000000
170 1675676693 4767,600000 -1,000000 -101,000000 0,000000 0,000000
170 1675676694 4281,200000 -1,000000 -101,000000 0,000000 0,000000
170 1675676695 4281,200000 -1,000000 -101,000000 0,000000 0,000000
170 1675676696 4281,200000 -1,000000 -101,000000 0,000000 0,000000
170 1675676697 4281,200000 -1,000000 -101,000000 0,000000 0,000000
170 1675676698 4281,200000 -1,000000 -101,000000 0,000000 0,000000
170 1675676699 4958,600000 -1,000000 -101,000000 0,000000 0,000000
170 1675676700 4958,600000 -1,000000 -101,000000 0,000000 0,000000
170 1675676701 4958,600000 -1,000000 -101,000000 0,000000 0,000000
170 1675676702 4958,600000 -1,000000 -101,000000 0,000000 0,000000
170 1675676703 4958,600000 -1,000000 -101,000000 0,000000 0,000000
170 1675676704 5169,600000 -1,000000 -101,000000 0,000000 0,000000
170 1675676705 5169,600000 -1,000000 -101,000000 0,000000 0,000000
170 1675676706 5169,600000 -1,000000 -101,000000 0,000000 0,000000
170 1675676707 5169,600000 -1,000000 -101,000000 0,000000 0,000000
170 1675676708 5169,600000 -1,000000 -101,000000 0,000000 0,000000
170 1675676709 7019,600000 -1,000000 -101,000000 0,000000 0,000000
170 1675676710 7019,600000 -1,000000 -101,000000 0,000000 0,000000
170 1675676711 7019,600000 -1,000000 -101,000000 0,000000 0,000000
170 1675676712 7019,600000 -1,000000 -101,000000 0,000000 0,000000
170 1675676713 7019,600000 -1,000000 -101,000000 0,000000 0,000000
170 1675676714 2352,000000 -1,000000 -101,000000 0,000000 0,000000
170 1675676715 2352,000000 -1,000000 -101,000000 0,000000 0,000000
170 1675676716 2352,000000 -1,000000 -101,000000 0,000000 0,000000
170 1675676717 2352,000000 -1,000000 -101,000000 0,000000 0,000000
170 1675676718 2352,000000 -1,000000 -101,000000 0,000000 0,000000
170 1675676719 2656,800000 -1,000000 -101,000000 0,000000 0,000000
170 1675676720 2656,800000 -1,000000 -101,000000 0,000000 0,000000
170 1675676721 2656,800000 -1,000000 -101,000000 0,000000 0,000000
170 1675676722 2656,800000 -1,000000 -101,000000 0,000000 0,000000
170 1675676723 2656,800000 -1,000000 -101,000000 0,000000 0,000000
170 1675676724 5767,200000 -1,000000 -101,000000 0,000000 0,000000
170 1675676725 5767,200000 -1,000000 -101,000000 0,000000 0,000000
170 1675676726 5767,200000 -1,000000 -101,000000 0,000000 0,000000
170 1675676727 5767,200000 -1,000000 -101,000000 0,000000 0,000000
170 1675676728 5767,200000 -1,000000 -101,000000 0,000000 0,000000
170 1675676729 5431,200000 -1,000000 -101,000000 0,000000 0,000000
170 1675676730 5431,200000 -1,000000 -101,000000 0,000000 0,000000
170 1675676731 5431,200000 -1,000000 -101,000000 0,000000 0,000000
170 1675676732 5431,200000 -1,000000 -101,000000 0,000000 0,000000
170 1675676733 5431,200000 -1,000000 -101,000000 0,000000 0,000000
170 1675676734 5942,800000 -1,000000 -101,000000 0,000000 0,000000
170 1675676735 5942,800000 -1,000000 -101,000000 0,000000 0,000000
170 1675676736 5942,800000 -1,000000 -101,000000 0,000000 0,000000
170 1675676737 5942,800000 -1,000000 -101,000000 0,000000 0,000000
170 1675676738 5942,800000 -1,000000 -101,000000 0,000000 0,000000
170 1675676739 8091,400000 -1,000000 -101,000000 0,000000 0,000000
170 1675676740 8091,400000 -1,000000 -101,000000 0,000000 0,000000
170 1675676741 8091,400000 -1,000000 -101,000000 0,000000 0,000000
170 1675676742 8091,400000 -1,000000 -101,000000 0,000000 0,000000
170 1675676743 8091,400000 -1,000000 -101,000000 0,000000 0,000000
170 1675676744 3479,400000 -1,000000 -101,000000 0,000000 0,000000
170 1675676745 3479,400000 -1,000000 -101,000000 0,000000 0,000000
170 1675676746 3479,400000 -1,000000 -101,000000 0,000000 0,000000
170 1675676747 3479,400000 -1,000000 -101,000000 0,000000 0,000000
170 1675676748 3479,400000 -1,000000 -101,000000 0,000000 0,000000
170 1675676749 7965,200000 -1,000000 -101,000000 0,000000 0,000000
170 1675676750 7965,200000 -1,000000 -101,000000 0,000000 0,000000
170 1675676751 7965,200000 -1,000000 -101,000000 0,000000 0,000000
170 1675676752 7965,200000 -1,000000 -101,000000 0,000000 0,000000
170 1675676753 7965,200000 -1,000000 -101,000000 0,000000 0,000000
170 1675676754 6261,800000 -1,000000 -101,000000 0,000000 0,000000
170 1675676755 6261,800000 -1,000000 -101,000000 0,000000 0,000000
170 1675676756 6261,800000 -1,000000 -101,000000 0,000000 0,000000
170 1675676757 6261,800000 -1,000000 -101,000000 0,000000 0,000000
170 1675676758 6261,800000 -1,000000 -101,000000 0,000000 0,000000
170 1675676759 3722,800000 -1,000000 -101,000000 0,000000 0,000000
170 1675676760 3722,800000 -1,000000 -101,000000 0,000000 0,000000
170 1675676761 3722,800000 -1,000000 -101,000000 0,000000 0,000000
170 1675676762 3722,800000 -1,000000 -101,000000 0,000000 0,000000
170 1675676763 3722,800000 -1,000000 -101,000000 0,000000 0,000000
170 1675676764 3984,400000 -1,000000 -101,000000 0,000000 0,000000
170 1675676765 3984,400000 -1,000000 -101,000000 0,000000 0,000000
170 1675676766 3984,400000 -1,000000 -101,000000 0,000000 0,000000
170 1675676767 3984,400000 -1,000000 -101,000000 0,000000 0,000000
170 1675676768 3984,400000 -1,000000 -101,000000 0,000000 0,000000
170 1675676769 7440,400000 -1,000000 -101,000000 0,000000 0,000000
170 1675676770 7440,400000 -1,000000 -101,000000 0,000000 0,000000
170 1675676771 7440,400000 -1,000000 -101,000000 0,000000 0,000000
170 1675676772 7440,400000 -1,000000 -101,000000 0,000000 0,000000
170 1675676773 7440,400000 -1,000000 -101,000000 0,000000 0,000000
170 1675676774 1903,200000 -1,000000 -101,000000 0,000000 0,000000
170 1675676775 1903,200000 -1,000000 -101,000000 0,000000 0,000000
170 1675676776 1903,200000 -1,000000 -101,000000 0,000000 0,000000
170 1675676777 1903,200000 -1,000000 -101,000000 0,000000 0,000000
170 1675676778 1903,200000 -1,000000 -101,000000 0,000000 0,000000
170 1675676789 1082,600000 -1,000000 -101,000000 0,000000 0,000000
170 1675676790 1082,600000 -1,000000 -101,000000 0,000000 0,000000
170 1675676791 1082,600000 -1,000000 -101,000000 0,000000 0,000000
170 1675676792 1082,600000 -1,000000 -101,000000 0,000000 0,000000
170 1675676793 1082,600000 -1,000000 -101,000000 0,000000 0,000000
170 1675676794 2655,000000 -1,000000 -101,000000 0,000000 0,000000
170 1675676795 2655,000000 -1,000000 -101,000000 0,000000 0,000000
170 1675676796 2655,000000 -1,000000 -101,000000 0,000000 0,000000
170 1675676797 2655,000000 -1,000000 -101,000000 0,000000 0,000000
170 1675676798 2655,000000 -1,000000 -101,000000 0,000000 0,000000
170 1675676799 4768,800000 -1,000000 -101,000000 0,000000 0,000000
170 1675676800 4768,800000 -1,000000 -101,000000 0,000000 0,000000
170 1675676801 4768,800000 -1,000000 -101,000000 0,000000 0,000000
170 1675676802 4768,800000 -1,000000 -101,000000 0,000000 0,000000
170 1675676803 4768,800000 -1,000000 -101,000000 0,000000 0,000000
170 1675676804 6664,200000 -1,000000 -101,000000 0,000000 0,000000
170 1675676805 6664,200000 -1,000000 -101,000000 0,000000 0,000000
170 1675676806 6664,200000 -1,000000 -101,000000 0,000000 0,000000
170 1675676807 6664,200000 -1,000000 -101,000000 0,000000 0,000000
170 1675676808 6664,200000 -1,000000 -101,000000 0,000000 0,000000
170 1675676809 7610,800000 -1,000000 -101,000000 0,000000 0,000000
170 1675676810 7610,800000 -1,000000 -101,000000 0,000000 0,000000
170 1675676811 7610,800000 -1,000000 -101,000000 0,000000 0,000000
170 1675676812 7610,800000 -1,000000 -101,000000 0,000000 0,000000
170 1675676813 7610,800000 -1,000000 -101,000000 0,000000 0,000000
170 1675676814 11719,200000 -1,000000 -101,000000 0,000000 0,000000
170 1675676815 11719,200000 -1,000000 -101,000000 0,000000 0,000000
170 1675676816 11719,200000 -1,000000 -101,000000 0,000000 0,000000
170 1675676817 11719,200000 -1,000000 -101,000000 0,000000 0,000000
170 1675676818 11719,200000 -1,000000 -101,000000 0,000000 0,000000
170 1675676819 3358,000000 -1,000000 -101,000000 0,000000 0,000000
170 1675676820 3358,000000 -1,000000 -101,000000 0,000000 0,000000
170 1675676821 3358,000000 -1,000000 -101,000000 0,000000 0,000000
170 1675676822 3358,000000 -1,000000 -101,000000 0,000000 0,000000
170 1675676823 3358,000000 -1,000000 -101,000000 0,000000 0,000000
170 1675676824 11547,200000 -1,000000 -101,000000 0,000000 0,000000
170 1675676825 11547,200000 -1,000000 -101,000000 0,000000 0,000000
170 1675676826 11547,200000 -1,000000 -101,000000 0,000000 0,000000
170 1675676827 11547,200000 -1,000000 -101,000000 0,000000 0,000000
170 1675676828 11547,200000 -1,000000 -101,000000 0,000000 0,000000
170 1675676829 14613,400000 -1,000000 -101,000000 0,000000 0,000000
170 1675676830 14613,400000 -1,000000 -101,000000 0,000000 0,000000
170 1675676831 14613,400000 -1,000000 -101,000000 0,000000 0,000000
170 1675676832 14613,400000 -1,000000 -101,000000 0,000000 0,000000
170 1675676833 14613,400000 -1,000000 -101,000000 0,000000 0,000000
170 1675676834 11723,200000 -1,000000 -101,000000 0,000000 0,000000
170 1675676835 11723,200000 -1,000000 -101,000000 0,000000 0,000000
170 1675676836 11723,200000 -1,000000 -101,000000 0,000000 0,000000
170 1675676837 11723,200000 -1,000000 -101,000000 0,000000 0,000000
170 1675676838 11723,200000 -1,000000 -101,000000 0,000000 0,000000
170 1675676839 5353,800000 -1,000000 -101,000000 0,000000 0,000000
170 1675676840 5353,800000 -1,000000 -101,000000 0,000000 0,000000
170 1675676841 5353,800000 -1,000000 -101,000000 0,000000 0,000000
170 1675676842 5353,800000 -1,000000 -101,000000 0,000000 0,000000
170 1675676843 5353,800000 -1,000000 -101,000000 0,000000 0,000000
170 1675676844 1273,200000 -1,000000 -101,000000 0,000000 0,000000
170 1675676845 1273,200000 -1,000000 -101,000000 0,000000 0,000000
170 1675676846 1273,200000 -1,000000 -101,000000 0,000000 0,000000
170 1675676847 1273,200000 -1,000000 -101,000000 0,000000 0,000000
170 1675676848 1273,200000 -1,000000 -101,000000 0,000000 0,000000
170 1675676849 1435,200000 -1,000000 -101,000000 0,000000 0,000000
170 1675676850 1435,200000 -1,000000 -101,000000 0,000000 0,000000
170 1675676851 1435,200000 -1,000000 -101,000000 0,000000 0,000000
170 1675676852 1435,200000 -1,000000 -101,000000 0,000000 0,000000
170 1675676853 1435,200000 -1,000000 -101,000000 0,000000 0,000000
170 1675676854 3862,400000 -1,000000 -101,000000 0,000000 0,000000
170 1675676855 3862,400000 -1,000000 -101,000000 0,000000 0,000000
170 1675676856 3862,400000 -1,000000 -101,000000 0,000000 0,000000
170 1675676857 3862,400000 -1,000000 -101,000000 0,000000 0,000000
170 1675676858 3862,400000 -1,000000 -101,000000 0,000000 0,000000
170 1675676859 634,400000 -1,000000 -101,000000 0,000000 0,000000
170 1675676860 634,400000 -1,000000 -101,000000 0,000000 0,000000
170 1675676861 634,400000 -1,000000 -101,000000 0,000000 0,000000
170 1675676862 634,400000 -1,000000 -101,000000 0,000000 0,000000
170 1675676863 634,400000 -1,000000 -101,000000 0,000000 0,000000
170 1675676864 3252,000000 -1,000000 -101,000000 0,000000 0,000000
170 1675676865 3252,000000 -1,000000 -101,000000 0,000000 0,000000
170 1675676866 3252,000000 -1,000000 -101,000000 0,000000 0,000000
170 1675676867 3252,000000 -1,000000 -101,000000 0,000000 0,000000
170 1675676868 3252,000000 -1,000000 -101,000000 0,000000 0,000000
170 1675676869 5797,600000 -1,000000 -101,000000 0,000000 0,000000
170 1675676870 5797,600000 -1,000000 -101,000000 0,000000 0,000000
170 1675676871 5797,600000 -1,000000 -101,000000 0,000000 0,000000
170 1675676872 5797,600000 -1,000000 -101,000000 0,000000 0,000000
170 1675676873 5797,600000 -1,000000 -101,000000 0,000000 0,000000
170 1675676874 7913,200000 -1,000000 -101,000000 0,000000 0,000000
170 1675676875 7913,200000 -1,000000 -101,000000 0,000000 0,000000
170 1675676876 7913,200000 -1,000000 -101,000000 0,000000 0,000000
170 1675676877 7913,200000 -1,000000 -101,000000 0,000000 0,000000
170 1675676878 7913,200000 -1,000000 -101,000000 0,000000 0,000000
170 1675676879 4557,800000 -1,000000 -101,000000 0,000000 0,000000
170 1675676880 4557,800000 -1,000000 -101,000000 0,000000 0,000000
170 1675676881 4557,800000 -1,000000 -101,000000 0,000000 0,000000
170 1675676882 4557,800000 -1,000000 -101,000000 0,000000 0,000000
170 1675676883 4557,800000 -1,000000 -101,000000 0,000000 0,000000
170 1675676884 3624,000000 -1,000000 -101,000000 0,000000 0,000000
170 1675676885 3624,000000 -1,000000 -101,000000 0,000000 0,000000
170 1675676886 3624,000000 -1,000000 -101,000000 0,000000 0,000000
170 1675676887 3624,000000 -1,000000 -101,000000 0,000000 0,000000
170 1675676888 3624,000000 -1,000000 -101,000000 0,000000 0,000000
170 1675676889 6383,200000 -1,000000 -101,000000 0,000000 0,000000
170 1675676890 6383,200000 -1,000000 -101,000000 0,000000 0,000000
170 1675676891 6383,200000 -1,000000 -101,000000 0,000000 0,000000
170 1675676892 6383,200000 -1,000000 -101,000000 0,000000 0,000000
170 1675676893 6383,200000 -1,000000 -101,000000 0,000000 0,000000
170 1675676894 6820,200000 -1,000000 -101,000000 0,000000 0,000000
170 1675676895 6820,200000 -1,000000 -101,000000 0,000000 0,000000
170 1675676896 6820,200000 -1,000000 -101,000000 0,000000 0,000000
170 1675676897 6820,200000 -1,000000 -101,000000 0,000000 0,000000
170 1675676898 6820,200000 -1,000000 -101,000000 0,000000 0,000000
170 1675676899 6485,000000 -1,000000 -101,000000 0,000000 0,000000
170 1675676900 6485,000000 -1,000000 -101,000000 0,000000 0,000000
170 1675676901 6485,000000 -1,000000 -101,000000 0,000000 0,000000
170 1675676902 6485,000000 -1,000000 -101,000000 0,000000 0,000000
170 1675676903 6485,000000 -1,000000 -101,000000 0,000000 0,000000
170 1675676904 5452,000000 -1,000000 -101,000000 0,000000 0,000000
170 1675676905 5452,000000 -1,000000 -101,000000 0,000000 0,000000
170 1675676906 5452,000000 -1,000000 -101,000000 0,000000 0,000000
170 1675676907 5452,000000 -1,000000 -101,000000 0,000000 0,000000
170 1675676908 5452,000000 -1,000000 -101,000000 0,000000 0,000000
170 1675676909 3087,000000 -1,000000 -101,000000 0,000000 0,000000
170 1675676910 3087,000000 -1,000000 -101,000000 0,000000 0,000000
170 1675676911 3087,000000 -1,000000 -101,000000 0,000000 0,000000
170 1675676912 3087,000000 -1,000000 -101,000000 0,000000 0,000000
170 1675676913 3087,000000 -1,000000 -101,000000 0,000000 0,000000
170 1675676914 5352,600000 -1,000000 -101,000000 0,000000 0,000000
170 1675676915 5352,600000 -1,000000 -101,000000 0,000000 0,000000
170 1675676916 5352,600000 -1,000000 -101,000000 0,000000 0,000000
170 1675676917 5352,600000 -1,000000 -101,000000 0,000000 0,000000
170 1675676918 5352,600000 -1,000000 -101,000000 0,000000 0,000000
170 1675676919 6958,800000 -1,000000 -101,000000 0,000000 0,000000
170 1675676920 6958,800000 -1,000000 -101,000000 0,000000 0,000000
170 1675676921 6958,800000 -1,000000 -101,000000 0,000000 0,000000
170 1675676922 6958,800000 -1,000000 -101,000000 0,000000 0,000000
170 1675676923 6958,800000 -1,000000 -101,000000 0,000000 0,000000
170 1675676924 9921,400000 -1,000000 -101,000000 0,000000 0,000000
170 1675676925 9921,400000 -1,000000 -101,000000 0,000000 0,000000
170 1675676926 9921,400000 -1,000000 -101,000000 0,000000 0,000000
170 1675676927 9921,400000 -1,000000 -101,000000 0,000000 0,000000
170 1675676928 9921,400000 -1,000000 -101,000000 0,000000 0,000000
170 1675676929 5077,200000 -1,000000 -101,000000 0,000000 0,000000
170 1675676930 5077,200000 -1,000000 -101,000000 0,000000 0,000000
170 1675676931 5077,200000 -1,000000 -101,000000 0,000000 0,000000
170 1675676932 5077,200000 -1,000000 -101,000000 0,000000 0,000000
170 1675676933 5077,200000 -1,000000 -101,000000 0,000000 0,000000
170 1675676934 6353,400000 -1,000000 -101,000000 0,000000 0,000000
170 1675676935 6353,400000 -1,000000 -101,000000 0,000000 0,000000
170 1675676936 6353,400000 -1,000000 -101,000000 0,000000 0,000000
170 1675676937 6353,400000 -1,000000 -101,000000 0,000000 0,000000
170 1675676938 6353,400000 -1,000000 -101,000000 0,000000 0,000000
170 1675676939 4748,600000 -1,000000 -101,000000 0,000000 0,000000
170 1675676940 4748,600000 -1,000000 -101,000000 0,000000 0,000000
170 1675676941 4748,600000 -1,000000 -101,000000 0,000000 0,000000
170 1675676942 4748,600000 -1,000000 -101,000000 0,000000 0,000000
170 1675676943 4748,600000 -1,000000 -101,000000 0,000000 0,000000
170 1675676944 3291,200000 -1,000000 -101,000000 0,000000 0,000000
170 1675676945 3291,200000 -1,000000 -101,000000 0,000000 0,000000
170 1675676946 3291,200000 -1,000000 -101,000000 0,000000 0,000000
170 1675676947 3291,200000 -1,000000 -101,000000 0,000000 0,000000
170 1675676948 3291,200000 -1,000000 -101,000000 0,000000 0,000000
170 1675676949 4767,200000 -1,000000 -101,000000 0,000000 0,000000
170 1675676950 4767,200000 -1,000000 -101,000000 0,000000 0,000000
170 1675676951 4767,200000 -1,000000 -101,000000 0,000000 0,000000
170 1675676952 4767,200000 -1,000000 -101,000000 0,000000 0,000000
170 1675676953 4767,200000 -1,000000 -101,000000 0,000000 0,000000
170 1675676954 5297,800000 -1,000000 -101,000000 0,000000 0,000000
170 1675676955 5297,800000 -1,000000 -101,000000 0,000000 0,000000
170 1675676956 5297,800000 -1,000000 -101,000000 0,000000 0,000000
170 1675676957 5297,800000 -1,000000 -101,000000 0,000000 0,000000
170 1675676958 5297,800000 -1,000000 -101,000000 0,000000 0,000000
170 1675676959 8311,200000 -1,000000 -101,000000 0,000000 0,000000
170 1675676960 8311,200000 -1,000000 -101,000000 0,000000 0,000000
170 1675676961 8311,200000 -1,000000 -101,000000 0,000000 0,000000
170 1675676962 8311,200000 -1,000000 -101,000000 0,000000 0,000000
170 1675676963 8311,200000 -1,000000 -101,000000 0,000000 0,000000
170 1675676964 5143,600000 -1,000000 -101,000000 0,000000 0,000000
170 1675676965 5143,600000 -1,000000 -101,000000 0,000000 0,000000
170 1675676966 5143,600000 -1,000000 -101,000000 0,000000 0,000000
170 1675676967 5143,600000 -1,000000 -101,000000 0,000000 0,000000
170 1675676968 5143,600000 -1,000000 -101,000000 0,000000 0,000000
170 1675676969 971,800000 -1,000000 -101,000000 0,000000 0,000000
170 1675676970 971,800000 -1,000000 -101,000000 0,000000 0,000000
170 1675676971 971,800000 -1,000000 -101,000000 0,000000 0,000000
170 1675676972 971,800000 -1,000000 -101,000000 0,000000 0,000000
170 1675676973 971,800000 -1,000000 -101,000000 0,000000 0,000000
170 1675676974 3451,400000 -1,000000 -101,000000 0,000000 0,000000
170 1675676975 3451,400000 -1,000000 -101,000000 0,000000 0,000000
170 1675676976 3451,400000 -1,000000 -101,000000 0,000000 0,000000
170 1675676977 3451,400000 -1,000000 -101,000000 0,000000 0,000000
170 1675676978 3451,400000 -1,000000 -101,000000 0,000000 0,000000
170 1675676979 7553,200000 -1,000000 -101,000000 0,000000 0,000000
170 1675676980 7553,200000 -1,000000 -101,000000 0,000000 0,000000
170 1675676981 7553,200000 -1,000000 -101,000000 0,000000 0,000000
170 1675676982 7553,200000 -1,000000 -101,000000 0,000000 0,000000
170 1675676983 7553,200000 -1,000000 -101,000000 0,000000 0,000000
170 1675676984 2540,400000 -1,000000 -101,000000 0,000000 0,000000
170 1675676985 2540,400000 -1,000000 -101,000000 0,000000 0,000000
170 1675676986 2540,400000 -1,000000 -101,000000 0,000000 0,000000
170 1675676987 2540,400000 -1,000000 -101,000000 0,000000 0,000000
170 1675676988 2540,400000 -1,000000 -101,000000 0,000000 0,000000
170 1675676989 4766,600000 -1,000000 -101,000000 0,000000 0,000000
170 1675676990 4766,600000 -1,000000 -101,000000 0,000000 0,000000
170 1675676991 4766,600000 -1,000000 -101,000000 0,000000 0,000000
170 1675676992 4766,600000 -1,000000 -101,000000 0,000000 0,000000
170 1675676993 4766,600000 -1,000000 -101,000000 0,000000 0,000000
170 1675676994 2383,600000 -1,000000 -101,000000 0,000000 0,000000
170 1675676995 2383,600000 -1,000000 -101,000000 0,000000 0,000000
170 1675676996 2383,600000 -1,000000 -101,000000 0,000000 0,000000
170 1675676997 2383,600000 -1,000000 -101,000000 0,000000 0,000000
170 1675676998 2383,600000 -1,000000 -101,000000 0,000000 0,000000
170 1675676999 2750,800000 -1,000000 -101,000000 0,000000 0,000000
170 1675677000 2750,800000 -1,000000 -101,000000 0,000000 0,000000
170 1675677001 2750,800000 -1,000000 -101,000000 0,000000 0,000000
170 1675677002 2750,800000 -1,000000 -101,000000 0,000000 0,000000
170 1675677003 2750,800000 -1,000000 -101,000000 0,000000 0,000000
170 1675677004 1444,800000 -1,000000 -101,000000 0,000000 0,000000
170 1675677005 1444,800000 -1,000000 -101,000000 0,000000 0,000000
170 1675677006 1444,800000 -1,000000 -101,000000 0,000000 0,000000
170 1675677007 1444,800000 -1,000000 -101,000000 0,000000 0,000000
170 1675677008 1444,800000 -1,000000 -101,000000 0,000000 0,000000
170 1675677009 1720,600000 -1,000000 -101,000000 0,000000 0,000000
170 1675677010 1720,600000 -1,000000 -101,000000 0,000000 0,000000
170 1675677011 1720,600000 -1,000000 -101,000000 0,000000 0,000000
170 1675677012 1720,600000 -1,000000 -101,000000 0,000000 0,000000
170 1675677073 1447,600000 -1,000000 1447,600000 1447,600000 419109,152000
170 1675677072 1447,600000 -1,000000 1447,600000 1447,600000 419109,152000
170 1675677071 1447,600000 -1,000000 1447,600000 1447,600000 419109,152000
170 1675677070 1447,600000 -1,000000 1447,600000 1447,600000 419109,152000
170 1675677069 1447,600000 -1,000000 1447,600000 1447,600000 419109,152000
170 1675677068 4493,600000 -1,000000 4493,600000 4493,600000 4038488,192000
170 1675677067 4493,600000 -1,000000 4493,600000 4493,600000 4038488,192000
170 1675677066 4493,600000 -1,000000 4493,600000 4493,600000 4038488,192000
170 1675677065 4493,600000 -1,000000 4493,600000 4493,600000 4038488,192000
170 1675677064 4493,600000 -1,000000 4493,600000 4493,600000 4038488,192000
170 1675677063 4020,800000 -1,000000 4020,800000 4020,800000 3233366,528000
170 1675677062 4020,800000 -1,000000 4020,800000 4020,800000 3233366,528000
170 1675677061 4020,800000 -1,000000 4020,800000 4020,800000 3233366,528000
170 1675677060 4020,800000 -1,000000 4020,800000 4020,800000 3233366,528000
170 1675677059 4020,800000 -1,000000 4020,800000 4020,800000 3233366,528000
170 1675677058 5720,600000 -1,000000 5720,600000 5720,600000 6545052,872000
170 1675677057 5720,600000 -1,000000 5720,600000 5720,600000 6545052,872000
170 1675677056 5720,600000 -1,000000 5720,600000 5720,600000 6545052,872000
170 1675677055 5720,600000 -1,000000 5720,600000 5720,600000 6545052,872000
170 1675677054 5720,600000 -1,000000 5720,600000 5720,600000 6545052,872000
170 1675677053 5005,800000 -1,000000 5005,800000 5005,800000 5011606,728000
170 1675677052 5005,800000 -1,000000 5005,800000 5005,800000 5011606,728000
170 1675677051 5005,800000 -1,000000 5005,800000 5005,800000 5011606,728000
170 1675677050 5005,800000 -1,000000 5005,800000 5005,800000 5011606,728000
170 1675677049 5005,800000 -1,000000 5005,800000 5005,800000 5011606,728000
170 1675677048 8714,800000 -1,000000 8714,800000 8714,800000 15189547,808000
170 1675677047 8714,800000 -1,000000 8714,800000 8714,800000 15189547,808000
170 1675677046 8714,800000 -1,000000 8714,800000 8714,800000 15189547,808000
170 1675677045 8714,800000 -1,000000 8714,800000 8714,800000 15189547,808000
170 1675677044 8714,800000 -1,000000 8714,800000 8714,800000 15189547,808000
170 1675677043 8378,600000 -1,000000 8378,600000 8378,600000 14040187,592000
170 1675677042 8378,600000 -1,000000 8378,600000 8378,600000 14040187,592000
170 1675677041 8378,600000 -1,000000 8378,600000 8378,600000 14040187,592000
170 1675677040 8378,600000 -1,000000 8378,600000 8378,600000 14040187,592000
170 1675677039 8378,600000 -1,000000 8378,600000 8378,600000 14040187,592000
170 1675677038 12098,000000 -1,000000 12098,000000 12098,000000 29272320,800000
170 1675677037 12098,000000 -1,000000 12098,000000 12098,000000 29272320,800000
170 1675677036 12098,000000 -1,000000 12098,000000 12098,000000 29272320,800000
170 1675677035 12098,000000 -1,000000 12098,000000 12098,000000 29272320,800000
170 1675677034 12098,000000 -1,000000 12098,000000 12098,000000 29272320,800000
170 1675677033 10329,800000 -1,000000 10329,800000 10329,800000 21340953,608000
170 1675677032 10329,800000 -1,000000 10329,800000 10329,800000 21340953,608000
170 1675677031 10329,800000 -1,000000 10329,800000 10329,800000 21340953,608000
170 1675677030 10329,800000 -1,000000 10329,800000 10329,800000 21340953,608000
170 1675677029 10329,800000 -1,000000 10329,800000 10329,800000 21340953,608000
170 1675677028 12807,800000 -1,000000 12807,800000 12807,800000 32807948,168000
170 1675677027 12807,800000 -1,000000 12807,800000 12807,800000 32807948,168000
170 1675677026 12807,800000 -1,000000 12807,800000 12807,800000 32807948,168000
170 1675677025 12807,800000 -1,000000 12807,800000 12807,800000 32807948,168000
170 1675677024 12807,800000 -1,000000 12807,800000 12807,800000 32807948,168000
170 1675677023 12224,000000 -1,000000 12224,000000 12224,000000 29885235,200000
170 1675677022 12224,000000 -1,000000 12224,000000 12224,000000 29885235,200000
170 1675677021 12224,000000 -1,000000 12224,000000 12224,000000 29885235,200000
170 1675677020 12224,000000 -1,000000 12224,000000 12224,000000 29885235,200000
170 1675677019 12224,000000 -1,000000 12224,000000 12224,000000 29885235,200000
170 1675677018 5620,400000 -1,000000 5620,400000 5620,400000 6317779,232000
170 1675677017 5620,400000 -1,000000 5620,400000 5620,400000 6317779,232000
170 1675677016 5620,400000 -1,000000 5620,400000 5620,400000 6317779,232000
170 1675677015 5620,400000 -1,000000 5620,400000 5620,400000 6317779,232000
170 1675677014 5620,400000 -1,000000 5620,400000 5620,400000 6317779,232000
170 1675677013 1720,600000 -1,000000 1720,600000 1720,600000 592092,872000
170 1675677013 1720,600000 -1,000000 -101,000000 0,000000 0,000000
170 1675677014 5620,400000 -1,000000 -101,000000 0,000000 0,000000
170 1675677015 5620,400000 -1,000000 -101,000000 0,000000 0,000000
170 1675677016 5620,400000 -1,000000 -101,000000 0,000000 0,000000
170 1675677017 5620,400000 -1,000000 -101,000000 0,000000 0,000000
170 1675677018 5620,400000 -1,000000 -101,000000 0,000000 0,000000
170 1675677019 12224,000000 -1,000000 -101,000000 0,000000 0,000000
170 1675677020 12224,000000 -1,000000 -101,000000 0,000000 0,000000
170 1675677021 12224,000000 -1,000000 -101,000000 0,000000 0,000000
170 1675677022 12224,000000 -1,000000 -101,000000 0,000000 0,000000
170 1675677023 12224,000000 -1,000000 -101,000000 0,000000 0,000000
170 1675677024 12807,800000 -1,000000 -101,000000 0,000000 0,000000
170 1675677025 12807,800000 -1,000000 -101,000000 0,000000 0,000000
170 1675677026 12807,800000 -1,000000 -101,000000 0,000000 0,000000
170 1675677027 12807,800000 -1,000000 -101,000000 0,000000 0,000000
170 1675677028 12807,800000 -1,000000 -101,000000 0,000000 0,000000
170 1675677029 10329,800000 -1,000000 -101,000000 0,000000 0,000000
170 1675677030 10329,800000 -1,000000 -101,000000 0,000000 0,000000
170 1675677031 10329,800000 -1,000000 -101,000000 0,000000 0,000000
170 1675677032 10329,800000 -1,000000 -101,000000 0,000000 0,000000
170 1675677033 10329,800000 -1,000000 -101,000000 0,000000 0,000000
170 1675677034 12098,000000 -1,000000 -101,000000 0,000000 0,000000
170 1675677035 12098,000000 -1,000000 -101,000000 0,000000 0,000000
170 1675677036 12098,000000 -1,000000 -101,000000 0,000000 0,000000
170 1675677037 12098,000000 -1,000000 -101,000000 0,000000 0,000000
170 1675677038 12098,000000 -1,000000 -101,000000 0,000000 0,000000
170 1675677039 8378,600000 -1,000000 -101,000000 0,000000 0,000000
170 1675677040 8378,600000 -1,000000 -101,000000 0,000000 0,000000
170 1675677041 8378,600000 -1,000000 -101,000000 0,000000 0,000000
170 1675677042 8378,600000 -1,000000 -101,000000 0,000000 0,000000
170 1675677043 8378,600000 -1,000000 -101,000000 0,000000 0,000000
170 1675677044 8714,800000 -1,000000 -101,000000 0,000000 0,000000
170 1675677045 8714,800000 -1,000000 -101,000000 0,000000 0,000000
170 1675677046 8714,800000 -1,000000 -101,000000 0,000000 0,000000
170 1675677047 8714,800000 -1,000000 -101,000000 0,000000 0,000000
170 1675677048 8714,800000 -1,000000 -101,000000 0,000000 0,000000
170 1675677049 5005,800000 -1,000000 -101,000000 0,000000 0,000000
170 1675677050 5005,800000 -1,000000 -101,000000 0,000000 0,000000
170 1675677051 5005,800000 -1,000000 -101,000000 0,000000 0,000000
170 1675677052 5005,800000 -1,000000 -101,000000 0,000000 0,000000
170 1675677053 5005,800000 -1,000000 -101,000000 0,000000 0,000000
170 1675677054 5720,600000 -1,000000 -101,000000 0,000000 0,000000
170 1675677055 5720,600000 -1,000000 -101,000000 0,000000 0,000000
170 1675677056 5720,600000 -1,000000 -101,000000 0,000000 0,000000
170 1675677057 5720,600000 -1,000000 -101,000000 0,000000 0,000000
170 1675677058 5720,600000 -1,000000 -101,000000 0,000000 0,000000
170 1675677059 4020,800000 -1,000000 -101,000000 0,000000 0,000000
170 1675677060 4020,800000 -1,000000 -101,000000 0,000000 0,000000
170 1675677061 4020,800000 -1,000000 -101,000000 0,000000 0,000000
170 1675677062 4020,800000 -1,000000 -101,000000 0,000000 0,000000
170 1675677063 4020,800000 -1,000000 -101,000000 0,000000 0,000000
170 1675677064 4493,600000 -1,000000 -101,000000 0,000000 0,000000
170 1675677065 4493,600000 -1,000000 -101,000000 0,000000 0,000000
170 1675677066 4493,600000 -1,000000 -101,000000 0,000000 0,000000
170 1675677067 4493,600000 -1,000000 -101,000000 0,000000 0,000000
170 1675677068 4493,600000 -1,000000 -101,000000 0,000000 0,000000
170 1675677069 1447,600000 -1,000000 -101,000000 0,000000 0,000000
170 1675677070 1447,600000 -1,000000 -101,000000 0,000000 0,000000
170 1675677071 1447,600000 -1,000000 -101,000000 0,000000 0,000000
170 1675677072 1447,600000 -1,000000 -101,000000 0,000000 0,000000
170 1675677073 1447,600000 -1,000000 -101,000000 0,000000 0,000000
170 1675677074 3599,800000 -1,000000 -101,000000 0,000000 0,000000
170 1675677075 3599,800000 -1,000000 -101,000000 0,000000 0,000000
170 1675677076 3599,800000 -1,000000 -101,000000 0,000000 0,000000
170 1675677077 3599,800000 -1,000000 -101,000000 0,000000 0,000000
170 1675677078 3599,800000 -1,000000 -101,000000 0,000000 0,000000
170 1675677079 7616,400000 -1,000000 -101,000000 0,000000 0,000000
170 1675677080 7616,400000 -1,000000 -101,000000 0,000000 0,000000
170 1675677081 7616,400000 -1,000000 -101,000000 0,000000 0,000000
170 1675677082 7616,400000 -1,000000 -101,000000 0,000000 0,000000
170 1675677083 7616,400000 -1,000000 -101,000000 0,000000 0,000000
170 1675677084 4863,200000 -1,000000 -101,000000 0,000000 0,000000
170 1675677085 4863,200000 -1,000000 -101,000000 0,000000 0,000000
170 1675677086 4863,200000 -1,000000 -101,000000 0,000000 0,000000
170 1675677087 4863,200000 -1,000000 -101,000000 0,000000 0,000000
170 1675677088 4863,200000 -1,000000 -101,000000 0,000000 0,000000
170 1675677089 2711,800000 -1,000000 -101,000000 0,000000 0,000000
170 1675677090 2711,800000 -1,000000 -101,000000 0,000000 0,000000
170 1675677091 2711,800000 -1,000000 -101,000000 0,000000 0,000000
170 1675677092 2711,800000 -1,000000 -101,000000 0,000000 0,000000
170 1675677093 2711,800000 -1,000000 -101,000000 0,000000 0,000000
170 1675677094 3927,000000 -1,000000 -101,000000 0,000000 0,000000
170 1675677095 3927,000000 -1,000000 -101,000000 0,000000 0,000000
170 1675677096 3927,000000 -1,000000 -101,000000 0,000000 0,000000
170 1675677097 3927,000000 -1,000000 -101,000000 0,000000 0,000000
170 1675677098 3927,000000 -1,000000 -101,000000 0,000000 0,000000
170 1675677099 5284,400000 -1,000000 -101,000000 0,000000 0,000000
170 1675677100 5284,400000 -1,000000 -101,000000 0,000000 0,000000
170 1675677101 5284,400000 -1,000000 -101,000000 0,000000 0,000000
170 1675677102 5284,400000 -1,000000 -101,000000 0,000000 0,000000
170 1675677103 5284,400000 -1,000000 -101,000000 0,000000 0,000000
170 1675677104 9726,200000 -1,000000 -101,000000 0,000000 0,000000
170 1675677105 9726,200000 -1,000000 -101,000000 0,000000 0,000000
170 1675677106 9726,200000 -1,000000 -101,000000 0,000000 0,000000
170 1675677107 9726,200000 -1,000000 -101,000000 0,000000 0,000000
170 1675677108 9726,200000 -1,000000 -101,000000 0,000000 0,000000
170 1675677109 2352,200000 -1,000000 -101,000000 0,000000 0,000000
170 1675677110 2352,200000 -1,000000 -101,000000 0,000000 0,000000
170 1675677111 2352,200000 -1,000000 -101,000000 0,000000 0,000000
170 1675677112 2352,200000 -1,000000 -101,000000 0,000000 0,000000
170 1675677113 2352,200000 -1,000000 -101,000000 0,000000 0,000000
170 1675677114 6506,400000 -1,000000 -101,000000 0,000000 0,000000
170 1675677115 6506,400000 -1,000000 -101,000000 0,000000 0,000000
170 1675677116 6506,400000 -1,000000 -101,000000 0,000000 0,000000
170 1675677117 6506,400000 -1,000000 -101,000000 0,000000 0,000000
170 1675677118 6506,400000 -1,000000 -101,000000 0,000000 0,000000
170 1675677119 4112,800000 -1,000000 -101,000000 0,000000 0,000000
170 1675677120 4112,800000 -1,000000 -101,000000 0,000000 0,000000
170 1675677121 4112,800000 -1,000000 -101,000000 0,000000 0,000000
170 1675677122 4112,800000 -1,000000 -101,000000 0,000000 0,000000
170 1675677123 4112,800000 -1,000000 -101,000000 0,000000 0,000000
170 1675677124 10296,600000 -1,000000 -101,000000 0,000000 0,000000
170 1675677125 10296,600000 -1,000000 -101,000000 0,000000 0,000000
170 1675677126 10296,600000 -1,000000 -101,000000 0,000000 0,000000
170 1675677127 10296,600000 -1,000000 -101,000000 0,000000 0,000000
170 1675677128 10296,600000 -1,000000 -101,000000 0,000000 0,000000
170 1675677129 9601,000000 -1,000000 -101,000000 0,000000 0,000000
170 1675677130 9601,000000 -1,000000 -101,000000 0,000000 0,000000
170 1675677131 9601,000000 -1,000000 -101,000000 0,000000 0,000000
170 1675677132 9601,000000 -1,000000 -101,000000 0,000000 0,000000
170 1675677133 9601,000000 -1,000000 -101,000000 0,000000 0,000000
170 1675677134 8270,400000 -1,000000 -101,000000 0,000000 0,000000
170 1675677135 8270,400000 -1,000000 -101,000000 0,000000 0,000000
170 1675677136 8270,400000 -1,000000 -101,000000 0,000000 0,000000
170 1675677137 8270,400000 -1,000000 -101,000000 0,000000 0,000000
170 1675677138 8270,400000 -1,000000 -101,000000 0,000000 0,000000
170 1675677139 10891,800000 -1,000000 -101,000000 0,000000 0,000000
170 1675677140 10891,800000 -1,000000 -101,000000 0,000000 0,000000
170 1675677141 10891,800000 -1,000000 -101,000000 0,000000 0,000000
170 1675677142 10891,800000 -1,000000 -101,000000 0,000000 0,000000
170 1675677143 10891,800000 -1,000000 -101,000000 0,000000 0,000000
170 1675677144 12551,000000 -1,000000 -101,000000 0,000000 0,000000
170 1675677145 12551,000000 -1,000000 -101,000000 0,000000 0,000000
170 1675677146 12551,000000 -1,000000 -101,000000 0,000000 0,000000
170 1675677147 12551,000000 -1,000000 -101,000000 0,000000 0,000000
170 1675677148 12551,000000 -1,000000 -101,000000 0,000000 0,000000
170 1675677149 4198,800000 -1,000000 -101,000000 0,000000 0,000000
170 1675677150 4198,800000 -1,000000 -101,000000 0,000000 0,000000
170 1675677151 4198,800000 -1,000000 -101,000000 0,000000 0,000000
170 1675677152 4198,800000 -1,000000 -101,000000 0,000000 0,000000
170 1675677153 4198,800000 -1,000000 -101,000000 0,000000 0,000000
170 1675677154 2085,800000 -1,000000 -101,000000 0,000000 0,000000
170 1675677155 2085,800000 -1,000000 -101,000000 0,000000 0,000000
170 1675677156 2085,800000 -1,000000 -101,000000 0,000000 0,000000
170 1675677157 2085,800000 -1,000000 -101,000000 0,000000 0,000000
170 1675677158 2085,800000 -1,000000 -101,000000 0,000000 0,000000
170 1675677159 1434,800000 -1,000000 -101,000000 0,000000 0,000000
170 1675677160 1434,800000 -1,000000 -101,000000 0,000000 0,000000
170 1675677161 1434,800000 -1,000000 -101,000000 0,000000 0,000000
170 1675677162 1434,800000 -1,000000 -101,000000 0,000000 0,000000
170 1675677163 1434,800000 -1,000000 -101,000000 0,000000 0,000000
170 1675677164 3534,600000 -1,000000 -101,000000 0,000000 0,000000
170 1675677165 3534,600000 -1,000000 -101,000000 0,000000 0,000000
170 1675677166 3534,600000 -1,000000 -101,000000 0,000000 0,000000
170 1675677167 3534,600000 -1,000000 -101,000000 0,000000 0,000000
170 1675677168 3534,600000 -1,000000 -101,000000 0,000000 0,000000
170 1675677169 6654,200000 -1,000000 -101,000000 0,000000 0,000000
170 1675677170 6654,200000 -1,000000 -101,000000 0,000000 0,000000
170 1675677171 6654,200000 -1,000000 -101,000000 0,000000 0,000000
170 1675677172 6654,200000 -1,000000 -101,000000 0,000000 0,000000
170 1675677173 6654,200000 -1,000000 -101,000000 0,000000 0,000000
170 1675677174 4860,800000 -1,000000 -101,000000 0,000000 0,000000
170 1675677175 4860,800000 -1,000000 -101,000000 0,000000 0,000000
170 1675677176 4860,800000 -1,000000 -101,000000 0,000000 0,000000
170 1675677177 4860,800000 -1,000000 -101,000000 0,000000 0,000000
170 1675677178 4860,800000 -1,000000 -101,000000 0,000000 0,000000
170 1675677179 5800,200000 -1,000000 -101,000000 0,000000 0,000000
170 1675677180 5800,200000 -1,000000 -101,000000 0,000000 0,000000
170 1675677181 5800,200000 -1,000000 -101,000000 0,000000 0,000000
170 1675677182 5800,200000 -1,000000 -101,000000 0,000000 0,000000
170 1675677183 5800,200000 -1,000000 -101,000000 0,000000 0,000000
170 1675677184 4646,400000 -1,000000 -101,000000 0,000000 0,000000
170 1675677185 4646,400000 -1,000000 -101,000000 0,000000 0,000000
170 1675677186 4646,400000 -1,000000 -101,000000 0,000000 0,000000
170 1675677187 4646,400000 -1,000000 -101,000000 0,000000 0,000000
170 1675677188 4646,400000 -1,000000 -101,000000 0,000000 0,000000
170 1675677189 4512,000000 -1,000000 -101,000000 0,000000 0,000000
170 1675677190 4512,000000 -1,000000 -101,000000 0,000000 0,000000
170 1675677191 4512,000000 -1,000000 -101,000000 0,000000 0,000000
170 1675677192 4512,000000 -1,000000 -101,000000 0,000000 0,000000
170 1675677193 4512,000000 -1,000000 -101,000000 0,000000 0,000000
170 1675677194 1606,600000 -1,000000 -101,000000 0,000000 0,000000
170 1675677195 1606,600000 -1,000000 -101,000000 0,000000 0,000000
170 1675677196 1606,600000 -1,000000 -101,000000 0,000000 0,000000
170 1675677197 1606,600000 -1,000000 -101,000000 0,000000 0,000000
170 1675677198 1606,600000 -1,000000 -101,000000 0,000000 0,000000
170 1675677199 5619,200000 -1,000000 -101,000000 0,000000 0,000000
170 1675677200 5619,200000 -1,000000 -101,000000 0,000000 0,000000
170 1675677201 5619,200000 -1,000000 -101,000000 0,000000 0,000000
170 1675677202 5619,200000 -1,000000 -101,000000 0,000000 0,000000
170 1675677203 5619,200000 -1,000000 -101,000000 0,000000 0,000000
170 1675677204 11830,000000 -1,000000 -101,000000 0,000000 0,000000
170 1675677205 11830,000000 -1,000000 -101,000000 0,000000 0,000000
170 1675677206 11830,000000 -1,000000 -101,000000 0,000000 0,000000
170 1675677207 11830,000000 -1,000000 -101,000000 0,000000 0,000000
170 1675677208 11830,000000 -1,000000 -101,000000 0,000000 0,000000
170 1675677209 6768,600000 -1,000000 -101,000000 0,000000 0,000000
170 1675677210 6768,600000 -1,000000 -101,000000 0,000000 0,000000
170 1675677211 6768,600000 -1,000000 -101,000000 0,000000 0,000000
170 1675677212 6768,600000 -1,000000 -101,000000 0,000000 0,000000
170 1675677213 6768,600000 -1,000000 -101,000000 0,000000 0,000000
170 1675677214 6396,400000 -1,000000 -101,000000 0,000000 0,000000
170 1675677215 6396,400000 -1,000000 -101,000000 0,000000 0,000000
170 1675677216 6396,400000 -1,000000 -101,000000 0,000000 0,000000
170 1675677217 6396,400000 -1,000000 -101,000000 0,000000 0,000000
170 1675677218 6396,400000 -1,000000 -101,000000 0,000000 0,000000
170 1675677219 3652,400000 -1,000000 -101,000000 0,000000 0,000000
170 1675677220 3652,400000 -1,000000 -101,000000 0,000000 0,000000
170 1675677221 3652,400000 -1,000000 -101,000000 0,000000 0,000000
170 1675677222 3652,400000 -1,000000 -101,000000 0,000000 0,000000
170 1675677223 3652,400000 -1,000000 -101,000000 0,000000 0,000000
170 1675677224 4317,200000 -1,000000 -101,000000 0,000000 0,000000
170 1675677225 4317,200000 -1,000000 -101,000000 0,000000 0,000000
170 1675677226 4317,200000 -1,000000 -101,000000 0,000000 0,000000
170 1675677227 4317,200000 -1,000000 -101,000000 0,000000 0,000000
170 1675677228 4317,200000 -1,000000 -101,000000 0,000000 0,000000
170 1675677229 10777,000000 -1,000000 -101,000000 0,000000 0,000000
170 1675677230 10777,000000 -1,000000 -101,000000 0,000000 0,000000
170 1675677231 10777,000000 -1,000000 -101,000000 0,000000 0,000000
170 1675677232 10777,000000 -1,000000 -101,000000 0,000000 0,000000
170 1675677233 10777,000000 -1,000000 -101,000000 0,000000 0,000000
170 1675677234 6587,000000 -1,000000 -101,000000 0,000000 0,000000
170 1675677235 6587,000000 -1,000000 -101,000000 0,000000 0,000000
170 1675677236 6587,000000 -1,000000 -101,000000 0,000000 0,000000
170 1675677237 6587,000000 -1,000000 -101,000000 0,000000 0,000000
170 1675677238 6587,000000 -1,000000 -101,000000 0,000000 0,000000
170 1675677239 4424,200000 -1,000000 -101,000000 0,000000 0,000000
170 1675677240 4424,200000 -1,000000 -101,000000 0,000000 0,000000
170 1675677241 4424,200000 -1,000000 -101,000000 0,000000 0,000000
170 1675677242 4424,200000 -1,000000 -101,000000 0,000000 0,000000
170 1675677243 4424,200000 -1,000000 -101,000000 0,000000 0,000000
170 1675677244 5365,400000 -1,000000 -101,000000 0,000000 0,000000
170 1675677245 5365,400000 -1,000000 -101,000000 0,000000 0,000000
170 1675677246 5365,400000 -1,000000 -101,000000 0,000000 0,000000
170 1675677247 5365,400000 -1,000000 -101,000000 0,000000 0,000000
170 1675677248 5365,400000 -1,000000 -101,000000 0,000000 0,000000
170 1675677249 5523,400000 -1,000000 -101,000000 0,000000 0,000000
170 1675677250 5523,400000 -1,000000 -101,000000 0,000000 0,000000
170 1675677251 5523,400000 -1,000000 -101,000000 0,000000 0,000000
170 1675677252 5523,400000 -1,000000 -101,000000 0,000000 0,000000
170 1675677253 5523,400000 -1,000000 -101,000000 0,000000 0,000000
170 1675677254 8678,200000 -1,000000 -101,000000 0,000000 0,000000
170 1675677255 8678,200000 -1,000000 -101,000000 0,000000 0,000000
170 1675677256 8678,200000 -1,000000 -101,000000 0,000000 0,000000
170 1675677257 8678,200000 -1,000000 -101,000000 0,000000 0,000000
170 1675677258 8678,200000 -1,000000 -101,000000 0,000000 0,000000
170 1675677259 5332,000000 -1,000000 -101,000000 0,000000 0,000000
170 1675677260 5332,000000 -1,000000 -101,000000 0,000000 0,000000
170 1675677261 5332,000000 -1,000000 -101,000000 0,000000 0,000000
170 1675677262 5332,000000 -1,000000 -101,000000 0,000000 0,000000
170 1675677263 5332,000000 -1,000000 -101,000000 0,000000 0,000000
170 1675677264 7641,400000 -1,000000 -101,000000 0,000000 0,000000
170 1675677265 7641,400000 -1,000000 -101,000000 0,000000 0,000000
170 1675677266 7641,400000 -1,000000 -101,000000 0,000000 0,000000
170 1675677267 7641,400000 -1,000000 -101,000000 0,000000 0,000000
170 1675677268 7641,400000 -1,000000 -101,000000 0,000000 0,000000
170 1675677269 7146,600000 -1,000000 -101,000000 0,000000 0,000000
170 1675677270 7146,600000 -1,000000 -101,000000 0,000000 0,000000
170 1675677271 7146,600000 -1,000000 -101,000000 0,000000 0,000000
170 1675677272 7146,600000 -1,000000 -101,000000 0,000000 0,000000
170 1675677273 7146,600000 -1,000000 -101,000000 0,000000 0,000000
170 1675677274 6218,000000 -1,000000 -101,000000 0,000000 0,000000
170 1675677275 6218,000000 -1,000000 -101,000000 0,000000 0,000000
170 1675677276 6218,000000 -1,000000 -101,000000 0,000000 0,000000
170 1675677277 6218,000000 -1,000000 -101,000000 0,000000 0,000000
170 1675677278 6218,000000 -1,000000 -101,000000 0,000000 0,000000
170 1675677279 5595,800000 -1,000000 -101,000000 0,000000 0,000000
170 1675677280 5595,800000 -1,000000 -101,000000 0,000000 0,000000
170 1675677281 5595,800000 -1,000000 -101,000000 0,000000 0,000000
170 1675677282 5595,800000 -1,000000 -101,000000 0,000000 0,000000
170 1675677283 5595,800000 -1,000000 -101,000000 0,000000 0,000000
170 1675677284 3340,400000 -1,000000 -101,000000 0,000000 0,000000
170 1675677285 3340,400000 -1,000000 -101,000000 0,000000 0,000000
170 1675677286 3340,400000 -1,000000 -101,000000 0,000000 0,000000
170 1675677287 3340,400000 -1,000000 -101,000000 0,000000 0,000000
170 1675677288 3340,400000 -1,000000 -101,000000 0,000000 0,000000
170 1675677289 7206,000000 -1,000000 -101,000000 0,000000 0,000000
170 1675677290 7206,000000 -1,000000 -101,000000 0,000000 0,000000
170 1675677291 7206,000000 -1,000000 -101,000000 0,000000 0,000000
170 1675677292 7206,000000 -1,000000 -101,000000 0,000000 0,000000
170 1675677293 7206,000000 -1,000000 -101,000000 0,000000 0,000000
170 1675677294 5729,600000 -1,000000 -101,000000 0,000000 0,000000
170 1675677295 5729,600000 -1,000000 -101,000000 0,000000 0,000000
170 1675677296 5729,600000 -1,000000 -101,000000 0,000000 0,000000
170 1675677297 5729,600000 -1,000000 -101,000000 0,000000 0,000000
170 1675677298 5729,600000 -1,000000 -101,000000 0,000000 0,000000
170 1675677299 1719,000000 -1,000000 -101,000000 0,000000 0,000000
170 1675677300 1719,000000 -1,000000 -101,000000 0,000000 0,000000
170 1675677301 1719,000000 -1,000000 -101,000000 0,000000 0,000000
170 1675677302 1719,000000 -1,000000 -101,000000 0,000000 0,000000
170 1675677303 1719,000000 -1,000000 -101,000000 0,000000 0,000000
170 1675677304 2206,800000 -1,000000 -101,000000 0,000000 0,000000
170 1675677305 2206,800000 -1,000000 -101,000000 0,000000 0,000000
170 1675677306 2206,800000 -1,000000 -101,000000 0,000000 0,000000
170 1675677307 2206,800000 -1,000000 -101,000000 0,000000 0,000000
170 1675677308 2206,800000 -1,000000 -101,000000 0,000000 0,000000
170 1675677309 2748,400000 -1,000000 -101,000000 0,000000 0,000000
170 1675677310 2748,400000 -1,000000 -101,000000 0,000000 0,000000
170 1675677311 2748,400000 -1,000000 -101,000000 0,000000 0,000000
170 1675677312 2748,400000 -1,000000 -101,000000 0,000000 0,000000
170 1675677313 2748,400000 -1,000000 -101,000000 0,000000 0,000000
170 1675677314 811,200000 -1,000000 -101,000000 0,000000 0,000000
170 1675677315 811,200000 -1,000000 -101,000000 0,000000 0,000000
170 1675677316 811,200000 -1,000000 -101,000000 0,000000 0,000000
170 1675677317 811,200000 -1,000000 -101,000000 0,000000 0,000000
170 1675677318 811,200000 -1,000000 -101,000000 0,000000 0,000000
170 1675677319 3887,800000 -1,000000 -101,000000 0,000000 0,000000
170 1675677320 3887,800000 -1,000000 -101,000000 0,000000 0,000000
170 1675677321 3887,800000 -1,000000 -101,000000 0,000000 0,000000
170 1675677322 3887,800000 -1,000000 -101,000000 0,000000 0,000000
170 1675677323 3887,800000 -1,000000 -101,000000 0,000000 0,000000
170 1675677324 7681,400000 -1,000000 -101,000000 0,000000 0,000000
170 1675677325 7681,400000 -1,000000 -101,000000 0,000000 0,000000
170 1675677326 7681,400000 -1,000000 -101,000000 0,000000 0,000000
170 1675677327 7681,400000 -1,000000 -101,000000 0,000000 0,000000
170 1675677328 7681,400000 -1,000000 -101,000000 0,000000 0,000000
170 1675677329 13992,400000 -1,000000 -101,000000 0,000000 0,000000
170 1675677330 13992,400000 -1,000000 -101,000000 0,000000 0,000000
170 1675677331 13992,400000 -1,000000 -101,000000 0,000000 0,000000
170 1675677332 13992,400000 -1,000000 -101,000000 0,000000 0,000000
170 1675677333 13992,400000 -1,000000 -101,000000 0,000000 0,000000
170 1675677334 8613,000000 -1,000000 -101,000000 0,000000 0,000000
170 1675677335 8613,000000 -1,000000 -101,000000 0,000000 0,000000
170 1675677336 8613,000000 -1,000000 -101,000000 0,000000 0,000000
170 1675677337 8613,000000 -1,000000 -101,000000 0,000000 0,000000
170 1675677338 8613,000000 -1,000000 -101,000000 0,000000 0,000000
170 1675677339 7290,200000 -1,000000 -101,000000 0,000000 0,000000
170 1675677340 7290,200000 -1,000000 -101,000000 0,000000 0,000000
170 1675677341 7290,200000 -1,000000 -101,000000 0,000000 0,000000
170 1675677342 7290,200000 -1,000000 -101,000000 0,000000 0,000000
170 1675677343 7290,200000 -1,000000 -101,000000 0,000000 0,000000
170 1675677344 3326,000000 -1,000000 -101,000000 0,000000 0,000000
170 1675677345 3326,000000 -1,000000 -101,000000 0,000000 0,000000
170 1675677346 3326,000000 -1,000000 -101,000000 0,000000 0,000000
170 1675677347 3326,000000 -1,000000 -101,000000 0,000000 0,000000
170 1675677348 3326,000000 -1,000000 -101,000000 0,000000 0,000000
170 1675677349 5819,400000 -1,000000 -101,000000 0,000000 0,000000
170 1675677350 5819,400000 -1,000000 -101,000000 0,000000 0,000000
170 1675677351 5819,400000 -1,000000 -101,000000 0,000000 0,000000
170 1675677352 5819,400000 -1,000000 -101,000000 0,000000 0,000000
170 1675677353 5819,400000 -1,000000 -101,000000 0,000000 0,000000
170 1675677354 16261,400000 -1,000000 -101,000000 0,000000 0,000000
170 1675677355 16261,400000 -1,000000 -101,000000 0,000000 0,000000
170 1675677356 16261,400000 -1,000000 -101,000000 0,000000 0,000000
170 1675677357 16261,400000 -1,000000 -101,000000 0,000000 0,000000
170 1675677358 16261,400000 -1,000000 -101,000000 0,000000 0,000000
170 1675677359 7970,200000 -1,000000 -101,000000 0,000000 0,000000
170 1675677360 7970,200000 -1,000000 -101,000000 0,000000 0,000000
170 1675677361 7970,200000 -1,000000 -101,000000 0,000000 0,000000
170 1675677362 7970,200000 -1,000000 -101,000000 0,000000 0,000000
170 1675677363 7970,200000 -1,000000 -101,000000 0,000000 0,000000
170 1675677364 7151,200000 -1,000000 -101,000000 0,000000 0,000000
170 1675677365 7151,200000 -1,000000 -101,000000 0,000000 0,000000
170 1675677366 7151,200000 -1,000000 -101,000000 0,000000 0,000000
170 1675677367 7151,200000 -1,000000 -101,000000 0,000000 0,000000
170 1675677368 7151,200000 -1,000000 -101,000000 0,000000 0,000000
170 1675677369 2114,400000 -1,000000 -101,000000 0,000000 0,000000
170 1675677370 2114,400000 -1,000000 -101,000000 0,000000 0,000000
170 1675677371 2114,400000 -1,000000 -101,000000 0,000000 0,000000
170 1675677372 2114,400000 -1,000000 -101,000000 0,000000 0,000000
170 1675677373 2114,400000 -1,000000 -101,000000 0,000000 0,000000
170 1675677374 802,400000 -1,000000 -101,000000 0,000000 0,000000
170 1675677375 802,400000 -1,000000 -101,000000 0,000000 0,000000
170 1675677376 802,400000 -1,000000 -101,000000 0,000000 0,000000
170 1675677377 802,400000 -1,000000 -101,000000 0,000000 0,000000
170 1675677378 802,400000 -1,000000 -101,000000 0,000000 0,000000
170 1675677379 634,800000 -1,000000 -101,000000 0,000000 0,000000
170 1675677380 634,800000 -1,000000 -101,000000 0,000000 0,000000
170 1675677381 634,800000 -1,000000 -101,000000 0,000000 0,000000
170 1675677382 634,800000 -1,000000 -101,000000 0,000000 0,000000
170 1675677383 634,800000 -1,000000 -101,000000 0,000000 0,000000
170 1675677384 2964,000000 -1,000000 -101,000000 0,000000 0,000000
170 1675677385 2964,000000 -1,000000 -101,000000 0,000000 0,000000
170 1675677386 2964,000000 -1,000000 -101,000000 0,000000 0,000000
170 1675677387 2964,000000 -1,000000 -101,000000 0,000000 0,000000
170 1675677388 2964,000000 -1,000000 -101,000000 0,000000 0,000000
170 1675677389 7872,000000 -1,000000 -101,000000 0,000000 0,000000
170 1675677390 7872,000000 -1,000000 -101,000000 0,000000 0,000000
170 1675677391 7872,000000 -1,000000 -101,000000 0,000000 0,000000
170 1675677392 7872,000000 -1,000000 -101,000000 0,000000 0,000000
170 1675677393 7872,000000 -1,000000 -101,000000 0,000000 0,000000
170 1675677394 5947,000000 -1,000000 -101,000000 0,000000 0,000000
170 1675677395 5947,000000 -1,000000 -101,000000 0,000000 0,000000
170 1675677396 5947,000000 -1,000000 -101,000000 0,000000 0,000000
170 1675677397 5947,000000 -1,000000 -101,000000 0,000000 0,000000
170 1675677398 5947,000000 -1,000000 -101,000000 0,000000 0,000000
170 1675677399 3199,200000 -1,000000 -101,000000 0,000000 0,000000
170 1675677400 3199,200000 -1,000000 -101,000000 0,000000 0,000000
170 1675677401 3199,200000 -1,000000 -101,000000 0,000000 0,000000
170 1675677402 3199,200000 -1,000000 -101,000000 0,000000 0,000000
170 1675677403 3199,200000 -1,000000 -101,000000 0,000000 0,000000
170 1675677404 3384,200000 -1,000000 -101,000000 0,000000 0,000000
170 1675677405 3384,200000 -1,000000 -101,000000 0,000000 0,000000
170 1675677406 3384,200000 -1,000000 -101,000000 0,000000 0,000000
170 1675677407 3384,200000 -1,000000 -101,000000 0,000000 0,000000
170 1675677408 3384,200000 -1,000000 -101,000000 0,000000 0,000000
170 1675677409 3317,800000 -1,000000 -101,000000 0,000000 0,000000
170 1675677410 3317,800000 -1,000000 -101,000000 0,000000 0,000000
170 1675677411 3317,800000 -1,000000 -101,000000 0,000000 0,000000
170 1675677412 3317,800000 -1,000000 -101,000000 0,000000 0,000000
170 1675677413 3317,800000 -1,000000 -101,000000 0,000000 0,000000
170 1675677414 8975,200000 -1,000000 -101,000000 0,000000 0,000000
170 1675677415 8975,200000 -1,000000 -101,000000 0,000000 0,000000
170 1675677416 8975,200000 -1,000000 -101,000000 0,000000 0,000000
170 1675677417 8975,200000 -1,000000 -101,000000 0,000000 0,000000
170 1675677418 8975,200000 -1,000000 -101,000000 0,000000 0,000000
170 1675677419 970,000000 -1,000000 -101,000000 0,000000 0,000000
170 1675677420 970,000000 -1,000000 -101,000000 0,000000 0,000000
170 1675677421 970,000000 -1,000000 -101,000000 0,000000 0,000000
170 1675677422 970,000000 -1,000000 -101,000000 0,000000 0,000000
170 1675677423 970,000000 -1,000000 -101,000000 0,000000 0,000000
170 1675677424 5456,400000 -1,000000 -101,000000 0,000000 0,000000
170 1675677425 5456,400000 -1,000000 -101,000000 0,000000 0,000000
170 1675677426 5456,400000 -1,000000 -101,000000 0,000000 0,000000
170 1675677427 5456,400000 -1,000000 -101,000000 0,000000 0,000000
170 1675677428 5456,400000 -1,000000 -101,000000 0,000000 0,000000
170 1675677429 6209,600000 -1,000000 -101,000000 0,000000 0,000000
170 1675677430 6209,600000 -1,000000 -101,000000 0,000000 0,000000
170 1675677431 6209,600000 -1,000000 -101,000000 0,000000 0,000000
170 1675677432 6209,600000 -1,000000 -101,000000 0,000000 0,000000
170 1675677433 6209,600000 -1,000000 -101,000000 0,000000 0,000000
170 1675677434 7146,000000 -1,000000 -101,000000 0,000000 0,000000
170 1675677435 7146,000000 -1,000000 -101,000000 0,000000 0,000000
170 1675677436 7146,000000 -1,000000 -101,000000 0,000000 0,000000
170 1675677437 7146,000000 -1,000000 -101,000000 0,000000 0,000000
170 1675677438 7146,000000 -1,000000 -101,000000 0,000000 0,000000
170 1675677439 5687,400000 -1,000000 -101,000000 0,000000 0,000000
170 1675677440 5687,400000 -1,000000 -101,000000 0,000000 0,000000
170 1675677441 5687,400000 -1,000000 -101,000000 0,000000 0,000000
170 1675677442 5687,400000 -1,000000 -101,000000 0,000000 0,000000
170 1675677443 5687,400000 -1,000000 -101,000000 0,000000 0,000000
170 1675677444 2804,000000 -1,000000 -101,000000 0,000000 0,000000
170 1675677445 2804,000000 -1,000000 -101,000000 0,000000 0,000000
170 1675677446 2804,000000 -1,000000 -101,000000 0,000000 0,000000
170 1675677447 2804,000000 -1,000000 -101,000000 0,000000 0,000000
170 1675677448 2804,000000 -1,000000 -101,000000 0,000000 0,000000
170 1675677449 4226,000000 -1,000000 -101,000000 0,000000 0,000000
170 1675677450 4226,000000 -1,000000 -101,000000 0,000000 0,000000
170 1675677451 4226,000000 -1,000000 -101,000000 0,000000 0,000000
170 1675677452 4226,000000 -1,000000 -101,000000 0,000000 0,000000
170 1675677453 4226,000000 -1,000000 -101,000000 0,000000 0,000000
170 1675677454 7003,800000 -1,000000 -101,000000 0,000000 0,000000
170 1675677455 7003,800000 -1,000000 -101,000000 0,000000 0,000000
170 1675677456 7003,800000 -1,000000 -101,000000 0,000000 0,000000
170 1675677457 7003,800000 -1,000000 -101,000000 0,000000 0,000000
170 1675677458 7003,800000 -1,000000 -101,000000 0,000000 0,000000
170 1675677459 4668,600000 -1,000000 -101,000000 0,000000 0,000000
170 1675677460 4668,600000 -1,000000 -101,000000 0,000000 0,000000
170 1675677461 4668,600000 -1,000000 -101,000000 0,000000 0,000000
170 1675677462 4668,600000 -1,000000 -101,000000 0,000000 0,000000
170 1675677463 4668,600000 -1,000000 -101,000000 0,000000 0,000000
170 1675677464 2530,800000 -1,000000 -101,000000 0,000000 0,000000
170 1675677465 2530,800000 -1,000000 -101,000000 0,000000 0,000000
170 1675677466 2530,800000 -1,000000 -101,000000 0,000000 0,000000
170 1675677467 2530,800000 -1,000000 -101,000000 0,000000 0,000000
170 1675677468 2530,800000 -1,000000 -101,000000 0,000000 0,000000
170 1675677469 4089,000000 -1,000000 -101,000000 0,000000 0,000000
170 1675677470 4089,000000 -1,000000 -101,000000 0,000000 0,000000
170 1675677471 4089,000000 -1,000000 -101,000000 0,000000 0,000000
170 1675677472 4089,000000 -1,000000 -101,000000 0,000000 0,000000
170 1675677473 4089,000000 -1,000000 -101,000000 0,000000 0,000000
170 1675677474 10218,400000 -1,000000 -101,000000 0,000000 0,000000
170 1675677475 10218,400000 -1,000000 -101,000000 0,000000 0,000000
170 1675677476 10218,400000 -1,000000 -101,000000 0,000000 0,000000
170 1675677477 10218,400000 -1,000000 -101,000000 0,000000 0,000000
170 1675677478 10218,400000 -1,000000 -101,000000 0,000000 0,000000
170 1675677479 5296,600000 -1,000000 -101,000000 0,000000 0,000000
170 1675677480 5296,600000 -1,000000 -101,000000 0,000000 0,000000
170 1675677481 5296,600000 -1,000000 -101,000000 0,000000 0,000000
170 1675677482 5296,600000 -1,000000 -101,000000 0,000000 0,000000
170 1675677483 5296,600000 -1,000000 -101,000000 0,000000 0,000000
170 1675677484 4070,200000 -1,000000 -101,000000 0,000000 0,000000
170 1675677485 4070,200000 -1,000000 -101,000000 0,000000 0,000000
170 1675677486 4070,200000 -1,000000 -101,000000 0,000000 0,000000
170 1675677487 4070,200000 -1,000000 -101,000000 0,000000 0,000000
170 1675677488 4070,200000 -1,000000 -101,000000 0,000000 0,000000
170 1675677489 4636,600000 -1,000000 -101,000000 0,000000 0,000000
170 1675677490 4636,600000 -1,000000 -101,000000 0,000000 0,000000
170 1675677491 4636,600000 -1,000000 -101,000000 0,000000 0,000000
170 1675677492 4636,600000 -1,000000 -101,000000 0,000000 0,000000
170 1675677493 4636,600000 -1,000000 -101,000000 0,000000 0,000000
170 1675677494 2450,800000 -1,000000 -101,000000 0,000000 0,000000
170 1675677495 2450,800000 -1,000000 -101,000000 0,000000 0,000000
170 1675677496 2450,800000 -1,000000 -101,000000 0,000000 0,000000
170 1675677497 2450,800000 -1,000000 -101,000000 0,000000 0,000000
170 1675677498 2450,800000 -1,000000 -101,000000 0,000000 0,000000
170 1675677499 3464,600000 -1,000000 -101,000000 0,000000 0,000000
170 1675677500 3464,600000 -1,000000 -101,000000 0,000000 0,000000
170 1675677501 3464,600000 -1,000000 -101,000000 0,000000 0,000000
170 1675677502 3464,600000 -1,000000 -101,000000 0,000000 0,000000
170 1675677503 3464,600000 -1,000000 -101,000000 0,000000 0,000000
170 1675677504 3701,800000 -1,000000 -101,000000 0,000000 0,000000
170 1675677505 3701,800000 -1,000000 -101,000000 0,000000 0,000000
170 1675677506 3701,800000 -1,000000 -101,000000 0,000000 0,000000
170 1675677507 3701,800000 -1,000000 -101,000000 0,000000 0,000000
170 1675677508 3701,800000 -1,000000 -101,000000 0,000000 0,000000
170 1675677509 3137,400000 -1,000000 -101,000000 0,000000 0,000000
170 1675677510 3137,400000 -1,000000 -101,000000 0,000000 0,000000
170 1675677511 3137,400000 -1,000000 -101,000000 0,000000 0,000000
170 1675677512 3137,400000 -1,000000 -101,000000 0,000000 0,000000
170 1675677513 3137,400000 -1,000000 -101,000000 0,000000 0,000000
170 1675677514 4710,800000 -1,000000 -101,000000 0,000000 0,000000
170 1675677515 4710,800000 -1,000000 -101,000000 0,000000 0,000000
170 1675677516 4710,800000 -1,000000 -101,000000 0,000000 0,000000
170 1675677517 4710,800000 -1,000000 -101,000000 0,000000 0,000000
170 1675677518 4710,800000 -1,000000 -101,000000 0,000000 0,000000
170 1675677519 5313,200000 -1,000000 -101,000000 0,000000 0,000000
170 1675677520 5313,200000 -1,000000 -101,000000 0,000000 0,000000
170 1675677521 5313,200000 -1,000000 -101,000000 0,000000 0,000000
170 1675677522 5313,200000 -1,000000 -101,000000 0,000000 0,000000
170 1675677523 5313,200000 -1,000000 -101,000000 0,000000 0,000000
170 1675677524 4282,600000 -1,000000 -101,000000 0,000000 0,000000
170 1675677525 4282,600000 -1,000000 -101,000000 0,000000 0,000000
170 1675677526 4282,600000 -1,000000 -101,000000 0,000000 0,000000
170 1675677527 4282,600000 -1,000000 -101,000000 0,000000 0,000000
170 1675677528 4282,600000 -1,000000 -101,000000 0,000000 0,000000
170 1675677529 4959,000000 -1,000000 -101,000000 0,000000 0,000000
170 1675677530 4959,000000 -1,000000 -101,000000 0,000000 0,000000
170 1675677531 4959,000000 -1,000000 -101,000000 0,000000 0,000000
170 1675677532 4959,000000 -1,000000 -101,000000 0,000000 0,000000
170 1675677533 4959,000000 -1,000000 -101,000000 0,000000 0,000000
170 1675677534 5523,000000 -1,000000 -101,000000 0,000000 0,000000
170 1675677535 5523,000000 -1,000000 -101,000000 0,000000 0,000000
170 1675677536 5523,000000 -1,000000 -101,000000 0,000000 0,000000
170 1675677537 5523,000000 -1,000000 -101,000000 0,000000 0,000000
170 1675677538 5523,000000 -1,000000 -101,000000 0,000000 0,000000
170 1675677539 11402,000000 -1,000000 -101,000000 0,000000 0,000000
170 1675677540 11402,000000 -1,000000 -101,000000 0,000000 0,000000
170 1675677541 11402,000000 -1,000000 -101,000000 0,000000 0,000000
170 1675677542 11402,000000 -1,000000 -101,000000 0,000000 0,000000
170 1675677543 11402,000000 -1,000000 -101,000000 0,000000 0,000000
170 1675677544 4067,200000 -1,000000 -101,000000 0,000000 0,000000
170 1675677545 4067,200000 -1,000000 -101,000000 0,000000 0,000000
170 1675677546 4067,200000 -1,000000 -101,000000 0,000000 0,000000
170 1675677547 4067,200000 -1,000000 -101,000000 0,000000 0,000000
170 1675677548 4067,200000 -1,000000 -101,000000 0,000000 0,000000
170 1675677549 3142,800000 -1,000000 -101,000000 0,000000 0,000000
170 1675677550 3142,800000 -1,000000 -101,000000 0,000000 0,000000
170 1675677551 3142,800000 -1,000000 -101,000000 0,000000 0,000000
170 1675677552 3142,800000 -1,000000 -101,000000 0,000000 0,000000
170 1675677553 3142,800000 -1,000000 -101,000000 0,000000 0,000000
170 1675677554 6790,000000 -1,000000 -101,000000 0,000000 0,000000
170 1675677555 6790,000000 -1,000000 -101,000000 0,000000 0,000000
170 1675677556 6790,000000 -1,000000 -101,000000 0,000000 0,000000
170 1675677557 6790,000000 -1,000000 -101,000000 0,000000 0,000000
170 1675677558 6790,000000 -1,000000 -101,000000 0,000000 0,000000
170 1675677559 6102,600000 -1,000000 -101,000000 0,000000 0,000000
170 1675677560 6102,600000 -1,000000 -101,000000 0,000000 0,000000
170 1675677561 6102,600000 -1,000000 -101,000000 0,000000 0,000000
170 1675677562 6102,600000 -1,000000 -101,000000 0,000000 0,000000
170 1675677563 6102,600000 -1,000000 -101,000000 0,000000 0,000000
170 1675677564 4637,400000 -1,000000 -101,000000 0,000000 0,000000
170 1675677565 4637,400000 -1,000000 -101,000000 0,000000 0,000000
170 1675677566 4637,400000 -1,000000 -101,000000 0,000000 0,000000
170 1675677567 4637,400000 -1,000000 -101,000000 0,000000 0,000000
170 1675677568 4637,400000 -1,000000 -101,000000 0,000000 0,000000
170 1675677569 5703,400000 -1,000000 -101,000000 0,000000 0,000000
170 1675677570 5703,400000 -1,000000 -101,000000 0,000000 0,000000
170 1675677571 5703,400000 -1,000000 -101,000000 0,000000 0,000000
170 1675677572 5703,400000 -1,000000 -101,000000 0,000000 0,000000
170 1675677573 5703,400000 -1,000000 -101,000000 0,000000 0,000000
170 1675677574 9265,400000 -1,000000 -101,000000 0,000000 0,000000
170 1675677575 9265,400000 -1,000000 -101,000000 0,000000 0,000000
170 1675677576 9265,400000 -1,000000 -101,000000 0,000000 0,000000
170 1675677577 9265,400000 -1,000000 -101,000000 0,000000 0,000000
170 1675677578 9265,400000 -1,000000 -101,000000 0,000000 0,000000
170 1675677579 9503,200000 -1,000000 -101,000000 0,000000 0,000000
170 1675677580 9503,200000 -1,000000 -101,000000 0,000000 0,000000
170 1675677581 9503,200000 -1,000000 -101,000000 0,000000 0,000000
170 1675677582 9503,200000 -1,000000 -101,000000 0,000000 0,000000
170 1675677583 9503,200000 -1,000000 -101,000000 0,000000 0,000000
170 1675677584 9594,600000 -1,000000 -101,000000 0,000000 0,000000
170 1675677585 9594,600000 -1,000000 -101,000000 0,000000 0,000000
170 1675677586 9594,600000 -1,000000 -101,000000 0,000000 0,000000
170 1675677587 9594,600000 -1,000000 -101,000000 0,000000 0,000000
170 1675677588 9594,600000 -1,000000 -101,000000 0,000000 0,000000
170 1675677589 3645,000000 -1,000000 -101,000000 0,000000 0,000000
170 1675677590 3645,000000 -1,000000 -101,000000 0,000000 0,000000
170 1675677591 3645,000000 -1,000000 -101,000000 0,000000 0,000000
170 1675677592 3645,000000 -1,000000 -101,000000 0,000000 0,000000
170 1675677593 3645,000000 -1,000000 -101,000000 0,000000 0,000000
170 1675677594 3320,600000 -1,000000 -101,000000 0,000000 0,000000
170 1675677595 3320,600000 -1,000000 -101,000000 0,000000 0,000000
170 1675677596 3320,600000 -1,000000 -101,000000 0,000000 0,000000
170 1675677597 3320,600000 -1,000000 -101,000000 0,000000 0,000000
170 1675677598 3320,600000 -1,000000 -101,000000 0,000000 0,000000
170 1675677599 9400,800000 -1,000000 -101,000000 0,000000 0,000000
170 1675677600 9400,800000 -1,000000 -101,000000 0,000000 0,000000
170 1675677601 9400,800000 -1,000000 -101,000000 0,000000 0,000000
170 1675677602 9400,800000 -1,000000 -101,000000 0,000000 0,000000
170 1675677603 9400,800000 -1,000000 -101,000000 0,000000 0,000000
170 1675677604 7218,000000 -1,000000 -101,000000 0,000000 0,000000
170 1675677605 7218,000000 -1,000000 -101,000000 0,000000 0,000000
170 1675677606 7218,000000 -1,000000 -101,000000 0,000000 0,000000
170 1675677607 7218,000000 -1,000000 -101,000000 0,000000 0,000000
170 1675677608 7218,000000 -1,000000 -101,000000 0,000000 0,000000
170 1675677609 634,600000 -1,000000 -101,000000 0,000000 0,000000
170 1675677610 634,600000 -1,000000 -101,000000 0,000000 0,000000
170 1675677611 634,600000 -1,000000 -101,000000 0,000000 0,000000
170 1675677612 634,600000 -1,000000 -101,000000 0,000000 0,000000
170 1675677613 634,600000 -1,000000 -101,000000 0,000000 0,000000
170 1675677614 813,000000 -1,000000 -101,000000 0,000000 0,000000
170 1675677615 813,000000 -1,000000 -101,000000 0,000000 0,000000
170 1675677616 813,000000 -1,000000 -101,000000 0,000000 0,000000
170 1675677617 813,000000 -1,000000 -101,000000 0,000000 0,000000
170 1675677618 813,000000 -1,000000 -101,000000 0,000000 0,000000
170 1675677619 1721,400000 -1,000000 -101,000000 0,000000 0,000000
170 1675677620 1721,400000 -1,000000 -101,000000 0,000000 0,000000
170 1675677621 1721,400000 -1,000000 -101,000000 0,000000 0,000000
170 1675677622 1721,400000 -1,000000 -101,000000 0,000000 0,000000
170 1675677623 1721,400000 -1,000000 -101,000000 0,000000 0,000000
170 1675677624 3289,800000 -1,000000 -101,000000 0,000000 0,000000
170 1675677625 3289,800000 -1,000000 -101,000000 0,000000 0,000000
170 1675677626 3289,800000 -1,000000 -101,000000 0,000000 0,000000
170 1675677627 3289,800000 -1,000000 -101,000000 0,000000 0,000000
170 1675677628 3289,800000 -1,000000 -101,000000 0,000000 0,000000
170 1675677629 5854,600000 -1,000000 -101,000000 0,000000 0,000000
170 1675677630 5854,600000 -1,000000 -101,000000 0,000000 0,000000
170 1675677631 5854,600000 -1,000000 -101,000000 0,000000 0,000000
170 1675677632 5854,600000 -1,000000 -101,000000 0,000000 0,000000
170 1675677633 5854,600000 -1,000000 -101,000000 0,000000 0,000000
170 1675677634 11266,000000 -1,000000 -101,000000 0,000000 0,000000
170 1675677635 11266,000000 -1,000000 -101,000000 0,000000 0,000000
170 1675677636 11266,000000 -1,000000 -101,000000 0,000000 0,000000
170 1675677637 11266,000000 -1,000000 -101,000000 0,000000 0,000000
170 1675677638 11266,000000 -1,000000 -101,000000 0,000000 0,000000
170 1675677639 13292,000000 -1,000000 -101,000000 0,000000 0,000000
170 1675677640 13292,000000 -1,000000 -101,000000 0,000000 0,000000
170 1675677641 13292,000000 -1,000000 -101,000000 0,000000 0,000000
170 1675677642 13292,000000 -1,000000 -101,000000 0,000000 0,000000
170 1675677643 13292,000000 -1,000000 -101,000000 0,000000 0,000000
170 1675677644 6462,600000 -1,000000 -101,000000 0,000000 0,000000
170 1675677645 6462,600000 -1,000000 -101,000000 0,000000 0,000000
170 1675677646 6462,600000 -1,000000 -101,000000 0,000000 0,000000
170 1675677647 6462,600000 -1,000000 -101,000000 0,000000 0,000000
170 1675677648 6462,600000 -1,000000 -101,000000 0,000000 0,000000
170 1675677649 7295,600000 -1,000000 -101,000000 0,000000 0,000000
170 1675677650 7295,600000 -1,000000 -101,000000 0,000000 0,000000
170 1675677651 7295,600000 -1,000000 -101,000000 0,000000 0,000000
170 1675677652 7295,600000 -1,000000 -101,000000 0,000000 0,000000
170 1675677653 7295,600000 -1,000000 -101,000000 0,000000 0,000000
170 1675677654 8864,000000 -1,000000 -101,000000 0,000000 0,000000
170 1675677655 8864,000000 -1,000000 -101,000000 0,000000 0,000000
170 1675677656 8864,000000 -1,000000 -101,000000 0,000000 0,000000
170 1675677657 8864,000000 -1,000000 -101,000000 0,000000 0,000000
170 1675677658 8864,000000 -1,000000 -101,000000 0,000000 0,000000
170 1675677659 9049,200000 -1,000000 -101,000000 0,000000 0,000000
170 1675677660 9049,200000 -1,000000 -101,000000 0,000000 0,000000
170 1675677661 9049,200000 -1,000000 -101,000000 0,000000 0,000000
170 1675677662 9049,200000 -1,000000 -101,000000 0,000000 0,000000
170 1675677663 9049,200000 -1,000000 -101,000000 0,000000 0,000000
170 1675677664 8801,200000 -1,000000 -101,000000 0,000000 0,000000
170 1675677665 8801,200000 -1,000000 -101,000000 0,000000 0,000000
170 1675677666 8801,200000 -1,000000 -101,000000 0,000000 0,000000
170 1675677667 8801,200000 -1,000000 -101,000000 0,000000 0,000000
170 1675677668 8801,200000 -1,000000 -101,000000 0,000000 0,000000
170 1675677669 1903,000000 -1,000000 -101,000000 0,000000 0,000000
170 1675677670 1903,000000 -1,000000 -101,000000 0,000000 0,000000
170 1675677671 1903,000000 -1,000000 -101,000000 0,000000 0,000000
170 1675677672 1903,000000 -1,000000 -101,000000 0,000000 0,000000
170 1675677673 1903,000000 -1,000000 -101,000000 0,000000 0,000000
170 1675677674 1083,600000 -1,000000 -101,000000 0,000000 0,000000
170 1675677675 1083,600000 -1,000000 -101,000000 0,000000 0,000000
170 1675677676 1083,600000 -1,000000 -101,000000 0,000000 0,000000
170 1675677677 1083,600000 -1,000000 -101,000000 0,000000 0,000000
170 1675677678 1083,600000 -1,000000 -101,000000 0,000000 0,000000
170 1675677679 1571,400000 -1,000000 -101,000000 0,000000 0,000000
170 1675677680 1571,400000 -1,000000 -101,000000 0,000000 0,000000
170 1675677681 1571,400000 -1,000000 -101,000000 0,000000 0,000000
170 1675677682 1571,400000 -1,000000 -101,000000 0,000000 0,000000
170 1675677683 1571,400000 -1,000000 -101,000000 0,000000 0,000000
170 1675677684 3198,800000 -1,000000 -101,000000 0,000000 0,000000
170 1675677685 3198,800000 -1,000000 -101,000000 0,000000 0,000000
170 1675677686 3198,800000 -1,000000 -101,000000 0,000000 0,000000
170 1675677687 3198,800000 -1,000000 -101,000000 0,000000 0,000000
170 1675677688 3198,800000 -1,000000 -101,000000 0,000000 0,000000
170 1675677689 2385,800000 -1,000000 -101,000000 0,000000 0,000000
170 1675677690 2385,800000 -1,000000 -101,000000 0,000000 0,000000
170 1675677691 2385,800000 -1,000000 -101,000000 0,000000 0,000000
170 1675677692 2385,800000 -1,000000 -101,000000 0,000000 0,000000
170 1675677693 2385,800000 -1,000000 -101,000000 0,000000 0,000000
170 1675677694 9625,600000 -1,000000 -101,000000 0,000000 0,000000
170 1675677695 9625,600000 -1,000000 -101,000000 0,000000 0,000000
170 1675677696 9625,600000 -1,000000 -101,000000 0,000000 0,000000
170 1675677697 9625,600000 -1,000000 -101,000000 0,000000 0,000000
170 1675677698 9625,600000 -1,000000 -101,000000 0,000000 0,000000
170 1675677699 6917,400000 -1,000000 -101,000000 0,000000 0,000000
170 1675677700 6917,400000 -1,000000 -101,000000 0,000000 0,000000
170 1675677701 6917,400000 -1,000000 -101,000000 0,000000 0,000000
170 1675677702 6917,400000 -1,000000 -101,000000 0,000000 0,000000
170 1675677703 6917,400000 -1,000000 -101,000000 0,000000 0,000000
170 1675677704 8457,600000 -1,000000 -101,000000 0,000000 0,000000
170 1675677705 8457,600000 -1,000000 -101,000000 0,000000 0,000000
170 1675677706 8457,600000 -1,000000 -101,000000 0,000000 0,000000
170 1675677707 8457,600000 -1,000000 -101,000000 0,000000 0,000000
170 1675677708 8457,600000 -1,000000 -101,000000 0,000000 0,000000
170 1675677709 5240,600000 -1,000000 -101,000000 0,000000 0,000000
170 1675677710 5240,600000 -1,000000 -101,000000 0,000000 0,000000
170 1675677711 5240,600000 -1,000000 -101,000000 0,000000 0,000000
170 1675677712 5240,600000 -1,000000 -101,000000 0,000000 0,000000
170 1675677713 5240,600000 -1,000000 -101,000000 0,000000 0,000000
170 1675677714 6545,000000 -1,000000 -101,000000 0,000000 0,000000
170 1675677715 6545,000000 -1,000000 -101,000000 0,000000 0,000000
170 1675677716 6545,000000 -1,000000 -101,000000 0,000000 0,000000
170 1675677717 6545,000000 -1,000000 -101,000000 0,000000 0,000000
170 1675677718 6545,000000 -1,000000 -101,000000 0,000000 0,000000
170 1675677719 4843,800000 -1,000000 -101,000000 0,000000 0,000000
170 1675677720 4843,800000 -1,000000 -101,000000 0,000000 0,000000
170 1675677721 4843,800000 -1,000000 -101,000000 0,000000 0,000000
170 1675677722 4843,800000 -1,000000 -101,000000 0,000000 0,000000
170 1675677723 4843,800000 -1,000000 -101,000000 0,000000 0,000000
170 1675677724 15388,800000 -1,000000 -101,000000 0,000000 0,000000
170 1675677725 15388,800000 -1,000000 -101,000000 0,000000 0,000000
170 1675677726 15388,800000 -1,000000 -101,000000 0,000000 0,000000
170 1675677727 15388,800000 -1,000000 -101,000000 0,000000 0,000000
170 1675677728 15388,800000 -1,000000 -101,000000 0,000000 0,000000
170 1675677729 6541,200000 -1,000000 -101,000000 0,000000 0,000000
170 1675677730 6541,200000 -1,000000 -101,000000 0,000000 0,000000
170 1675677731 6541,200000 -1,000000 -101,000000 0,000000 0,000000
170 1675677732 6541,200000 -1,000000 -101,000000 0,000000 0,000000
170 1675677733 6541,200000 -1,000000 -101,000000 0,000000 0,000000
170 1675677734 6728,600000 -1,000000 -101,000000 0,000000 0,000000
170 1675677735 6728,600000 -1,000000 -101,000000 0,000000 0,000000
170 1675677736 6728,600000 -1,000000 -101,000000 0,000000 0,000000
170 1675677737 6728,600000 -1,000000 -101,000000 0,000000 0,000000
170 1675677738 6728,600000 -1,000000 -101,000000 0,000000 0,000000
170 1675677739 5312,400000 -1,000000 -101,000000 0,000000 0,000000
170 1675677740 5312,400000 -1,000000 -101,000000 0,000000 0,000000
170 1675677741 5312,400000 -1,000000 -101,000000 0,000000 0,000000
170 1675677742 5312,400000 -1,000000 -101,000000 0,000000 0,000000
170 1675677743 5312,400000 -1,000000 -101,000000 0,000000 0,000000
170 1675677744 1084,000000 -1,000000 -101,000000 0,000000 0,000000
170 1675677745 1084,000000 -1,000000 -101,000000 0,000000 0,000000
170 1675677746 1084,000000 -1,000000 -101,000000 0,000000 0,000000
170 1675677747 1084,000000 -1,000000 -101,000000 0,000000 0,000000
170 1675677748 1084,000000 -1,000000 -101,000000 0,000000 0,000000
170 1675677749 2657,000000 -1,000000 -101,000000 0,000000 0,000000
170 1675677750 2657,000000 -1,000000 -101,000000 0,000000 0,000000
170 1675677751 2657,000000 -1,000000 -101,000000 0,000000 0,000000
170 1675677752 2657,000000 -1,000000 -101,000000 0,000000 0,000000
170 1675677753 2657,000000 -1,000000 -101,000000 0,000000 0,000000
170 1675677754 7947,400000 -1,000000 -101,000000 0,000000 0,000000
170 1675677755 7947,400000 -1,000000 -101,000000 0,000000 0,000000
170 1675677756 7947,400000 -1,000000 -101,000000 0,000000 0,000000
170 1675677757 7947,400000 -1,000000 -101,000000 0,000000 0,000000
170 1675677758 7947,400000 -1,000000 -101,000000 0,000000 0,000000
170 1675677759 8975,000000 -1,000000 -101,000000 0,000000 0,000000
170 1675677760 8975,000000 -1,000000 -101,000000 0,000000 0,000000
170 1675677761 8975,000000 -1,000000 -101,000000 0,000000 0,000000
170 1675677762 8975,000000 -1,000000 -101,000000 0,000000 0,000000
170 1675677763 8975,000000 -1,000000 -101,000000 0,000000 0,000000
170 1675677764 6614,800000 -1,000000 -101,000000 0,000000 0,000000
170 1675677765 6614,800000 -1,000000 -101,000000 0,000000 0,000000
170 1675677766 6614,800000 -1,000000 -101,000000 0,000000 0,000000
170 1675677767 6614,800000 -1,000000 -101,000000 0,000000 0,000000
170 1675677768 6614,800000 -1,000000 -101,000000 0,000000 0,000000
170 1675677769 5455,600000 -1,000000 -101,000000 0,000000 0,000000
170 1675677770 5455,600000 -1,000000 -101,000000 0,000000 0,000000
170 1675677771 5455,600000 -1,000000 -101,000000 0,000000 0,000000
170 1675677772 5455,600000 -1,000000 -101,000000 0,000000 0,000000
170 1675677773 5455,600000 -1,000000 -101,000000 0,000000 0,000000
170 1675677774 4290,600000 -1,000000 -101,000000 0,000000 0,000000
170 1675677775 4290,600000 -1,000000 -101,000000 0,000000 0,000000
170 1675677776 4290,600000 -1,000000 -101,000000 0,000000 0,000000
170 1675677777 4290,600000 -1,000000 -101,000000 0,000000 0,000000
170 1675677778 4290,600000 -1,000000 -101,000000 0,000000 0,000000
170 1675677779 4345,400000 -1,000000 -101,000000 0,000000 0,000000
170 1675677780 4345,400000 -1,000000 -101,000000 0,000000 0,000000
170 1675677781 4345,400000 -1,000000 -101,000000 0,000000 0,000000
170 1675677782 4345,400000 -1,000000 -101,000000 0,000000 0,000000
170 1675677783 4345,400000 -1,000000 -101,000000 0,000000 0,000000
170 1675677784 12172,400000 -1,000000 -101,000000 0,000000 0,000000
170 1675677785 12172,400000 -1,000000 -101,000000 0,000000 0,000000
170 1675677786 12172,400000 -1,000000 -101,000000 0,000000 0,000000
170 1675677787 12172,400000 -1,000000 -101,000000 0,000000 0,000000
170 1675677788 12172,400000 -1,000000 -101,000000 0,000000 0,000000
170 1675677789 9743,600000 -1,000000 -101,000000 0,000000 0,000000
170 1675677790 9743,600000 -1,000000 -101,000000 0,000000 0,000000
170 1675677791 9743,600000 -1,000000 -101,000000 0,000000 0,000000
170 1675677792 9743,600000 -1,000000 -101,000000 0,000000 0,000000
170 1675677793 9743,600000 -1,000000 -101,000000 0,000000 0,000000
170 1675677794 4169,000000 -1,000000 -101,000000 0,000000 0,000000
170 1675677795 4169,000000 -1,000000 -101,000000 0,000000 0,000000
170 1675677796 4169,000000 -1,000000 -101,000000 0,000000 0,000000
170 1675677797 4169,000000 -1,000000 -101,000000 0,000000 0,000000
170 1675677798 4169,000000 -1,000000 -101,000000 0,000000 0,000000
170 1675677799 4224,600000 -1,000000 -101,000000 0,000000 0,000000
170 1675677800 4224,600000 -1,000000 -101,000000 0,000000 0,000000
170 1675677801 4224,600000 -1,000000 -101,000000 0,000000 0,000000
170 1675677802 4224,600000 -1,000000 -101,000000 0,000000 0,000000
170 1675677803 4224,600000 -1,000000 -101,000000 0,000000 0,000000
170 1675677804 7208,000000 -1,000000 -101,000000 0,000000 0,000000
170 1675677805 7208,000000 -1,000000 -101,000000 0,000000 0,000000
170 1675677806 7208,000000 -1,000000 -101,000000 0,000000 0,000000
170 1675677807 7208,000000 -1,000000 -101,000000 0,000000 0,000000
170 1675677808 7208,000000 -1,000000 -101,000000 0,000000 0,000000
170 1675677809 971,000000 -1,000000 -101,000000 0,000000 0,000000
170 1675677810 971,000000 -1,000000 -101,000000 0,000000 0,000000
170 1675677811 971,000000 -1,000000 -101,000000 0,000000 0,000000
170 1675677812 971,000000 -1,000000 -101,000000 0,000000 0,000000
170 1675677813 971,000000 -1,000000 -101,000000 0,000000 0,000000
170 1675677814 3286,600000 -1,000000 -101,000000 0,000000 0,000000
170 1675677815 3286,600000 -1,000000 -101,000000 0,000000 0,000000
170 1675677816 3286,600000 -1,000000 -101,000000 0,000000 0,000000
170 1675677817 3286,600000 -1,000000 -101,000000 0,000000 0,000000
170 1675677818 3286,600000 -1,000000 -101,000000 0,000000 0,000000
170 1675677819 3739,000000 -1,000000 -101,000000 0,000000 0,000000
170 1675677820 3739,000000 -1,000000 -101,000000 0,000000 0,000000
170 1675677821 3739,000000 -1,000000 -101,000000 0,000000 0,000000
170 1675677822 3739,000000 -1,000000 -101,000000 0,000000 0,000000
170 1675677823 3739,000000 -1,000000 -101,000000 0,000000 0,000000
170 1675677824 5308,800000 -1,000000 -101,000000 0,000000 0,000000
170 1675677825 5308,800000 -1,000000 -101,000000 0,000000 0,000000
170 1675677826 5308,800000 -1,000000 -101,000000 0,000000 0,000000
170 1675677827 5308,800000 -1,000000 -101,000000 0,000000 0,000000
170 1675677828 5308,800000 -1,000000 -101,000000 0,000000 0,000000
170 1675677829 9486,800000 -1,000000 -101,000000 0,000000 0,000000
170 1675677830 9486,800000 -1,000000 -101,000000 0,000000 0,000000
170 1675677831 9486,800000 -1,000000 -101,000000 0,000000 0,000000
170 1675677832 9486,800000 -1,000000 -101,000000 0,000000 0,000000
170 1675677833 9486,800000 -1,000000 -101,000000 0,000000 0,000000
170 1675677834 7888,400000 -1,000000 -101,000000 0,000000 0,000000
170 1675677835 7888,400000 -1,000000 -101,000000 0,000000 0,000000
170 1675677836 7888,400000 -1,000000 -101,000000 0,000000 0,000000
170 1675677837 7888,400000 -1,000000 -101,000000 0,000000 0,000000
170 1675677838 7888,400000 -1,000000 -101,000000 0,000000 0,000000
170 1675677839 4685,200000 -1,000000 -101,000000 0,000000 0,000000
170 1675677840 4685,200000 -1,000000 -101,000000 0,000000 0,000000
170 1675677841 4685,200000 -1,000000 -101,000000 0,000000 0,000000
170 1675677842 4685,200000 -1,000000 -101,000000 0,000000 0,000000
170 1675677843 4685,200000 -1,000000 -101,000000 0,000000 0,000000
170 1675677844 5200,800000 -1,000000 -101,000000 0,000000 0,000000
170 1675677845 5200,800000 -1,000000 -101,000000 0,000000 0,000000
170 1675677846 5200,800000 -1,000000 -101,000000 0,000000 0,000000
170 1675677847 5200,800000 -1,000000 -101,000000 0,000000 0,000000
170 1675677848 5200,800000 -1,000000 -101,000000 0,000000 0,000000
170 1675677849 17742,200000 -1,000000 -101,000000 0,000000 0,000000
170 1675677850 17742,200000 -1,000000 -101,000000 0,000000 0,000000
170 1675677851 17742,200000 -1,000000 -101,000000 0,000000 0,000000
170 1675677852 17742,200000 -1,000000 -101,000000 0,000000 0,000000
170 1675677853 17742,200000 -1,000000 -101,000000 0,000000 0,000000
170 1675677854 9128,000000 -1,000000 -101,000000 0,000000 0,000000
170 1675677855 9128,000000 -1,000000 -101,000000 0,000000 0,000000
170 1675677856 9128,000000 -1,000000 -101,000000 0,000000 0,000000
170 1675677857 9128,000000 -1,000000 -101,000000 0,000000 0,000000
170 1675677858 9128,000000 -1,000000 -101,000000 0,000000 0,000000
170 1675677859 5462,800000 -1,000000 -101,000000 0,000000 0,000000
170 1675677860 5462,800000 -1,000000 -101,000000 0,000000 0,000000
170 1675677861 5462,800000 -1,000000 -101,000000 0,000000 0,000000
170 1675677862 5462,800000 -1,000000 -101,000000 0,000000 0,000000
170 1675677863 5462,800000 -1,000000 -101,000000 0,000000 0,000000
170 1675677864 4150,400000 -1,000000 -101,000000 0,000000 0,000000
170 1675677865 4150,400000 -1,000000 -101,000000 0,000000 0,000000
170 1675677866 4150,400000 -1,000000 -101,000000 0,000000 0,000000
170 1675677867 4150,400000 -1,000000 -101,000000 0,000000 0,000000
170 1675677868 4150,400000 -1,000000 -101,000000 0,000000 0,000000
170 1675677869 1907,800000 -1,000000 -101,000000 0,000000 0,000000
170 1675677870 1907,800000 -1,000000 -101,000000 0,000000 0,000000
170 1675677871 1907,800000 -1,000000 -101,000000 0,000000 0,000000
170 1675677872 1907,800000 -1,000000 -101,000000 0,000000 0,000000
170 1675677873 1907,800000 -1,000000 -101,000000 0,000000 0,000000
170 1675677874 4767,800000 -1,000000 -101,000000 0,000000 0,000000
170 1675677875 4767,800000 -1,000000 -101,000000 0,000000 0,000000
170 1675677876 4767,800000 -1,000000 -101,000000 0,000000 0,000000
170 1675677877 4767,800000 -1,000000 -101,000000 0,000000 0,000000
170 1675677878 4767,800000 -1,000000 -101,000000 0,000000 0,000000
170 1675677879 7128,600000 -1,000000 -101,000000 0,000000 0,000000
170 1675677880 7128,600000 -1,000000 -101,000000 0,000000 0,000000
170 1675677881 7128,600000 -1,000000 -101,000000 0,000000 0,000000
170 1675677882 7128,600000 -1,000000 -101,000000 0,000000 0,000000
170 1675677883 7128,600000 -1,000000 -101,000000 0,000000 0,000000
170 1675677884 4114,800000 -1,000000 -101,000000 0,000000 0,000000
170 1675677885 4114,800000 -1,000000 -101,000000 0,000000 0,000000
170 1675677886 4114,800000 -1,000000 -101,000000 0,000000 0,000000
170 1675677887 4114,800000 -1,000000 -101,000000 0,000000 0,000000
170 1675677888 4114,800000 -1,000000 -101,000000 0,000000 0,000000
170 1675677889 8002,400000 -1,000000 -101,000000 0,000000 0,000000
170 1675677890 8002,400000 -1,000000 -101,000000 0,000000 0,000000
170 1675677891 8002,400000 -1,000000 -101,000000 0,000000 0,000000
170 1675677892 8002,400000 -1,000000 -101,000000 0,000000 0,000000
170 1675677893 8002,400000 -1,000000 -101,000000 0,000000 0,000000
170 1675677894 3736,600000 -1,000000 -101,000000 0,000000 0,000000
170 1675677895 3736,600000 -1,000000 -101,000000 0,000000 0,000000
170 1675677896 3736,600000 -1,000000 -101,000000 0,000000 0,000000
170 1675677897 3736,600000 -1,000000 -101,000000 0,000000 0,000000
170 1675677898 3736,600000 -1,000000 -101,000000 0,000000 0,000000
170 1675677899 3165,000000 -1,000000 -101,000000 0,000000 0,000000
170 1675677900 3165,000000 -1,000000 -101,000000 0,000000 0,000000
170 1675677901 3165,000000 -1,000000 -101,000000 0,000000 0,000000
170 1675677902 3165,000000 -1,000000 -101,000000 0,000000 0,000000
170 1675677903 3165,000000 -1,000000 -101,000000 0,000000 0,000000
170 1675677904 4887,400000 -1,000000 -101,000000 0,000000 0,000000
170 1675677905 4887,400000 -1,000000 -101,000000 0,000000 0,000000
170 1675677906 4887,400000 -1,000000 -101,000000 0,000000 0,000000
170 1675677907 4887,400000 -1,000000 -101,000000 0,000000 0,000000
170 1675677908 4887,400000 -1,000000 -101,000000 0,000000 0,000000
170 1675677909 12835,600000 -1,000000 -101,000000 0,000000 0,000000
170 1675677910 12835,600000 -1,000000 -101,000000 0,000000 0,000000
170 1675677911 12835,600000 -1,000000 -101,000000 0,000000 0,000000
170 1675677912 12835,600000 -1,000000 -101,000000 0,000000 0,000000
170 1675677913 12835,600000 -1,000000 -101,000000 0,000000 0,000000
170 1675677914 8807,600000 -1,000000 -101,000000 0,000000 0,000000
170 1675677915 8807,600000 -1,000000 -101,000000 0,000000 0,000000
170 1675677916 8807,600000 -1,000000 -101,000000 0,000000 0,000000
170 1675677917 8807,600000 -1,000000 -101,000000 0,000000 0,000000
170 1675677918 8807,600000 -1,000000 -101,000000 0,000000 0,000000
170 1675677919 2354,200000 -1,000000 -101,000000 0,000000 0,000000
